"id_station","Year","Jan","Feb","Mar","Apr","May","Jun","Jul","Aug","Sep","Oct","Nov","Dec"
"1000005",1981,134.007974081039,135.774268295288,20.7347581672668,19.1988501548767,0.364760584703251,0.407785828748328,0.210944280984398,9.21544807434082,0.523067530538002,0.525607080439155,0.635306629564395,73.9539707965851
"1000005",1982,61.0523434925079,19.9668041610718,75.6434696102142,0.0926102536484451,0.184209244351196,0.534104355246358,0.159144540247114,0.0906941015508103,0.614363204956055,48.6882839927673,0.153590801239014,21.5027121734619
"1000005",1983,13.0552181053162,10.2905836830139,0.310607593258,0.572901551705068,0.644662676059193,0.535735675951317,0.215904392067781,0.225094180350129,1.1519310092926,2.30386201858521,0.602841452346699,7.67954006195068
"1000005",1984,125.944457015991,158.198525276184,114.809123926163,1.53590801239014,0.5843450223312,2.30386201858521,0.715435722881883,3.83977003097534,0.507896724117001,46.0772403717041,68.3479065513611,32.2540682601929
"1000005",1985,54.5247344398499,126.712411022186,28.4142982292175,0.153590801239014,0.25548462363782,0.271383537355668,0.61144103245906,0.692313872455125,0.401775534263537,46.0772403717041,71.4197225761414,62.2042745018005
"1000005",1986,119.800824966431,63.1258193092346,110.738967693329,8.44749406814575,0.267081349190626,0.421079000326135,0.671966197700902,3.83977003097534,0.0902558914996262,0.433677445738882,0.714888268172356,46.7683989772797
"1000005",1987,79.4832396411896,16.8949881362915,0.767954006195068,0.441033859234473,0.0564867792433153,0.315087666851644,15.3590801239014,0.14777038322778,0.644749450337376,19.9668041610718,6.14363204956055,0.383977003097534
"1000005",1988,104.441744842529,2.30386201858521,49.1490563964844,37.6297463035583,0.595440484484559,0.707551646048195,0.0704360794490947,0.378331505277971,0.330072276354906,0.757966530771073,0.329801578105588,0.270108568618397
"1000005",1989,87.5467567062378,56.06064245224,44.541332359314,49.9170104026794,0.570803729272152,0.0303518806172311,0.20054780891662,0.199293708303804,0.587359325550366,0.357218497110552,2.30386201858521,0.325217592659804
"1000005",1990,51.4529184150696,15.0518985214233,3.83977003097534,6.14363204956055,1.53590801239014,12.2872640991211,0.411700900599103,0.482940057213079,0.530668388784108,1.53590801239014,6.91158605575562,52.9888264274597
"1000005",1991,70.6517685699463,23.0386201858521,20.7347581672668,7.67954006195068,0.429917034923347,0.375861880490648,0.244802994755494,0.368694974454516,0.0195874901587111,1.53590801239014,3.83977003097534,0.767954006195068
"1000005",1992,0.603967045293273,2.30386201858521,0.0831538588497914,0.218183647027687,0.563393234774154,0.378126680997799,0.159365197552909,0.219233051025834,0.751444593717197,5.37567804336548,20.7347581672668,41.4695163345337
"1000005",1993,NA,NA,NA,NA,NA,NA,NA,NA,NA,NA,NA,NA
"1000005",1994,NA,NA,NA,NA,NA,NA,NA,NA,NA,NA,NA,NA
"1000005",1995,NA,NA,NA,NA,NA,NA,NA,NA,NA,NA,NA,NA
"1000005",1996,47.9971253871918,20.7347581672668,40.1639945240021,0.0339800918375221,0.252639796731557,0.731031929890989,0.0680342257331418,0.495839186354874,0.455401097854542,0.0773857327716496,14.5143307170868,23.3458017883301
"1000005",1997,115.807464134216,86.8555981006622,2.76463442230225,0.75152262952414,0.207356057317471,0.679306332056823,0.163606438135274,21.5027121734619,11.1353330898285,0.296479322645645,0.695300570244298,32.2540682601929
"1000005",1998,99.4500438022613,20.3507811641693,6.91158605575562,0.0446435323193335,0.120334181188956,30.7181602478027,0.0129211147864091,0.434665575123252,0.662030567702583,0.404101340464415,0.508433324219113,1.53590801239014
"1000005",1999,18.4308961486816,89.850618724823,72.1876765823364,6.14363204956055,0.451689068509796,0.684713471230065,0.211787336047269,0.45530325637191,0.662175363985066,NA,0.262719166285296,9.29224347496033
"1000005",2000,55.8302562503815,63.2026147098541,45.3860817661285,7.44915386009216,2.15027121734619,0.602834923704524,0.760775762425207,0.2240290121656,0.921544807434082,3.91656543159485,0.0956471595621576,11.519310092926
"1000005",2001,131.704112062454,125.253298410416,79.3296488399506,8.83147107124329,3.22540682601929,0.249797153906695,0.570941903934784,3.07181602478027,1.53590801239014,8.83147107124329,3.07181602478027,13.4391951084137
"1000005",2002,52.4512586231232,84.8589176845551,69.1158605575561,21.1187351703644,3.83977003097534,7.67954006195068,12.9016273040771,0.4453356197022,1.53590801239014,9.59942507743835,16.511011133194,14.5911261177063
"1000005",2003,65.2760905265808,36.0938382911682,40.7015623283386,14.5911261177063,15.3590801239014,0.451710739460733,4.60772403717041,0.673016852427612,0.579797738035494,1.53590801239014,21.5027121734619,26.1104362106323
"1000005",2004,93.6903887557983,69.4998375606537,24.5745281982422,1.53590801239014,0.573579803298533,0.675012847138785,29.1822522354126,9.59942507743835,0.0682361276533946,0.378585960505871,0.724915449713439,31.3325234527588
"1000005",2005,42.2374703407288,56.06064245224,9.98340208053589,9.21544807434082,0.219637089813779,0.322332470479826,0.127118242519879,0.710742445573705,0.0396616181494291,0.467868123790518,2.30386201858521,6.14363204956055
"1000005",2006,75.2594926071167,38.3977003097534,33.4059992694855,3.83977003097534,0.697902185784696,0.171343482394536,0.669744804537605,0.227671299848626,0.363049633802987,0.689241100223594,2.30386201858521,0.0298871055920229
"1000005",2007,42.2374703407288,19.1988501548767,32.2540682601929,0.286190110520406,0.767356600658843,0.719473229526146,0.198263132106505,0.348344299203364,0.0584808409128165,0.734462251177802,0.0442129074585844,0.646105814951806
"1000005",2008,58.6716860733032,16.1270341300964,3.83977003097534,0.170418955820741,0.122100640656578,0.0529543049916917,0.693090961286385,6.14363204956055,0.0805244025743539,0.567927597497159,0.569440398662859,16.1270341300964
"1000005",2009,2.30386201858521,24.9585052013397,22.270666179657,0.115221406302361,0.516777661475367,0.300265788130798,0.485520298794698,0.17080707611512,0.228450305450464,0.433927406747706,0.0436346481717526,0.0225244346987492
"1000005",2010,29.4126384372711,12.2872640991211,3.83977003097534,1.53590801239014,0.422908653860161,0.593905172171564,0.372743341785503,0.278935100804109,0.578804351121078,0.162070193899868,0.738824013895553,18.4308961486816
"1200002",1981,NA,NA,NA,3.08276348114014,0.263023559042149,0.330592671262324,0.388473844575761,0.360232509570461,0.383265421209348,0.306934762584088,2.2019739151001,44.920267868042
"1200002",1982,47.1222417831421,11.4502643585205,15.8542121887207,0.0776694265094418,2.64236869812012,0.109918801780695,0.248465030434735,0.341603322131804,4.4039478302002,11.0098695755005,11.8906591415405,3.52315826416016
"1200002",1983,4.18375043869019,3.08276348114014,7.92710609436035,0.313328651704819,0.284481147475166,0.157034193176259,0.0604515750318677,0.156721023856909,1.32118434906006,0.255082469956075,0.437043902289773,4.4039478302002
"1200002",1984,69.1419809341431,75.3075078964233,62.5360591888428,2.2019739151001,0.354536370440913,4.4039478302002,0.127968297100094,2.64236869812012,0.303630671207884,16.9551991462708,29.7266478538513,3.52315826416016
"1200002",1985,15.4138174057007,97.7676418304443,21.799541759491,4.84434261322022,0.129966594056776,0.371419812489249,0.205825836879356,0.0595569328262199,0.44039478302002,0.035231512948981,25.5428974151611,36.7729643821716
"1200002",1986,89.840535736084,45.052386302948,28.3173845481873,1.76157913208008,0.391607294337478,0.113521219367186,0.880789566040039,3.96355304718018,0.434178810029675,0.405981877615339,3.08276348114014,27.7448713302612
"1200002",1987,50.6454000473022,28.1852661132813,3.52315826416016,0.201427205096598,2.64236869812012,3.08276348114014,47.5626365661621,0.402082843014496,0.195028203153451,2.64236869812012,2.2019739151001,0.254162757971158
"1200002",1988,52.8473739624023,0.141564221302466,7.48671131134033,10.1290800094605,0.110525018377327,0.437679527125639,0.425527866412254,0.195566912406599,0.880789566040039,0.137981731757282,0.26043908878218,13.8724356651306
"1200002",1989,46.153373260498,62.1837433624268,7.66286922454834,5.63705322265625,0.335959918705246,2.64236869812012,0.0880789566040039,0.376130494088016,0.159450885793883,0.0071837132887177,0.193556271279847,0.24550636469596
"1200002",1990,21.1829890632629,18.4965808868408,36.5527669906616,11.0098695755005,7.48671131134033,8.80789566040039,0.422250890128853,0.112610068229861,0.0536321560054605,0.0880789566040039,10.5694747924805,59.0129009246826
"1200002",1991,73.9863235473633,25.1025026321411,47.5626365661621,6.60592174530029,0.114957814699191,0.24204978513178,0.402257120605215,0.00405824114185704,0.30613932992789,0.172356023319959,7.48671131134033,0.348016719300648
"1200002",1992,0.044039478302002,0.44039478302002,0.15920714567652,0.431508935445749,0.0368938912284236,0.337502720636394,0.0880789566040039,0.0748376905886586,0.278216639123918,0.0284721158307262,7.61882974624634,83.6750087738037
"1200002",1993,121.108565330505,9.24829044342041,76.6286922454834,0.0709029228315499,0.300013136122244,0.880789566040039,0.330650972592891,17.1753965377808,0.0137502970277746,9.68868522644043,0.0808696124308522,15.8542121887207
"1200002",1994,50.2050052642822,92.9232992172241,11.0098695755005,6.16552696228027,0.15961008587504,0.333336716992875,0.389610728827345,0.295998499215149,0.333270431177446,0.223999974817485,0.0483626877152476,32.5892139434814
"1200002",1995,43.8192809104919,0.0668438501113727,57.0311244010925,7.17843496322632,0.22019739151001,0.0763459758672652,NA,0.360070636749415,NA,0.155086033829905,NA,9.68868522644043
"1200002",1996,25.9392527198791,44.259675693512,8.36750087738037,2.2019739151001,0.0336325922983789,0.129634515610271,0.326137947727449,0.326276488675633,0.399940533611386,0.152745673334628,5.10857948303223,3.08276348114014
"1200002",1997,NA,NA,NA,2.2019739151001,2.2019739151001,0.0763177051779551,0.019618948874299,7.48671131134033,3.96355304718018,0.171903489677098,0.14389787113501,3.52315826416016
"1200002",1998,48.0030313491821,5.28473739624024,1.10098695755005,0.0393094398362666,0.244674525007699,17.6157913208008,0.289661313892281,0.147682074100706,0.409544507614201,0.386639534453717,0.0202020096547848,0.20035643121895
"1200002",1999,20.6985548019409,84.1154035568237,60.3340852737427,9.68868522644043,0.263547971915654,0.262958368633773,0.165768015313843,0.210472345855986,0.124117894040235,NA,0.21324784965095,24.6621078491211
"1200002",2000,88.0789566040039,84.5557983398438,44.479873085022,4.4039478302002,0.172952956385398,0.362508768399483,7.92710609436035,0.102763521908142,0.296838364710844,8.80789566040039,0.434147882801385,14.0926330566406
"1200002",2001,68.349270324707,88.2991539955139,48.6636235237122,25.9832921981812,0.0538041640333507,0.103503473012295,0.371655368276356,4.4039478302002,0.164707643650431,0.229674125826807,0.138009275764032,0.280689659432218
"1200002",2002,8.80789566040039,16.7350017547607,34.7911878585815,0.880789566040039,0.0575263416126204,0.357712864583184,7.92710609436035,0.266977093809575,0.296833439942022,1.76157913208008,3.52315826416016,1.32118434906006
"1200002",2003,5.72513217926025,11.8906591415405,36.3325695991516,1.40926330566406,8.36750087738037,0.393008901755048,1.32118434906006,0.880789566040039,0.0696022718931267,0.427936420226227,0.0389026178793651,1.54138174057007
"1200002",2004,38.3143461227417,36.9931617736816,7.48671131134033,0.348095522164204,0.233140355903538,0.371346390480875,2.64236869812012,3.08276348114014,0.334159649359666,0.178731695646065,0.405650154666002,6.38572435379028
"1200002",2005,18.7167782783508,27.3044765472412,9.24829044342041,3.96355304718018,0.284363354970033,0.279120272834241,0.241272398135285,0.123829746102501,3.21488191604614,0.26330541374691,0.0849701745518999,1.76157913208008
"1200002",2006,32.5892139434814,20.6985548019409,31.7084243774414,1.32118434906006,0.353937024875508,0.429978896857564,0.10876906846488,0.152205708921158,0.107013934134918,0.0746571077680894,0.388842617159051,3.52315826416016
"1200002",2007,42.2778991699219,34.7911878585815,19.8177652359009,0.0924847654716223,0.0825598919573496,0.353383189715146,0.0752324647085789,0.049007687443131,0.0792777769095699,0.252547402318345,0.19186640436385,4.84434261322022
"1200002",2008,40.8245963859558,16.7350017547607,13.2118434906006,0.229289664405971,0.0738125044292531,0.217283918720484,0.0613317697177435,3.52315826416016,0.303542198144596,0.114801935496834,0.293427148410537,10.5694747924805
"1200002",2009,8.36750087738037,34.1305956840515,21.1389495849609,0.018388487350153,0.136995891659458,0.0789785861039201,0.0414559213836765,0.226170419457997,0.173156986125794,0.275518694823988,0.0115764581942211,0.150262449632112
"1200002",2010,2.2019739151001,6.16552696228027,1.76157913208008,0.0099262278282625,0.127970811419699,0.241292975648488,0.0844189924442457,0.267753417903374,0.348984378389399,0.338351523291943,0.431952871840241,10.1290800094605
"1200003",1981,42.3026399612427,69.9511596679688,23.276572227478,7.28657913208008,0.0701037459298917,0.217670220835892,0.0371207118713359,2.5098217010498,0.161923980712891,0.109404022262059,0.0117835331472844,43.5170698165894
"1200003",1982,47.3627643585205,13.3587284088135,12.9539184570312,0.195312987917808,0.169518614955212,0.0783652365912152,0.376044343704189,0.260317001412129,0.404809951782227,5.06012439727783,4.45290946960449,14.9779682159424
"1200003",1983,2.42885971069336,2.02404975891113,0.283366966247559,0.268502256401022,0.288010459859897,0.367029535289362,0.076870035567952,0.350138608513801,0.347498706316331,0.116098926820934,0.0377716560371977,3.44088459014893
"1200003",1984,66.9555660247803,45.3387145996094,26.3126468658447,1.61923980712891,0.035300147296506,2.63126468658447,0.083097797761128,3.84569454193115,0.252011339098248,18.4998147964478,14.5731582641602,1.21442985534668
"1200003",1985,4.45290946960449,61.3287076950073,18.6212577819824,2.42885971069336,0.357980190620461,0.135867691700168,0.0630247165920369,0.270626267506761,0.0211252832718731,0.184567595958825,16.1923980712891,22.0621423721313
"1200003",1986,32.182391166687,15.5851831436157,14.5731582641602,4.85771942138672,1.61923980712891,0.37001763871417,0.0312312671525694,3.0360746383667,0.233013147187009,0.38553408593391,1.41683483123779,26.717456817627
"1200003",1987,44.1242847442627,5.01964340209961,0.118051926804611,0.00667815981409258,0.809619903564453,1.41683483123779,4.45290946960449,0.11474635335252,0.273840200618872,3.0360746383667,0.202404975891113,0.0273345008809871
"1200003",1988,47.9699792861938,1.61923980712891,10.9298686981201,0.445290946960449,0.401032929206162,0.0756923208775954,0.169437621904923,0.322320046815597,0.404809951782227,0.0995037990501406,0.0241011765176466,5.66733932495117
"1200003",1989,33.1944160461426,40.0761852264404,7.08417415618896,4.85771942138672,0.206023987734273,0.404809951782227,0.404809951782227,0.14107608952643,0.40377796874741,0.16782615348862,0.355044916474768,0.232390677258941
"1200003",1990,12.3062225341797,6.0721492767334,9.31062889099121,4.04809951782227,0.809619903564453,8.50100898742676,0.317067678565143,0.23328228263226,0.380602927730764,0.809619903564453,1.61923980712891,25.7054319381714
"1200003",1991,31.1703662872314,14.5731582641602,22.6288763046265,3.64328956604004,0.404809951782227,0.202404975891113,0.275371477599521,0.130796467338918,0.121474042300541,0.809619903564453,2.42885971069336,3.23847961425781
"1200003",1992,15.5851831436157,0.121442985534668,0.349033652062372,0.240257610181011,0.0458207901692199,0.379968158743873,0.141645402649121,0.39481480109194,0.379896604105049,1.01202487945557,5.06012439727783,11.3346786499023
"1200003",1993,54.6493434906006,0.0705029526570187,27.3246717453003,0.252767440872103,0.20950179551298,0.281651049923189,0.223213860782782,9.51303386688232,0.266686802932413,2.83366966247559,0.313660725979967,21.6573324203491
"1200003",1994,29.5511264801025,31.7775812149048,7.20561714172363,4.45290946960449,0.253805844741179,0.221198491127685,0.152960153160336,0.0268747804960068,0.0734414600288638,0.110445501390664,0.391721331950366,22.9932052612305
"1200003",1995,9.71543884277344,0.219223175059699,29.1463165283203,4.85771942138672,1.21442985534668,0.285699275742678,0.232639387506749,0.387439479904764,0.12890615918055,0.404809951782227,0.217807696096326,4.45290946960449
"1200003",1996,23.4384962081909,32.3847961425781,5.66733932495117,0.160388130673911,0.311217319840796,0.165066303256945,0.367170627665002,0.257740630638224,0.110992757056977,0.345528163837575,3.64328956604004,1.21442985534668
"1200003",1997,90.6774291992188,66.3888320922852,15.7875881195068,0.369350033122436,0.0666627258066425,0.00944539206356996,0.361029931283142,6.67936420440674,8.50100898742676,0.244614142078611,0.809619903564453,0.0144850048153224
"1200003",1998,94.3207187652588,0.404809951782227,0.343102793226541,0.357145421185649,0.0235384828185197,17.6092329025269,0.211547422374012,0.115389787883152,0.177029117399459,0.201742968689276,9.71543884277344,16.5972080230713
"1200003",1999,45.3387145996094,137.635383605957,NA,0.120891772238939,0.312391611669651,0.19376345598999,0.167951235438068,0.0705384198396923,0.00602725947548601,NA,0.216365764321269,15.7875881195068
"1200003",2000,NA,79.7475605010986,53.0301036834717,0.296697343703422,0.192207954978523,0.013832333007338,0.0378574205089173,0.315493800267201,0.0691907972488243,2.02404975891113,0.0480135573785996,1.21442985534668
"1200003",2001,32.5872011184692,83.1884450912476,36.2304906845093,8.90581893920898,0.357990239785934,0.163402129880127,0.287367453234079,6.0721492767334,0.167013464696217,0.308219990825902,0.111512334162244,2.42885971069336
"1200003",2002,31.7775812149048,38.0521354675293,35.0160608291626,0.0404809951782227,0.230633103194521,1.61923980712891,8.09619903564453,0.0736055512514721,0.20388835561976,0.809619903564453,2.83366966247559,8.09619903564453
"1200003",2003,8.90581893920898,13.7635383605957,29.5511264801025,0.404809951782227,4.04809951782227,0.139707360671999,0.809619903564453,0.404809951782227,0.0521805187724858,0.159632979904367,0.0686108715212384,1.21442985534668
"1200003",2004,17.4068279266357,42.909854888916,3.64328956604004,0.404809951782227,0.164147304718127,0.0723340573568313,6.88176918029785,1.21442985534668,0.0410717366618128,0.161220943622351,0.085226184334967,5.66733932495117
"1200003",2005,26.717456817627,45.7435245513916,17.4068279266357,3.64328956604004,0.0374680970634591,0.397651927257153,0.263679606375962,0.360694746279324,5.66733932495117,0.293756549302874,0.404809951782227,14.5731582641602
"1200003",2006,40.4809951782227,33.1944160461426,58.9403289794922,1.21442985534668,0.38407631677963,0.343594541532817,0.0455841030099064,0.404800528828115,0.213915802190239,2.42885971069336,0.259182521884851,6.47695922851562
"1200003",2007,43.3146648406982,24.2885971069336,17.811637878418,0.404809951782227,0.250244572714756,0.20591098825218,0.353137211912172,0.0895265684290925,0.041446895703917,0.40049450741795,2.42885971069336,7.6913890838623
"1200003",2008,29.9559364318848,21.454927444458,25.5030269622803,0.209766441350764,0.385663532889468,0.303279802982916,0.302921403483184,2.02404975891113,0.22723489918924,0.0395091168788309,0.193912968099733,8.50100898742676
"1200003",2009,10.1202487945557,52.6252937316895,18.6212577819824,8.09619903564453,0.367864900680591,0.019519843506584,0.220835523979697,0.113233678449751,0.194041220691898,0.113329998786565,0.316441463056171,0.809619903564453
"1200003",2010,0.356720597663513,23.4789772033691,6.0721492767334,2.02404975891113,0.404809951782227,0.256968874522844,0.0594982648014505,0.174464574517821,0.322664426023529,0.809619903564453,0.228297089287842,11.3346786499023
"1201010",1981,21.7875982666016,24.2448461914063,8.84609252929688,4.91449584960938,0.299211231634864,0.247730410266338,0.244863839864499,0.982899169921875,0.18700213068844,0.0425128598559502,0.0611394424376046,13.4329553222656
"1201010",1982,8.51845947265625,4.91449584960938,5.24212890625,0.184237460130331,0.097648519191533,1.3105322265625,0.186444863350638,0.0727323833721525,3.60396362304688,1.63816528320313,3.27633056640625,6.06121154785156
"1201010",1983,5.40594543457031,0.138139009053721,0.65526611328125,0.0795100147949602,0.314357953162361,0.184824373336431,0.183578710522025,0.491449584960937,3.27633056640625,0.0110989616479566,0.167427937374989,1.63816528320313
"1201010",1984,17.0369189453125,71.5878228759766,25.7191949462891,0.491449584960937,0.0104280020276303,4.58686279296875,0.211852390097613,0.0863068472630234,0.0141573059487189,9.1737255859375,2.45724792480469,1.3105322265625
"1201010",1985,9.99280822753907,64.2160791015625,17.6921850585938,2.621064453125,0.0385396070469867,0.322353942351889,0.0373244569047839,0.310974738493226,0.65526611328125,0.166990013975761,6.06121154785156,13.105322265625
"1201010",1986,38.6607006835938,31.4527734375,17.3645520019531,0.982899169921875,0.279517585450693,0.125636738874439,0.235865063598979,0.229343139648437,0.182708412321265,0.193318074493063,1.3105322265625,NA
"1201010",1987,50.3899641113281,13.9899315185547,1.63816528320313,0.265752269083443,0.327633056640625,0.244615653226266,19.9856164550781,0.208454484616511,0.306010107801194,NA,0.982899169921875,0.0914902503965074
"1201010",1988,38.0054345703125,0.0826065036547733,5.56976196289063,5.89739501953125,0.275707788835936,0.0993882119444524,0.0369054427682774,0.172957416487181,0.0131426570163888,0.258822898613886,0.0884533146189021,9.50135864257813
"1201010",1989,38.6607006835938,51.7660229492188,8.51845947265625,7.863193359375,0.0784046098994962,1.96579833984375,0.65526611328125,0.302230587762708,0.025770882201779,0.309968076468897,0.112071354340634,0.0875461798839572
"1201010",1990,12.7776892089844,9.1737255859375,20.3132495117188,0.982899169921875,1.3105322265625,8.51845947265625,0.0602088597530847,0.0358246914754474,0.15896438410518,0.0523275450661886,3.44014709472656,31.4527734375
"1201010",1991,51.1107568359375,7.53556030273438,40.364392578125,0.200103363128679,0.287112014439066,0.0982899169921875,0.20857729111744,0.151015621349109,0.188837173777949,1.63816528320313,1.3105322265625,0.0744084434271978
"1201010",1992,9.46859533691406,0.277629615526832,0.317683661804009,0.21196731999578,0.160024181292776,0.0589996383268435,0.218475438719138,0.105945108468952,0.171593890387532,0.307438015545364,3.60396362304688,19.6579833984375
"1201010",1993,37.3501684570313,0.491449584960937,14.4158544921875,0.200544073985575,0.327633056640625,0.25831586051416,0.201910982702979,19.1010072021484,0.0487120236704317,1.96579833984375,0.0106856177042721,13.4329553222656
"1201010",1994,25.8830114746094,36.7276656494141,7.53556030273438,5.24212890625,0.14357610584889,0.00624116417483152,0.226603588385516,0.188362907777061,0.186861198656491,0.0446191201126062,0.149553124139541,12.1224230957031
"1201010",1995,21.2961486816406,0.0276961182857676,35.3843701171875,4.25922973632813,0.0733266760446021,0.199967218161082,NA,0.326976350730587,0.171046924308138,0.00719827015869468,NA,6.88029418945313
"1201010",1996,18.6750842285156,24.4086627197266,7.53556030273438,NA,0.159365084062769,0.260433869499442,0.152596087572179,0.121179056954722,0.30306343992799,0.250926609265923,0.982899169921875,2.94869750976563
"1201010",1997,50.1278576660156,11.4671569824219,10.1566247558594,0.65526611328125,0.65526611328125,0.276006953658891,0.110544667643463,4.91449584960938,3.60396362304688,0.28856157450691,0.137511339892102,0.65526611328125
"1201010",1998,35.5481866455078,0.103507651540885,0.305500292999707,0.060792177435534,0.142400804504586,10.4842578125,0.13384783998864,0.0142809154809513,0.214211317399131,0.0134458969543129,0.0228479581799667,2.22790478515625
"1201010",1999,25.8830114746094,38.0054345703125,37.0225354003906,1.96579833984375,0.267764695891272,0.216874111303546,0.0688840206584018,0.0167604022146122,0.0127830609411521,NA,0.0132829251572542,0.0761017376462277
"1201010",2000,34.7291040039063,20.3132495117188,8.19082641601562,0.191439271956868,0.000355503338891198,0.131753968932808,0.239572531278043,0.00591395138390281,0.181077416610169,0.0547840596274417,0.178686904554948,0.00498529362499511
"1201010",2001,28.831708984375,40.9541320800781,28.1764428710938,7.20792724609375,0.130055152357439,0.129156566126056,0.293992329742437,1.3105322265625,0.0151438812056995,0.289614760550688,0.00173221968730985,2.29343139648438
"1201010",2002,0.65526611328125,4.91449584960938,8.51845947265625,0.982899169921875,0.185687373769951,0.162694376556766,5.17660229492188,0.0922052813847706,0.00783080938058646,0.982899169921875,1.3105322265625,0.982899169921875
"1201010",2003,3.37462048339844,1.96579833984375,23.2619470214844,0.177891597059083,2.94869750976563,0.187062222786434,1.63816528320313,0.319503025072256,0.206656916244894,0.0777652042908166,0.269535090498272,0.327633056640625
"1201010",2004,14.8417774658203,22.6066809082031,1.63816528320313,0.107369577603633,0.31208942726052,0.267659975940743,3.27633056640625,2.621064453125,0.0542544738702902,0.00457575116910305,0.263496424012394,1.63816528320313
"1201010",2005,11.7947900390625,20.4770660400391,2.621064453125,2.29343139648438,0.297325615194596,0.0344225011768462,0.193099455380471,0.313234409004933,0.0679647232831893,0.278366761113843,0.193633411544144,1.96579833984375
"1201010",2006,19.6579833984375,13.4329553222656,19.0027172851563,0.210888524523184,0.0395561287273464,0.215833674516425,0.132501384578473,0.277050051807856,0.016997190644675,0.149964008566241,0.243792708012484,5.20936560058594
"1201010",2007,26.8659106445313,11.1395239257813,16.0540197753906,0.274123730598234,0.130438682839041,0.13754217524146,0.0429177090755991,0.0892268435427026,0.0235763221425208,0.108792999143664,0.281107003867043,0.295096029483657
"1201010",2008,29.7490815429688,1.96579833984375,14.0882214355469,0.266820836681892,0.24277732661064,0.18604512318595,0.0349877876140821,1.3105322265625,0.259953656245821,0.30659180332532,0.281589289425062,3.9315966796875
"1201010",2009,3.9315966796875,33.0909387207031,22.2790478515625,0.149355639388949,0.317686748748796,0.137146767341786,0.170539737227684,0.0659004147183193,0.217682864672565,0.199864939877312,0.0249562316979666,0.156546412147752
"1201010",2010,8.19082641601562,2.621064453125,0.0571865745100132,0.110223200565542,0.148604116360599,0.234759402468865,0.0305527094960905,0.0348386820095924,0.307304424227992,0.24175140724419,0.18273553367945,5.89739501953125
"1001005",1981,36.4360414123535,73.1424801635742,46.3731436157227,17.981423034668,0.336939368813164,0.0977820331128255,0.635031424891102,10.8158935546875,10.8158935546875,0.157210264184597,1.35198669433594,29.0677139282227
"1001005",1982,105.454962158203,62.1913879394531,42.249584197998,1.35198669433594,0.468140579116906,0.394638904898978,0.65089761022121,0.0257968298589613,4.05596008300781,21.293790435791,27.2425318908691,5.74594345092773
"1001005",1983,0.295014081790029,16.8998336791992,11.8974829101563,0.493549950719782,0.0702649011944989,0.470784085001503,0.271758159816449,1.35198669433594,0.0208346464625148,0.165142332149255,0.28687844368595,15.5478469848633
"1001005",1984,85.3103604125977,89.2311218261719,79.9024136352539,1.35198669433594,0.253913644195101,0.0340562605218061,0.0230942758600001,3.37996673583984,0.0155780041027523,19.0630123901367,51.4430937194824,6.96273147583008
"1001005",1985,36.5712400817871,139.93062286377,63.1377786254883,16.2238403320313,0.528157481639491,0.138771887112353,0.295593621673751,0.302590444383416,1.35198669433594,0.524176644391875,30.5548992919922,87.203141784668
"1001005",1986,57.7974311828613,49.8883090209961,83.8231750488281,7.77392349243164,1.28438735961914,0.486083261996232,0.475929786958277,12.1678802490234,0.296515053108053,0.439171673146544,4.05596008300781,81.4571983337402
"1001005",1987,211.04512298584,69.2893180847168,12.1678802490234,3.37996673583984,0.177386239434148,0.661693192069436,143.986582946777,0.511425703767256,0.195017301487563,6.75993347167969,0.601570668834926,1.35198669433594
"1001005",1988,82.1331916809082,11.3566882324219,74.6296655273437,38.8696174621582,0.55461384521939,0.310051922331144,0.609827665273623,0.432774422225697,0.135198669433594,0.540794677734375,0.311764968935655,28.1889225769043
"1001005",1989,72.2636888122559,48.8067196655273,78.3476289367676,14.1282609558105,0.608774779439644,5.61074478149414,0.255060439047413,0.288557879550878,0.481706436792319,0.534107499196396,0.141529684432289,0.624600971313767
"1001005",1990,NA,9.46390686035156,28.5269192504883,10.6130955505371,4.05596008300781,21.9021844482422,1.96038070678711,0.194275120615643,0.252591118379552,13.9254629516602,15.4126483154297,113.837279663086
"1001005",1991,NA,NA,NA,NA,NA,NA,NA,NA,NA,NA,NA,NA
"1001005",1992,NA,NA,NA,NA,NA,NA,NA,NA,NA,NA,NA,NA
"1001005",1993,NA,NA,NA,NA,NA,NA,NA,NA,NA,NA,NA,NA
"1001005",1994,53.4034744262695,87.203141784668,17.643426361084,0.405596008300781,3.37996673583984,0.034655962945957,0.19460793883416,0.151550561617931,0.566518796471263,0.187007096910889,0.330033261481448,39.8836074829102
"1001005",1995,NA,NA,NA,NA,NA,NA,NA,NA,NA,NA,NA,NA
"1001005",1996,NA,NA,NA,NA,NA,NA,NA,NA,NA,NA,NA,NA
"1001005",1997,119.65082244873,166.970356750488,25.7553465270996,1.35198669433594,1.35198669433594,0.562779253384294,0.232300843825065,64.895361328125,0.502840346293131,0.558286893978078,9.46390686035156,26.3637405395508
"1001005",1998,136.280258789062,30.4197006225586,4.73195343017578,0.251322375287533,0.0952047753954747,20.2798004150391,0.196808584962771,0.373373269025171,0.0920373708350199,0.429932898518069,8.78791351318359,51.3754943847656
"1001005",1999,6.75993347167969,77.0632415771484,226.45777130127,8.11192016601563,0.15099272624373,0.267369043401726,0.535398432666936,0.018536717776168,0.137425824902189,5.40794677734375,0.530431672154722,26.3637405395508
"1001005",2000,167.646350097656,121.678802490234,46.6435409545898,0.0225774890975245,2.70397338867188,0.212853259865105,0.470672686745286,0.430708800461339,0.160504139485513,6.75993347167969,0.202798004150391,31.0956939697266
"1001005",2001,171.702310180664,187.250157165527,72.3312881469727,21.631787109375,0.112629887385549,0.188273322203626,0.638597799198652,0.237912535861167,0.276052999702598,0.327433014778741,0.438712490269751,76.3872482299805
"1001005",2002,18.2518203735352,67.5993347167969,90.5831085205078,6.08394012451172,0.442680048986752,8.11192016601563,12.1678802490234,0.52472323111965,0.206741301871644,0.370774557051525,0.41767620486724,6.75993347167969
"1001005",2003,17.5758270263672,29.0677139282227,62.1913879394531,2.02798004150391,3.37996673583984,0.452833357189221,11.1538902282715,2.02798004150391,0.437822004299477,0.372255343951637,0.171887481799852,31.0280946350098
"1001005",2004,125.734762573242,81.7951950073242,24.2681611633301,1.68998336791992,0.121935026493934,0.549537931017788,16.629436340332,11.6946849060059,0.414910061208732,0.411543903962157,0.381861329146714,13.5198669433594
"1001005",2005,100.047015380859,171.026316833496,26.7017372131348,31.0956939697266,0.286303946640822,0.281166501623983,0.435342767937751,0.447076166353521,0.668364671577232,0.440602601891802,0.140642761658736,97.3430419921875
"1001005",2006,131.751103363037,26.3637405395508,103.426982116699,18.2518203735352,0.44657712348913,0.511389243603519,0.447523060065598,0.068303761883366,0.113339777406914,1.35198669433594,0.275548574505142,46.6435409545898
"1001005",2007,98.6950286865234,31.7716873168945,92.9490852355957,0.222636447323518,0.00363239992255622,0.362353263074188,0.598719397055876,0.561309903843576,0.638642194907929,0.345384374991943,11.4918869018555,0.371831766285421
"1001005",2008,145.473768310547,54.4174644470215,16.8998336791992,0.454327433794777,0.435944078278227,0.61890926718298,0.647963339677525,11.4918869018555,0.0874119363640521,0.459382273054723,0.382106865020847,75.9140528869629
"1001005",2009,35.5572500610352,176.028667602539,45.6295509338379,23.6597671508789,0.117758772482919,0.126828047610881,0.438455132685042,0.253224035072923,0.66732732757034,0.458813970327814,42.587580871582,32.9884753417969
"1001005",2010,63.6785733032227,63.4757752990723,50.0911070251465,5.27274810791016,0.159125263726076,0.523988243847542,0.536890769146914,0.148958705323546,0.629927347915434,0.527931344325183,0.286162458503305,0.160516885559106
"1020014",1981,79.8341529312134,110.280569778442,53.3163059997559,16.6964221420288,0.256439202315433,0.0117285293503772,0.469659675527298,10.4528020973206,4.06887598419189,0.360568359482583,5.89285487365723,50.8609498023987
"1020014",1982,80.1849181022644,29.1135091972351,47.7742162971496,21.8175936393738,0.561224273681641,0.317629795473732,0.449203534942117,0.701530342102051,12.2767809867859,42.0216674919128,30.6568759498596,15.0829023551941
"1020014",1983,6.31377307891846,8.41836410522461,13.4693825683594,0.210459102630615,0.353773317025865,1.19260158157349,0.00776191167661494,0.982142478942871,1.47321371841431,1.4030606842041,0.561224273681641,13.3992295341492
"1020014",1984,104.317561870575,141.638976070404,113.297150249481,3.64795777893066,1.26275461578369,5.68239577102661,0.104334560118548,1.3329076499939,0.511006542945095,31.9897835998535,46.9323798866272,15.5739735946655
"1020014",1985,49.5280421524048,150.057340175629,84.3941001548767,37.9527915077209,0.609741881509911,0.701530342102051,0.375847250186177,0.618477614061535,7.15560948944092,0.144434906755651,82.5701212654114,104.808633110046
"1020014",1986,103.124960289001,130.344337562561,85.5867017364502,25.7461635551453,4.06887598419189,0.0701530342102051,0.982142478942871,5.89285487365723,0.30824157724119,0.205909778833519,11.9961688499451,75.27420570755
"1020014",1987,143.6734140625,38.654321849823,11.2244854736328,3.08673350524902,2.735968334198,2.8061213684082,22.238511844635,0.119911124254808,0.588660511742679,12.8380052604675,NA,11.294638507843
"1020014",1988,149.215503765106,16.9770342788696,56.1224273681641,37.2512611656189,1.19260158157349,0.295382763487722,0.168427372426888,0.20993294779694,0.841836410522461,0.631377307891846,0.424830997981239,21.8175936393738
"1020014",1989,94.7767492179871,76.6071133575439,48.7563587760925,33.0420791130066,0.200994408710969,2.03443799209595,4.06887598419189,0.158895178164775,0.400149855554682,0.41524701535858,0.350765171051025,0.0935522705921786
"1020014",1990,77.5191028022766,23.7117255630493,27.6402954788208,9.40050658416748,7.71683376312256,18.3800949630737,0.205026917164233,0.178991482885524,0.0171754603291482,9.33035354995728,22.1683588104248,NA
"1020014",1991,100.809910160065,36.269118686676,62.3660474128723,17.6084115867615,2.10459102630615,1.61351978683472,0.631377307891846,0.20385396273111,0.65261970820896,3.71811081314087,14.8724432525635,1.82397888946533
"1020014",1992,76.6772663917542,15.4336675262451,0.580436749152874,0.701530342102051,0.554125631114262,0.411215743208831,0.158417356738656,0.701530342102051,0.512568437254935,5.61224273681641,14.2410659446716,47.3532980918884
"1020014",1993,140.656833591461,12.9783113288879,74.5025223312378,0.636905035135509,3.85841688156128,2.45535619735718,0.0880386801664031,47.3532980918884,0.552772124916741,11.2244854736328,20.6951450920105,110.841794052124
"1020014",1994,95.0573613548279,119.82138243103,30.9374880867004,13.67984167099,0.350765171051025,0.260792620631256,0.28936451524168,2.8061213684082,2.8061213684082,0.571135664102338,0.0741615716056606,34.7257519340515
"1020014",1995,42.4425856971741,23.8520316314697,61.7346701049805,11.5752506446838,1.75382585525513,0.258197507669585,0.171161057388303,0.614147596983405,0.513562602664777,0.665516841327856,4.2091820526123,24.2027968025208
"1020014",1996,78.2206331443787,69.3111977996826,40.3379946708679,0.511508135895613,0.693748743978442,0.340080681315814,0.331492152021243,2.31505012893677,0.496385057655784,0.184244035721758,30.1658047103882,34.3749867630005
"1020014",1997,142.761424617767,105.229551315308,25.9566226577759,8.06759893417358,4.2091820526123,0.351892110460106,0.347272388545323,16.8367282104492,19.6428495788574,0.0169320886984952,17.5382585525513,55.771662197113
"1020014",1998,124.311176620483,25.1147862472534,7.71683376312256,0.58005493227258,0.184559742949951,8.06759893417358,0.212426834631239,0.389509517322996,0.0525754006076081,0.530920064054278,7.36606859207153,36.4795777893066
"1020014",1999,46.6517677497864,146.619841499329,134.343060512543,15.4336675262451,0.25514260430058,0.398287262960178,1.4030606842041,0.0463741683345665,3.85841688156128,6.66453824996948,0.216186873158386,14.030606842041
"1020014",2000,125.644084270477,67.7678310470581,61.0331397628784,10.5229551315308,0.310658101595013,0.192304547609496,3.92856991577148,0.157537861460625,0.407781834819088,8.76912927627563,0.419364563003754,46.3010025787353
"1020014",2001,134.693825683594,161.001213512421,111.894089565277,44.8979418945313,0.0929153603101438,0.508713912896466,0.266894892108335,0.0891949382135862,0.0803136267989434,2.45535619735718,0.47794042666195,37.1811081314087
"1020014",2002,43.8456463813782,98.9157782363892,74.0114510917664,22.4489709472656,2.10459102630615,5.96300790786743,7.57652769470215,0.205073638787429,0.341973006609646,14.030606842041,14.7321371841431,17.5382585525513
"1020014",2003,66.2946173286438,38.9349339866638,31.9196305656433,0.701530342102051,14.7321371841431,0.471311484497879,11.2244854736328,1.75382585525513,0.584529834354919,0.407966516905451,0.343798349701057,28.061213684082
"1020014",2004,120.943830978394,57.5254880523682,20.3443799209595,4.55994722366333,0.245957076469236,0.427003375830071,10.8737203025818,17.8890237236023,0.245365032620108,0.459395108555356,0.194205898784668,18.5905540657043
"1020014",2005,65.5930869865417,134.343060512543,26.9387651367188,13.329076499939,0.492802585732114,0.293632543352745,2.8061213684082,0.564020578453221,9.47065961837768,0.330428873504549,0.298824079734944,22.7997361183167
"1020014",2006,114.559904865265,78.3609392127991,107.263989307404,22.0982057762146,0.19719763927812,0.58502142874773,0.114042811416548,0.0362016196503891,0.0779498593985889,2.10459102630615,18.5905540657043,6.38392611312866
"1020014",2007,80.6759893417358,29.9553456077576,65.9438521575928,1.4030606842041,0.31961754170757,0.496829038274546,0.0681332882142518,0.352731571816229,0.131365274260642,6.31377307891846,24.2027968025208,NA
"1020014",2008,NA,NA,NA,NA,NA,NA,NA,NA,NA,NA,NA,NA
"1020014",2009,NA,NA,NA,NA,NA,NA,NA,NA,NA,NA,NA,NA
"1020014",2010,NA,NA,NA,NA,NA,NA,NA,NA,NA,NA,NA,NA
"1202010",1981,25.2526135253906,23.307652130127,6.53634567260742,1.91307678222656,0.197249866706206,0.173356246153361,0.0262257400048615,0.159423065185547,0.0387060424180651,0.131676601146434,0.263789599141816,4.78269195556641
"1202010",1982,NA,0.414499969482422,6.53634567260742,0.262858179475907,0.0619654557428748,0.250957498085706,0.158233974979924,0.0482228204551463,1.78553833007813,2.55076904296875,0.0637692260742188,1.11596145629883
"1202010",1983,0.573923034667969,0.0153891785962724,3.44353820800781,0.301618766748913,0.0511049204860906,0.155756441135225,0.079644600898209,0.0841657286913669,0.275788179808182,0.102413743251778,0.297000615455247,4.46384582519531
"1202010",1984,30.8324208068848,24.4554981994629,16.0060757446289,0.573923034667969,0.0591885968937316,6.95084564208984,0.0306849816313385,1.59423065185547,0.290347227682968,10.0755377197266,5.73923034667969,2.10438446044922
"1202010",1985,7.77984558105469,34.116535949707,7.90738403320313,0.148616650889579,0.0628209896746383,0.0960309190077222,0.0287016758206747,0.264984708569779,0.446384582519531,0.00354549760321453,8.99146087646485,12.6263067626953
"1202010",1986,19.6090370178223,18.4293063354492,14.4756143188477,0.280245444128175,0.0455557352627454,0.21304045640986,0.27345542421803,5.1015380859375,0.187025240564116,0.178015803885441,0.573923034667969,9.59726852416992
"1202010",1987,32.4904206848145,9.37407623291016,0.0108398712719112,0.302341171051536,0.733346099853516,0.0289482990558952,0.0637692260742188,0.164430187964357,1.88119216918945,1.88119216918945,0.252780631232551,0.198152883980989
"1202010",1988,13.6147297668457,0.247639110037474,6.95084564208984,0.637692260742188,0.0784009208499326,0.0873378555237482,0.140804988529831,0.27530141958599,4.78269195556641,0.0946306247049272,0.00833870373363722,7.42911483764649
"1202010",1989,21.4264599609375,33.3831898498535,8.00303787231445,0.446384582519531,0.2543895953247,0.127538452148438,0.0686765689865395,0.103640735011499,0.0965613602203592,0.0173732971552518,0.0742740975902833,0.224647980937679
"1202010",1990,6.82330718994141,5.42038421630859,7.49288406372071,1.6898844909668,1.05219223022461,2.93338439941406,0.211541674056066,0.232403068650337,0.215008580500686,0.141033159304869,1.6898844909668,31.3744592285156
"1202010",1991,25.8903057861328,2.07249984741211,7.77984558105469,0.138397858896613,0.231140366074806,0.318771590630711,0.232369458523154,0.257101979654699,0.15820292677678,0.31179579039736,0.51015380859375,3.82615356445313
"1202010",1992,8.76826858520508,0.226993683115564,0.150591155960375,0.278322599502102,0.308869956741831,0.159423065185547,0.189126340538946,0.0823262535722701,0.164017724727069,0.227566171284743,1.14784606933594,20.9163061523438
"1202010",1993,41.099266204834,3.66673049926758,1.27538452148438,0.0647428577110057,0.264508527364139,0.256485591421247,0.154784663853354,8.44942245483399,0.223129163610382,0.00198618888461191,0.10868281012516,8.86392242431641
"1202010",1994,24.4554981994629,24.3917289733887,2.07249984741211,4.46384582519531,0.27938612603194,0.0980875409078296,0.179745042924589,0.0832014727463243,0.220499638035769,0.175517289137477,0.234246755911074,16.324921875
"1202010",1995,10.7132299804687,0.285696214572588,16.3886911010742,1.59423065185547,0.246449714123269,0.14063610228056,0.292017313299155,0.316742771582509,0.18124709906245,0.305190911034663,0.248438405616436,0.114240028327769
"1202010",1996,13.5828451538086,5.64357650756836,0.136534895959941,0.16175455673975,0.243133954886747,0.240290493955985,0.205322615331166,0.260082943525095,0.0907356162250499,0.0867534070073717,0.095882749228989,0.318846130371094
"1202010",1997,63.2909568786621,12.5944221496582,5.57980728149414,0.159873596342387,0.179316035715765,0.207973383643472,NA,1.59423065185547,3.50730743408203,0.150726503350128,0.00102617358827502,5.29284576416016
"1202010",1998,30.0990747070312,0.318846130371094,0.109075883509777,0.0539988590410706,0.114194471067601,2.23192291259766,0.110809288663532,0.151038558466776,0.163580113284113,0.271649974137545,0.14021672281345,10.0436531066895
"1202010",1999,7.65230712890625,50.2182655334473,48.974765625,0.0637692260742188,1.94496139526367,0.0900127378439884,0.292181215191954,0.0999493312687218,0.304945693479873,0.193728819330977,0.181273448425201,9.40596084594727
"1202010",2000,46.2326889038086,17.5365371704102,0.00221222318871774,0.233644510151599,0.165727137102156,0.0699040530870385,5.42038421630859,0.263274739193357,0.234383056951252,0.144783350110274,0.088135221530714,0.222716407507538
"1202010",2001,16.4205757141113,86.7261474609375,24.2323059082031,0.0773178669802225,0.146696099523299,0.143869877498031,0.215045899664345,1.11596145629883,0.222863891631956,0.173946896441229,0.0912944463918898,6.21749954223633
"1202010",2002,3.69861511230469,54.3632652282715,0.317552359993811,0.956538391113281,0.178346814344723,0.637692260742188,7.49288406372071,0.0603950502778376,0.0523759319061346,2.29569213867188,0.186530211808184,0.318846130371094
"1202010",2003,5.29284576416016,4.14499969482422,19.1307678222656,0.101239910784834,1.59423065185547,0.0746018439905651,0.956538391113281,0.127538452148438,0.208854738740665,0.220338444536904,0.164828172730328,0.129624941183179
"1202010",2004,20.5018061828613,33.4150744628906,0.924653778076172,0.0588336398312879,0.240279572112275,0.278161334512863,1.30726913452148,0.159423065185547,0.00109089197645638,0.182750666742918,0.246746199927921,0.382615356445313
"1202010",2005,26.2091519165039,15.4321527099609,4.4319612121582,0.0209247223721633,0.0515729842305898,0.116121475498123,0.172893965260117,0.0570042040989019,4.4319612121582,0.0120696106227825,0.223192291259766,5.73923034667969
"1202010",2006,7.84361480712891,22.9569213867188,18.3974217224121,0.0806691011811285,0.111689357379394,0.255409534848324,0.170494770019229,0.244866937111461,0.05595070589444,0.240983127973759,0.0400089331261448,2.80584594726563
"1202010",2007,9.72480697631836,10.776999206543,2.74207672119141,0.127538452148438,0.038919660484636,0.0447952199830242,0.0773977026503953,0.24328969284595,0.0759411950127184,0.134975640617849,0.137099714763415,1.84930755615234
"1202010",2008,41.4499969482422,2.23192291259766,NA,0.142904328787262,0.225741106264549,0.136927952047302,0.270257929066832,NA,0.312175260863603,0.290092264646343,0.20875189883371,3.82615356445313
"1202010",2009,0.414499969482422,14.5393835449219,NA,0.0171493532208089,0.13003484821269,0.280536265192877,0.248156915716036,0.137277833590053,0.272117197220561,0.206309606700271,NA,NA
"1202010",2010,NA,NA,NA,NA,NA,NA,NA,NA,NA,NA,NA,NA
"1020017",1981,NA,NA,NA,NA,NA,NA,NA,NA,NA,NA,NA,NA
"1020017",1982,NA,NA,NA,NA,NA,NA,NA,NA,NA,NA,NA,NA
"1020017",1983,4.66246115112305,17.7584917373657,24.3407898330688,0.118345450776512,0.650542495278882,0.617090446472168,0.216968395754433,0.685656051635742,5.48524841308594,0.242539022606227,0.535016543680428,27.9062013015747
"1020017",1984,87.8325402145386,115.738741516113,111.281977180481,0.274262420654297,0.254987831199786,0.188146248365751,0.0903017942567573,0.014609387129045,0.439523832385411,0.30624635197835,0.158873522383478,15.9757860031128
"1020017",1985,45.4589962234497,116.492963172913,52.7269503707886,23.518002571106,0.212836431386463,0.647353972246083,0.504109665143269,0.414703144317732,0.280430202037445,0.0500688727683542,63.2174879608154,81.5930701446533
"1020017",1986,76.8620433883667,70.9654013442993,64.1088408279419,12.9588993759155,0.244424299121023,0.0130148365812754,0.822787261962891,10.0105783538818,0.401900144662405,0.600721765160947,9.25635669708252,47.5159643783569
"1020017",1987,NA,38.3967388916016,24.7521834640503,0.479959236145019,2.1255337600708,2.1255337600708,15.0158675308228,0.53656150519348,0.286232700035673,0.24998149513395,1.23418089294434,0.548524841308594
"1020017",1988,36.6140331573486,16.3186140289307,35.7912458953857,30.7859567184448,NA,0.584556068226133,0.178498918111733,0.558975419704478,0.313925803409626,0.271498038361625,0.540034113895137,NA
"1020017",1989,NA,NA,NA,NA,NA,NA,NA,NA,NA,NA,NA,NA
"1020017",1990,55.6067057876587,20.1582879180908,34.6941962127686,6.3766012802124,3.77110828399658,20.2268535232544,0.160832983616562,0.324582978619062,0.674155984323474,NA,2.87975541687012,NA
"1020017",1991,71.4453605804443,33.8028433456421,66.508637008667,5.69094522857666,0.328018886004016,0.342828025817871,0.204962615977306,0.112596822925539,0.619032669685971,7.47365096282959,7.33651975250244,0.0760705553060937
"1020017",1992,70.7597045288086,7.47365096282959,0.588244325779202,0.754221656799317,0.316941485523549,0.0525678953043933,0.105959060985734,1.02848407745361,0.565458911050793,6.85656051635742,18.5812789993286,46.0760866699219
"1020017",1993,122.183908401489,18.512713394165,66.9200306396484,0.681000656964419,2.05696815490723,0.605282779954968,0.213545101663342,10.3534063796997,0.418935074427481,0.557357285601768,0.419025536536846,27.6319388809204
"1020017",1994,82.6901198272705,85.1584816131592,14.0559490585327,15.8386547927856,0.754221656799317,0.582794718081847,0.386262865398537,0.573867270542305,0.357641480269028,0.0844223894889346,0.652266495961002,57.320845916748
"1020017",1995,34.2828025817871,19.1298038406372,33.4600153198242,0.306371513177718,0.26568649330636,0.633165858436091,0.169664119773392,0.380369478568574,0.630497930150063,0.0839682073023497,0.272533886402193,4.18250191497803
"1020017",1996,46.7617427215576,59.9263389129639,0.247216716514695,0.400142490703321,0.430893368130529,0.455154170745714,0.0255907393163871,0.444757166712868,0.112145313780246,0.567759446382094,1.37131210327148,0.0979243934330782
"1020017",1997,102.985538955688,78.5761835174561,0.143333385277937,0.0834748902203804,0.435418264459839,0.0884223515300605,0.284150671941135,0.194644095335878,0.426783658938584,0.513420326932164,0.450883738879721,16.592876449585
"1020017",1998,109.430705841064,21.255337600708,0.466867896176898,0.315205539807889,0.66938552691032,0.62884772944964,NA,0.188156358796418,0.309929893075857,0.387225898925869,0.336807792450693,NA
"1020017",1999,NA,NA,NA,NA,NA,NA,NA,NA,NA,NA,NA,NA
"1020017",2000,127.052066368103,0.251816478753597,NA,5.27955159759521,0.391964989610699,0.5286235420615,0.461853104367028,0.678270668590599,0.673728802982913,0.384952393814673,0.279527796771139,40.7965350723267
"1020017",2001,124.103745346069,146.730395050049,94.1405758895874,24.4093554382324,0.680993163061868,0.174484451660694,0.549974607845548,6.17090446472168,0.0669117974218964,3.29114904785156,6.44516688537598,18.8555414199829
"1020017",2002,30.1688662719727,136.034160644531,129.177600128174,8.63926625061035,0.0554109049214753,0.37975996161666,11.6561528778076,0.336454890495973,0.073318713574509,6.85656051635742,11.2447592468262,19.3355006561279
"1020017",2003,61.1605198059082,45.6646930389404,41.6193223342895,3.83967388916016,6.3766012802124,0.0954736107994136,0.471234581475652,0.158909300970924,0.0909617283050931,0.120689739598373,0.511697719443509,22.0095592575073
"1020017",2004,107.305172080994,63.5603159866333,20.8439439697266,2.74262420654297,0.669918498840821,0.590757212402136,16.5243108444214,3.15401783752441,1.78270573425293,0.4169868776752,0.282834501626083,24.957880279541
"1020017",2005,32.842924873352,159.689294425964,11.7247184829712,7.81647898864746,0.594439389680259,0.212415668761335,0.363118845673895,0.389165914198626,7.40508535766602,0.328882032652589,7.26795414733887,50.1214573745727
"1020017",2006,98.2545121994019,42.5792408065796,34.4199337921143,1.37131210327148,0.469929792818441,0.276428331319678,0.40954364748778,0.442891373035642,0.677000077588686,0.46702506187334,12.2046777191162,37.848214050293
"1020017",2007,50.8071134262085,49.6414981384277,113.887470176697,0.500061636889983,0.550134391187599,0.379591406280289,0.594833148106887,0.252918636545071,0.467929312278875,3.08545223236084,0.0970344335175259,25.3007083053589
"1020017",2008,87.3525809783935,39.4252229690552,49.5043669281006,0.0323411190847779,0.461486000842775,0.18988436313373,2.74262420654297,0.597280516163378,0.380284137287297,0.664579185705813,0.284089741159011,12.1361121139526
"1020017",2009,21.255337600708,91.1922548675537,7.33651975250244,0.57086004465134,0.64350838919519,0.13696034637965,0.301542515457853,0.0420813178877473,0.506248558264101,0.14317647612577,17.0042700805664,13.5759898223877
"1020017",2010,29.140382194519,30.8545223236084,17.4842293167114,6.85656051635742,1.71414012908936,0.176669226615761,0.185472314836395,0.406024057978151,0.194273724264493,0.0677064370106567,0.0301201201418101,44.2248153305054
"1020016",1981,68.4912302246094,126.735740966797,56.6266076660156,9.43776794433594,0.602956011720255,0.206212314440732,0.177290070044359,3.37063140869141,0.335895111271776,0.426135775014934,4.04475769042969,39.0993243408203
"1020016",1982,70.1091333007813,33.0321878051758,24.9426724243164,4.71888397216797,0.636696915764742,0.463583517544015,0.470484284569152,0.0674126281738281,4.71888397216797,6.74126281738281,4.04475769042969,6.06713653564453
"1020016",1983,4.71888397216797,3.10098089599609,8.76364166259766,0.620784942767936,0.0913416980192518,0.0509600688658296,0.312285165098712,0.161040544772625,0.663373497986708,0.570038479857138,NA,NA
"1020016",1984,108.534331359863,98.4224371337891,103.815447387695,0.580533596141881,0.456372188770663,12.1342730712891,0.229295805886371,0.187503599047317,0.20271899370119,43.14408203125,53.9301025390625,8.76364166259766
"1020016",1985,27.9762406921387,87.3667661132812,34.3804403686523,31.0098089599609,0.406862899052466,0.593553340225767,0.344079466261452,0.318698015425424,0.124014967663909,0.489103663188508,26.9650512695313,56.6266076660156
"1020016",1986,106.511952514648,98.4224371337891,42.4699557495117,3.37063140869141,0.387416328696914,0.571965805091735,0.269961540229881,11.4601467895508,0.47341781270312,0.615375391788315,4.04475769042969,61.5477295227051
"1020016",1987,88.3105429077148,39.0993243408203,0.405290578797929,0.407787950184768,4.71888397216797,3.37063140869141,100.444815979004,0.11269445068222,0.394447976884393,4.71888397216797,4.04475769042969,0.312205818497045
"1020016",1988,NA,NA,NA,NA,NA,NA,NA,NA,NA,NA,NA,NA
"1020016",1989,49.8853448486328,57.3007339477539,54.6042288208008,19.5496621704102,0.44093097782898,0.233523830828091,0.674126281738281,0.254978793585347,0.227437929999744,0.618237653794074,0.318856924915855,0.372413712676375
"1020016",1990,53.4582141418457,11.4601467895508,28.9874301147461,12.4713362121582,14.8307781982422,14.1566519165039,0.459805290033679,0.544883314297202,0.291949224076054,6.06713653564453,8.08951538085937,91.007048034668
"1020016",1991,NA,36.2679939575195,56.9636708068848,10.1118942260742,0.124068431700134,0.674126281738281,0.674126281738281,0.218228281242682,0.459658713773558,3.03356826782227,8.42657852172852,4.04475769042969
"1020016",1992,66.0643756103516,9.43776794433594,0.666820681925611,0.324996487075698,0.381242511871591,0.058665198979051,0.619353504364271,1.6853157043457,0.405772729357637,0.539301025390625,11.5949720458984,35.0545666503906
"1020016",1993,108.332093475342,15.6397297363281,54.2671656799316,0.319880599041316,0.464415196374248,0.383758089044477,0.489209705865075,34.3804403686523,0.0670187348989546,0.633927640417074,4.58405871582031,55.0087045898437
"1020016",1994,68.7608807373047,72.1315121459961,14.493715057373,7.41538909912109,0.0733294746422787,0.31436965916777,0.289437173104883,0.608482692366141,3.37063140869141,0.377603771019076,NA,136.173508911133
"1020016",1995,NA,NA,NA,NA,NA,NA,NA,NA,NA,NA,NA,NA
"1020016",1996,46.5147134399414,77.1874592590332,26.290924987793,0.212441541729213,0.577794595180639,0.112094471054714,0.28453901256612,0.674126281738281,0.150503795889622,0.570113325238615,16.853157043457,18.9429485168457
"1020016",1997,NA,NA,NA,NA,NA,NA,NA,NA,NA,NA,NA,NA
"1020016",1998,121.949444366455,0.294580879458546,0.613839188967976,0.106185281337912,0.380684333728353,0.0990879724367109,0.374445550254293,0.04256752734126,0.325660003000465,0.528407563079219,0.549523873134225,0.143385106584912
"1020016",1999,33.7063140869141,129.43224609375,94.3776794433594,0.51921768716945,0.0619483792228185,0.0341067453535067,0.592643847167559,0.0648048369492476,0.485756818884272,NA,0.180770160071999,21.572041015625
"1020016",2000,151.678413391113,80.8951538085938,48.2000291442871,0.503101848827968,0.463150396507175,0.196366579608975,12.1342730712891,0.502088302212499,0.269577433961927,4.04475769042969,0.299606815917297,0.071338787803846
"1020016",2001,130.106372375488,117.972099304199,92.3553005981445,22.9202935791016,0.339143737375617,0.520155198353526,0.088924829695143,0.174058802157382,0.386101394798763,4.71888397216797,1.34825256347656,20.8979147338867
"1020016",2002,40.4475769042969,99.0965634155274,90.3329217529297,11.4601467895508,0.29152824603733,0.45994988313887,0.659889976402578,0.420103183776871,0.571631115717158,4.71888397216797,2.69650512695313,6.06713653564453
"1020016",2003,44.4923345947266,37.7510717773438,33.0996004333496,0.251826451340676,9.43776794433594,0.522099942390488,14.1566519165039,2.02237884521484,0.397141025783687,0.420675233017616,0.107739301161176,11.4601467895508
"1020016",2004,70.7832595825195,45.8405871582031,8.76364166259766,1.34825256347656,0.332566896067307,0.371218102863886,10.7860205078125,4.17958294677734,0.0430855504818454,0.451391377836951,0.40423964276666,22.9202935791016
"1020016",2005,51.2335974121094,146.285403137207,20.2237884521484,12.8083993530273,0.443066694427689,0.220409113164208,2.02237884521484,0.386850278676412,11.7297973022461,0.626736852011997,12.8083993530273,61.3454916381836
"1020016",2006,115.410419433594,59.3231127929688,86.6252272033691,4.04475769042969,0.477867902497273,0.643532056920666,0.315555262170398,0.0367536701656998,0.293145137914748,0.583372265117692,1.34825256347656,12.1342730712891
"1020016",2007,106.511952514648,69.7720701599121,103.748034759521,0.333618444545789,0.538142439785793,0.058535551657699,0.613320465954986,0.267061783490003,0.00368347084526725,0.445181808973922,0.0437605547360148,0.570939234006199
"1020016",2008,97.0741845703125,20.8979147338867,34.3804403686523,0.186840604848468,0.283791640814675,0.0655945355208968,0.445597426608435,6.06713653564453,0.545208997464425,0.618849905752477,0.0247700396976471,41.4587663269043
"1020016",2009,25.2797355651855,120.668604431152,59.997239074707,21.572041015625,0.00257172282383046,0.434642846208821,2.02237884521484,0.224986850487313,0.34370733740171,0.505840506680648,26.290924987793,12.8083993530273
"1020016",2010,53.2559762573242,51.2335974121094,10.1118942260742,0.0688147608370789,0.0314497222253719,0.155333446469592,0.199604713905033,0.428584640802225,0.467042392915009,0.199474963776678,0.000429337739139157,25.6167987060547
"1010010",1981,NA,NA,NA,NA,NA,NA,NA,NA,NA,NA,NA,NA
"1010010",1982,NA,NA,NA,NA,NA,NA,NA,NA,NA,NA,NA,NA
"1010010",1983,NA,NA,NA,NA,NA,NA,NA,NA,NA,NA,NA,NA
"1010010",1984,100.280325780869,123.988095108032,145.289702772141,3.53847303390503,2.12308382034302,8.84618258476257,0.101383836065955,0.707694606781006,0.489785551869787,30.7139459342957,41.4001344966888,14.5077394390106
"1010010",1985,64.4002092170715,125.969640007019,83.6495025215149,20.9477603607178,3.18462573051453,1.76923651695251,0.407496657440473,1.06154191017151,7.99694905662537,0.16649800946388,72.7510055770874,101.766484455109
"1010010",1986,77.3510205211639,77.8464067459107,68.1509906330109,24.4154639339447,0.707694606781006,0.536916578181981,0.517372316252843,4.60001494407654,0.0732949118229359,0.120328229234538,16.6308232593536,75.9356313076019
"1010010",1987,114.646526298523,32.1293351478577,14.3662005176544,1.27385029220581,3.89232033729553,18.6123681583405,18.6123681583405,0.511547911511276,0.58027189105765,9.20002988815308,4.52924548339844,4.95386224746704
"1010010",1988,124.200403490067,16.9846705627441,65.3202122058868,24.0616166305542,0.707694606781006,0.177603474242773,0.654444008476752,0.148095073360155,2.68923950576782,4.24616764068604,0.246152012241503,33.757032743454
"1010010",1989,85.3479695777893,61.6402002506256,56.8986463851929,15.0031256637573,0.462792644669489,4.95386224746704,0.707694606781006,0.591294153220516,0.470480370936668,0.283754460524116,0.353847303390503,6.36925146102905
"1010010",1990,68.5756073970795,24.9108501586914,35.8093471031189,9.83695503425598,9.27079934883118,30.4308680915833,0.681289361463783,0.702896803681364,0.060271137970258,13.8708142929077,10.4738801803589,67.5848349475861
"1010010",1991,126.960412456512,29.5108651027679,65.1786732845306,11.8892693939209,0.322711944542126,0.707694606781006,0.670414422008133,0.30511065276599,0.0369145360403349,6.01540415763855,6.58155984306335,8.13848797798157
"1010010",1992,74.1663947906494,10.6154191017151,0.365040467440342,1.41538921356201,0.0482495510159111,1.41538921356201,0.524941198517446,2.12308382034302,0.465284752780314,4.10462871932983,15.7108202705383,51.6617062950134
"1010010",1993,119.671158006668,11.3231137084961,35.0308830356598,0.538053955387441,1.41538921356201,2.12308382034302,0.207409171078152,26.8923950576782,0.707694606781006,8.98772150611877,9.90772449493408,63.9048229923248
"1010010",1994,65.6740595092773,71.1233079814911,18.25852085495,9.20002988815308,0.284516789357005,0.672670596616611,0.506667552364823,0.00139961012487072,3.89232033729553,0.0292845791837328,0.613989599075954,44.0893740024567
"1010010",1995,31.0677932376862,16.6308232593536,45.1509159126282,6.01540415763855,0.114684408605657,0.368846157203219,0.0651257103084227,0.059149641256105,0.0169169066645003,1.06154191017151,1.84000597763062,22.1508411922455
"1010010",1996,52.3694009017944,44.3724518451691,36.0924249458313,2.68923950576782,0.344515917767217,0.274236868898471,0.126740921007908,3.53847303390503,0.245790763277366,0.704309238088109,8.63387420272827,31.8462573051453
"1010010",1997,133.329663917541,89.4525982971192,20.8769909000397,5.66155685424805,2.12308382034302,0.308099460489408,NA,13.8000448322296,17.1262094841003,0.524182890969398,6.79386822509766,32.4831824512482
"1010010",1998,93.6279964771271,38.5693560695648,2.83077842712402,0.428807299836768,0.706879950000789,9.90772449493408,0.550070060014838,0.618727394983031,0.282834390387803,0.00775124048808057,6.86463768577576,23.5662304058075
"1010010",1999,35.4554997997284,113.372676006317,133.612741760254,13.2338891468048,0.299000556044765,0.514385719782961,1.41538921356201,0.707694606781006,3.68001195526123,1.76923651695251,0.217287398547637,6.72309876441956
"1010010",2000,69.2125325431824,78.2002540493012,27.5293202037811,3.39693411254883,0.238090262160209,0.0802461931168058,1.27385029220581,0.555724820252125,0.35015554426439,6.72309876441956,0.572322519122,26.750856136322
"1010010",2001,143.662005176544,155.551274570465,88.3910563869476,21.6554549674988,1.41538921356201,1.06154191017151,0.295699350923978,8.13848797798157,0.413424001471679,1.41538921356201,2.12308382034302,31.1385626983643
"1010010",2002,40.1970536651611,108.560352680206,74.591011554718,19.2492933044434,1.41538921356201,7.43079337120056,8.13848797798157,0.194662508322089,0.242445936814084,10.2615717983246,15.9231286525726,22.2923801136017
"1010010",2003,44.9386075305939,31.7047183837891,44.5139907665253,2.12308382034302,14.1538921356201,0.583600392142548,17.9046735515594,2.47693112373352,0.151333845006088,0.222755618622938,0.182578771631977,37.7201225414276
"1010010",2004,124.271172950745,68.7879157791138,14.6492783603668,6.72309876441956,0.0645170864997754,0.482193809165213,23.0000747203827,20.8769909000397,0.603922404667877,0.0699989387389257,0.696759184433166,27.6000896644592
"1010010",2005,74.8033199367523,108.135735916138,39.5601285190582,16.4185148773193,0.00842717719415962,0.273640853354306,3.18462573051453,0.263510352998388,3.89232033729553,0.568795149065626,8.49233528137207,42.0370596427917
"1010010",2006,114.292678995132,69.637149307251,122.148089130402,21.5846855068207,0.463789796764313,0.0427372233530189,0.465783355850496,0.104644313752285,0.469260310150101,3.53847303390503,21.0185298213959,29.3693261814117
"1010010",2007,76.4310175323486,36.3047333278656,45.3632242946625,6.36925146102905,0.370271203334681,0.578694811029619,0.599211350593343,0.0569570499084113,0.178838283365428,5.30770955085754,20.8769909000397,21.5846855068207
"1010010",2008,138.354295625687,9.20002988815308,31.4924100017548,0.259506643339256,0.464883014643464,0.70119197729561,0.0239430047825762,NA,NA,NA,0.467052158794566,16.2769759559631
"1010010",2009,27.2462423610687,86.6925893306732,42.1078291034699,15.2154340457916,0.587597545813921,0.08190824295119,0.374870355787059,0.494794782938265,0.323765695170655,0.167564006185858,22.6462274169922,19.4616016864777
"1010010",2010,71.4771552848816,75.3694756221771,9.90772449493408,6.01540415763855,3.89232033729553,0.323027418251234,0.459663066436833,0.335719116856889,0.374797403039699,0.678022811563195,0.59493854274814,0.0877577010964636
"1010007",1981,NA,NA,NA,NA,NA,NA,NA,NA,NA,NA,NA,NA
"1010007",1982,NA,NA,NA,NA,NA,NA,NA,NA,NA,NA,NA,NA
"1010007",1983,NA,NA,NA,NA,NA,NA,NA,NA,NA,NA,NA,NA
"1010007",1984,NA,NA,NA,NA,NA,NA,NA,NA,NA,NA,NA,NA
"1010007",1985,42.6261856079102,172.048104324341,69.0838180541992,22.7829612731934,4.40960540771484,1.83733558654785,0.193501336280413,0.0378342064250946,2.20480270385742,0.284025494499717,31.602172088623,65.850107421875
"1010007",1986,89.6619766235352,73.4934234619141,69.8187522888184,18.3733558654785,0.0924235836035165,0.408243020081936,0.245079273118333,24.9877639770508,0.20807263135878,0.308194714651964,19.1082901000977,42.6261856079102
"1010007",1987,91.1318450927734,33.0720405578613,1.46986846923828,0.108964998433207,2.20480270385742,5.87947387695313,110.240135192871,0.386107211432987,0.12696200377764,4.40960540771484,8.81921081542969,0.63054910708473
"1010007",1988,NA,NA,NA,NA,NA,NA,NA,NA,NA,NA,NA,NA
"1010007",1989,28.0009943389893,38.9515144348145,49.2405937194824,5.14453964233399,0.0721096310758407,1.46986846923828,0.452760043286223,0.555305660743052,0.580952156498486,0.325908290578996,0.734934234619141,0.030980083470438
"1010007",1990,59.5296730041504,15.433618927002,11.7589477539063,0.141215109950242,5.87947387695313,21.3130928039551,0.41065352929796,0.402563051203482,0.500090234609461,11.7589477539063,13.9637504577637,66.5115482330322
"1010007",1991,113.914806365967,31.9696392059326,65.041679763794,2.57226982116699,0.301060393106204,0.734934234619141,0.448986190225611,0.466999493609419,0.289553153557844,9.18667793273926,4.99755279541016,1.0289079284668
"1010007",1992,74.2283576965332,12.4938819885254,0.294232554132401,0.36658694190352,0.150803793262697,0.36746711730957,0.712426134712625,1.39637504577637,0.320147205903741,1.61685531616211,NA,54.3851333618164
"1010007",1993,80.8427658081055,10.289079284668,17.6384216308594,0.711222164495385,0.694565536767511,0.578219826798577,0.680074155401589,NA,0.0309114597684932,NA,2.20480270385742,NA
"1010007",1994,50.7104621887207,77.1680946350098,8.81921081542969,7.34934234619141,0.234345824596032,0.25548104184053,0.641354519649008,0.526168584602875,0.466502038077464,0.100322245482238,0.125090726161158,33.8069747924805
"1010007",1995,NA,NA,NA,NA,NA,NA,NA,NA,NA,NA,NA,NA
"1010007",1996,37.4816459655762,41.891251373291,36.0117774963379,2.93973693847656,0.581129050612278,0.226494459988292,0.0688751543782395,8.08427658081055,0.644683730005238,NA,8.08427658081055,31.602172088623
"1010007",1997,NA,129.348425292969,38.9515144348145,0.516552414369634,0.533316527946114,0.151091400115741,NA,NA,30.1323036193848,0.078931173009883,4.40960540771484,27.9275009155273
"1010007",1998,112.444937896729,38.3635670471191,2.20480270385742,0.45721736900005,0.591881332416921,3.30720405578613,0.0336510630626714,0.480050396842681,0.426066687428889,0.586697185262388,8.08427658081055,21.6805599212646
"1010007",1999,20.9456256866455,35.6443103790283,70.0392325592041,0.385710025650079,0.567156568594309,0.266877823611301,0.685510141367748,0.0720818228006886,6.61440811157227,0.37862235284865,0.154153558320289,33.0720405578613
"1010007",2000,111.710003662109,85.2523712158203,66.1440811157227,22.0480270385742,0.139601119282587,0.417339265131534,11.7589477539063,0.0961008809707336,0.0615428823075266,5.87947387695313,0.160516243522727,19.5492506408691
"1010007",2001,99.216121673584,69.8187522888184,71.2886207580566,17.6384216308594,0.146805420276107,2.20480270385742,0.612986962130303,12.4938819885254,0.263950469456546,0.231581155661302,2.93973693847656,20.2106914520264
"1010007",2002,32.3371063232422,86.7222396850586,49.9755279541016,6.61440811157227,0.616321555257722,11.0240135192871,14.1107373046875,0.173795906916892,0.415274077191344,2.93973693847656,10.289079284668,6.61440811157227
"1010007",2003,49.8285411071777,18.3733558654785,15.433618927002,0.262020132280601,14.6986846923828,0.599861753485635,16.9034873962402,0.734934234619141,0.00834519728844987,0.175550037006616,0.491257533678606,17.6384216308594
"1010007",2004,91.499312210083,72.7584892272949,12.861349105835,5.51200675964355,0.323738790464017,0.378219896888362,17.6384216308594,13.669776763916,0.344114938921856,0.371678541054012,0.234030512136962,11.7589477539063
"1010007",2005,46.3008567810059,116.854543304443,36.746711730957,11.3914806365967,0.510400259569108,0.615421661732576,1.46986846923828,0.316887977733115,6.61440811157227,0.681640979530284,4.40960540771484,38.9515144348145
"1010007",2006,118.397905197144,77.1680946350098,89.2945095062256,19.8432243347168,0.411707566656265,0.453441567279416,0.31290932543235,0.573360817880753,0.572669615782347,2.20480270385742,0.651258896322992,8.81921081542969
"1010007",2007,80.1078315734863,33.8069747924805,66.8790153503418,2.93973693847656,0.734934234619141,0.704161764549614,0.270263844730892,0.0012815367423352,0.352886291113957,0.259207649991415,4.40960540771484,5.14453964233399
"1010007",2008,95.1739833831787,23.5178955078125,12.4938819885254,0.0745456554520752,0.635894225227105,0.0330053196023048,0.626730591585155,9.55414505004883,0.464949111241736,0.531202659268462,0.181150532109834,26.4576324462891
"1010007",2009,13.2288162231445,35.2768432617188,15.433618927002,8.81921081542969,0.265175903852493,0.0569384212973487,0.734934234619141,0.205565390542925,0.133550468656238,0.537917644509494,13.9637504577637,21.3130928039551
"1010007",2010,55.8550018310547,60.2646072387695,13.2288162231445,0.0402337791546447,0.0741464681345451,0.229153317778987,0.12301079664555,0.464973009020974,0.55579463460735,0.634592692816802,0.135736688609588,16.9034873962402
"1300006",1981,14.9236673355103,34.6797602844238,4.88927767944336,0.0666115983024441,0.154883748986744,0.240464784449643,0.120245276596128,0.284260330200195,0.209411277358827,0.00632713168260637,0.13348024998336,3.55325412750244
"1300006",1982,9.09633056640625,4.49131321716309,5.68520660400391,0.0628784070218023,0.14879610418702,0.0424907899671646,0.0340678041480485,0.0477067919761304,0.426390495300293,3.12686363220215,0.284260330200195,0.271718742200352
"1300006",1983,0.203172964899111,0.0251520010127684,0.710650825500488,0.0715094880109227,0.218201724043171,0.0433629286123137,0.149910370411041,4.54816528320313,1.84769214630127,0.012198743340073,0.187532498810789,3.97964462280273
"1300006",1984,19.5002586517334,14.7246851043701,14.2982946090698,0.426390495300293,0.0156147622727187,5.85576280212402,0.106514601108248,2.7573252029419,0.0483644778990715,6.33900536346436,4.26390495300293,0.186178193791209
"1300006",1985,5.57150247192383,22.1438797225952,11.2282830429077,0.0779688999713852,0.200496543699136,0.112699226806778,0.0881496097226588,0.568520660400391,0.0568520660400391,0.0392854603727984,2.7573252029419,7.04965618896485
"1300006",1986,13.7013479156494,17.7094185714722,6.59483966064453,0.0602139787869849,0.076020051307064,0.0427899748198677,0.162740532892962,4.26390495300293,0.0363150787934163,0.1867886867129,0.198982231140137,7.19178635406494
"1300006",1987,23.309347076416,16.4870991516113,0.284260330200195,0.0276944246452598,0.063090074170116,0.220194484942302,3.83751445770264,0.248559063812852,0.0591651408543334,1.13704132080078,0.155955777179464,0.00149427156997573
"1300006",1988,15.0089454345703,0.0141830633308164,8.24354957580567,1.42130165100098,0.0716588715589429,0.102870995731925,0.0871772252303628,0.252940540498755,2.27408264160156,0.00797287882695737,0.163322033290467,2.27408264160156
"1300006",1989,8.81207023620606,32.2635474777222,4.63344338226318,0.142130165100098,0.270484223675241,0.568520660400391,0.115086787475199,0.218132808622041,0.0114322621189922,0.0153446372538536,0.136537371665257,0.0409578755087766
"1300006",1990,1.98982231140137,6.85067395782471,3.58168016052246,0.063855151088144,0.170556198120117,2.04667437744141,0.176596486138389,0.27844914685868,0.0454279565164473,0.0568520660400391,0.397964462280273,12.9622710571289
"1300006",1991,12.3653243637085,1.22231941986084,8.69836610412598,0.0855772961039496,0.0971245377360389,0.0568520660400391,0.166186806620876,0.24744402561264,0.235315683271335,0.0284260330200195,0.0852780990600586,0.767502891540528
"1300006",1992,2.04667437744141,0.0229500490604231,0.132806968738259,0.0519438091096085,0.28073224605723,0.227456070241812,0.204510565608786,0.00681354405845343,0.157932070113596,0.136867311403429,0.224982838615542,19.7845189819336
"1300006",1993,39.313203666687,2.55834297180176,1.59185784912109,0.193799112960717,0.260910982213293,0.0502179350195458,0.191498974161507,8.52780990600586,0.148904251406382,0.245121729031806,0.137574607981792,8.89734833526612
"1300006",1994,11.4556913070679,12.8769929580688,1.13704132080078,0.128890144415518,0.15225966941386,0.241638827403059,0.200989757195811,0.066003734362084,0.0315795712056464,0.229359919987761,0.278124587855446,10.9724487457275
"1300006",1995,7.277064453125,0.114623711627199,12.6211586608887,0.24105486990541,0.0272382867876665,0.0256020886128639,0.0409911479208511,0.157494667106846,0.105618458927703,0.189796851046729,0.0931478275456371,0.0852780990600586
"1300006",1996,11.683099571228,7.24863842010498,0.191137153077411,0.269494493876007,0.0414133604561233,0.224490223559257,0.0369279743453941,0.0650215448985331,0.0614954777286819,0.0265233918959846,0.256817700573639,0.0652729765642456
"1300006",1997,37.4655115203857,20.324613609314,6.53798759460449,0.269653592185787,0.254049456366532,0.128167896093225,0.256571968255122,0.454816528320313,3.07001156616211,0.137967235641463,0.165555615352315,2.92788140106201
"1300006",1998,32.9173462371826,0.568520660400391,0.109317137697001,0.0724919424110897,0.0352382104608833,1.98982231140137,0.148717186763332,0.0311171270226645,0.247249428708417,0.233533320101509,0.17004676090578,6.59483966064453
"1300006",1999,8.41410577392578,49.7171317520142,36.5843044967651,0.241469441107429,0.239735817273875,0.234828766172372,0.0988889827057607,0.172445918557402,0.127598312283947,NA,0.21894669562759,2.78575123596192
"1300006",2000,40.0807065582275,13.161253288269,21.7459152603149,0.215356960078824,0.0136133635662665,0.0756584494260837,0.852780990600586,0.0623327640049993,0.100581945089359,0.267646774953039,0.176499250693936,2.21723057556152
"1300006",2001,26.4646367416382,52.8439953842163,28.7387193832398,0.089721513413029,0.279495376658123,0.213011691315901,0.15568585210402,0.143426880788525,0.195178720188259,0.253703003724076,0.0150538543930426,4.69029544830322
"1300006",2002,1.98982231140137,32.8320681381226,16.7713594818115,0.192518974574108,0.180545239923197,0.426390495300293,3.69538429260254,0.00244913940362293,0.255402293016447,0.710650825500488,0.0711999943904315,0.852780990600586
"1300006",2003,2.1888045425415,0.568520660400391,20.5235958404541,0.279376121360577,0.164220417405295,0.134935146597996,0.568520660400391,0.135667485676282,0.241585951931664,0.0720717330825527,0.270454918164481,0.0339622815418384
"1300006",2004,12.6211586608887,25.0433350906372,0.240456352211427,0.210239061788972,0.160047154094942,0.2209800400775,1.13704132080078,0.284260330200195,0.202161496795713,0.105619629136124,0.275309127350139,0.111524474355354
"1300006",2005,7.39076858520508,13.3602355194092,0.568520660400391,0.135265224926543,0.251929092052159,0.0223612670425068,0.196002362659045,0.08271672674779,0.124830032337201,0.167530096816255,0.0974734462873172,5.54307643890381
"1300006",2006,8.52780990600586,26.8626012039185,9.80698139190674,0.00133648318412915,0.237031663636708,0.273878500862128,0.116825667484431,0.0322883578621951,0.185912943328106,0.185643965220712,0.0150673743011607,3.52482809448242
"1300006",2007,11.3135611419678,12.1947681655884,1.76241404724121,1.33602355194092,0.283139000830849,0.229761931883721,0.227352561498044,0.0770475788846298,0.229128294236909,0.261491453309211,0.0320704045085851,1.62028388214111
"1300006",2008,30.8422458267212,0.205384705078028,1.84769214630127,0.17353654301059,0.0868894277544992,0.0321864339728385,0.223146461071175,1.19389338684082,0.230909413534949,0.144269245270359,0.0180724808441822,3.41112396240234
"1300006",2009,1.42130165100098,19.4718326187134,0.122879799092813,9.80698139190674,0.0240581882529086,0.0977699995774937,0.184413406118065,0.109070186524444,0.20629044851389,0.169391746057522,0.238200381450179,0.042936480466594
"1300006",2010,0.966485122680664,2.6151950378418,0.126518834229777,0.284260330200195,0.141109208850722,0.00440104360847781,0.149207604295143,0.2421140903354,0.174068030615555,0.173094542496461,0.0584378100245307,0.852780990600586
"1300007",1981,8.768076171875,21.6461880493164,2.19201904296875,0.240410695144496,0.0888985408090679,0.170870203403166,0.234610262179201,0.102518195924719,0.242344686422403,0.200052800458087,0.0624680444906952,0.520604522705078
"1300007",1982,3.01402618408203,5.75404998779297,3.28802856445312,0.0201778280078443,0.188119634478051,0.0608910981941416,0.235564063625883,0.0412668646003941,0.183906028684704,2.74002380371094,0.135395549464995,0.11328215167109
"1300007",1983,0.240750325882013,0.050257961111663,0.548004760742187,0.267299845657792,0.0720078917571239,0.175243550993603,0.00695928940270128,0.140489519616367,0.548004760742187,0.0585161845423854,0.257723345014803,3.28802856445312
"1300007",1984,20.550178527832,26.5782308959961,13.1521142578125,0.0535124662948759,0.0651536929877266,5.75404998779297,0.273637435257229,3.01402618408203,0.0311284234119081,7.39806427001953,0.108417429031482,0.0323961888736189
"1300007",1985,3.56203094482422,28.7702499389648,14.2481237792969,0.256030837286546,0.21507740240842,0.00507068953250837,0.264925524544683,0.130828147126486,0.217620883416739,0.0749884101451101,1.91801666259766,11.5080999755859
"1300007",1986,23.3176025695801,1.78101547241211,0.685005950927734,0.0125090633369889,0.272813507844838,0.18489261018846,0.187348601092071,3.56203094482422,0.0723995838536941,0.0047750731627952,0.822007141113281,13.9741213989258
"1300007",1987,23.5642047119141,7.67206665039062,0.121758612801501,0.269308360536597,0.822007141113281,0.548004760742187,2.19201904296875,0.0303202173487016,0.0791462745622533,1.37001190185547,0.116256272963873,0.238291537580995
"1300007",1988,12.028704498291,0.25539623547738,8.768076171875,0.16816200169098,0.140344607872441,0.196199675005006,0.0325427041337897,0.249777524826286,0.602805236816406,0.12865643799431,0.102335642155286,3.83603332519531
"1300007",1989,11.2340975952148,39.1823403930664,5.75404998779297,0.0856717211775278,0.0367507704435854,0.822007141113281,0.183368855144583,0.209632758597254,0.273117766104905,0.164243528309748,0.0772213677923936,0.148239468652814
"1300007",1990,1.91801666259766,5.75404998779297,7.94606903076172,0.0684204939858188,0.262924765746682,0.548004760742187,0.144280277378471,0.0371758477675141,0.143018958262592,0.0859705315015199,0.548004760742187,14.7961285400391
"1300007",1991,3.97303451538086,0.137001190185547,4.87724237060547,0.0707200980681023,0.23820579421489,0.218353957072383,0.226315850573448,0.0888627483615591,0.0648002199528445,0.0888338634422553,0.070070435455094,0.213831337015942
"1300007",1992,2.74002380371094,0.234469557663813,0.199761253325839,0.177640775052365,0.254931447856742,0.0787034488940472,0.144432977803033,0.027527410967903,0.176243106401523,0.0672961469277409,0.200557828202463,13.4261166381836
"1300007",1993,25.4822213745117,0.134576546477467,5.48004760742187,0.0990578989690384,0.151925019800212,0.19992840058009,0.160990066321189,10.9600952148437,0.112586300198485,0.0410509456993912,0.263130325875326,0.0187029310545041
"1300007",1994,23.8382070922852,9.80928521728515,0.0616871591927729,2.19201904296875,0.107738929601467,0.271799728957553,0.129306302777319,0.211628622699397,0.0914341055444493,0.173322108801294,0.249256548809818,4.3840380859375
"1300007",1995,9.31608093261719,0.0624150323138132,0.986408569335937,0.0897994292180858,0.0906159655274507,0.248699186467475,0.114548065513326,0.160464135130112,0.21010285686465,0.102365447142674,0.244803843720356,0.0986960717644411
"1300007",1996,14.7961285400391,0.121342515423728,0.0303426989845755,0.0360492968076184,0.17385251535613,0.206348635221782,0.0584879453677175,0.0905964655322669,0.202671701339424,0.244237210330022,0.0687734745782144,0.229537112411941
"1300007",1997,40.826354675293,29.3456549377441,12.8781118774414,0.0654664246525145,0.069887659675058,0.180320125338226,0.219566661607631,7.67206665039062,0.0451373293368348,0.0698124688940176,0.100984366639315,0.0317603253679822
"1300007",1998,46.0323999023437,0.149997343384271,0.166351635423026,0.168443016780524,0.183430124329643,2.74002380371094,0.152965041106448,0.183402728093513,0.0897489853466339,0.134388123079405,0.118770018969181,10.4120904541016
"1300007",1999,7.94606903076172,0.0475165260069568,31.5102737426758,0.0858218868534348,0.0526013401985931,0.0483139849706357,0.273639169491786,0.00306133937070434,0.188352198113723,NA,0.187440786402074,4.3840380859375
"1300007",2000,36.4423165893555,11.8917033081055,15.8921380615234,0.166111999473693,2.46602142333984,0.0491631296616337,1.64401428222656,0.121499897847782,0.041069404796582,0.0346463821993133,0.0384876527965081,2.46602142333984
"1300007",2001,30.4142642211914,91.7907974243164,56.9924951171875,0.195401021522204,0.122777256081471,0.260083227527928,0.0179460050388953,1.37001190185547,0.0279896542066663,0.01734787644596,0.238514787871827,6.02805236816406
"1300007",2002,2.74002380371094,39.7303451538086,16.1661404418945,0.22797743011929,0.187757981309353,1.09600952148437,5.69924951171875,0.201356253358843,0.126165762654734,1.64401428222656,0.0822007141113281,0.00611263199602233
"1300007",2003,3.72643237304687,0.959008331298828,22.4407949523926,0.0813307495593462,0.188261107737053,0.212118523993692,0.712406188964844,0.007098627468339,0.0113321416160298,0.155775142496078,0.164401428222656,0.0548004760742188
"1300007",2004,10.9052947387695,26.8522332763672,0.163584175954612,0.0890094837822455,0.27376342474391,0.214127857058128,0.794606903076172,0.301402618408203,0.0940610542463855,0.250020157535996,0.136816468941899,0.84940737915039
"1300007",2005,19.8103721008301,16.7141452026367,1.20561047363281,0.200529594833245,0.0884740672519079,0.0588192993840458,0.0337971650358883,0.143613586424541,2.68522332763672,0.071059458565125,0.0928794671129339,6.85005950927734
"1300007",2006,16.3853423461914,25.5370218505859,7.34326379394531,0.274002380371094,0.177748389716571,0.143207670338237,0.268068189206675,0.164874378969056,0.226729864624127,0.356203094482422,0.137001190185547,1.72621499633789
"1300007",2007,9.12427926635742,9.53528283691406,1.69881475830078,0.0791444323846091,0.107352336667417,0.213954630285912,0.0485516761581144,0.0849677433512617,0.0941999530117302,0.148554908336602,0.0968321365068027,0.904207855224609
"1300007",2008,25.1534185180664,12.3575073547363,0.109600952148438,0.25149892123782,0.17193898624695,0.228714522677236,0.206949245038402,0.209478149710847,0.200785329804974,0.218739806845075,2.41122094726563,1.04120904541016
"1300007",2009,0.383603332519531,8.32967236328125,5.15124475097656,0.219201904296875,0.21556633030105,0.0765956784968519,0.187417605687982,0.183028805521542,0.137630122813588,0.110090493160352,0.219201904296875,0.145247814774335
"1300007",2010,NA,NA,NA,NA,NA,NA,NA,NA,NA,NA,NA,NA
"1310018",1981,NA,NA,NA,NA,NA,NA,NA,NA,NA,NA,NA,NA
"1310018",1982,0.0176704450885915,0.538633716583252,0.161696375843019,0.435455853210897,0.159791035626899,0.323366550139906,0.247862420704197,0.239328453235191,0.466801070137291,0.244833507537842,0.102932103771233,0.273570382488012
"1310018",1983,0.480770788164446,0.449297630248568,0.223925753281056,0.331460801147776,0.42106703357589,0.198272226124539,0.0721487078078255,0.199208636085654,0.173102612802655,0.144083004473315,0.0288948450122586,0.154258877165015
"1310018",1984,0.345280827569661,0.277335359595451,0.173832086083354,0.0388464322000144,0.116328936556783,0.489667015075684,0.387147912492711,0.179081276078508,0.256460630808588,0.119421095915614,0.489528861572455,0.376701959536658
"1310018",1985,0.14292451178554,0.424484136160012,0.279676876620185,0.446075368964451,0.208295011096392,0.184137286005882,0.355383214192865,0.374653961074488,0.120860990921806,0.360765578098914,0.483384870062268,0.051164653500402
"1310018",1986,0.0350710150158963,1.51796774673462,0.175597938885256,0.0175161245841687,0.100820867895317,0.474069965658467,0.212227271244817,0.0561371041651275,0.327465104867071,0.410213465809758,0.0214468421842442,0.245661607118861
"1310018",1987,0.446053890375299,0.109127601005016,0.482889825139461,0.198874518745019,0.440011959929224,0.253702363051609,0.88140062713623,0.0025021503484228,0.0232252289610504,0.112902654498872,0.205210797514699,0.223188800179988
"1310018",1988,0.291287623112282,0.280044460419436,0.152433546868217,0.435785812169528,0.393280553560471,0.063603505159983,0.108490512005261,0.295862828129707,0.0979334030151367,0.140766231719257,0.0380065476864154,0.23460838765047
"1310018",1989,0.430819363990246,0.146900104522705,0.290028201246574,0.421569600046536,0.249763728062758,0.15694304799067,0.434863509856257,0.312287227629579,0.358693467998506,0.0879733348669124,0.369167498754806,0.167542317027571
"1310018",1990,0.26245319423502,0.0797026105133662,0.159320287379726,0.394197902959629,0.00226789710910087,0.198073066715241,0.268321674752985,0.46304158885714,0.105340172921517,0.0522559071554721,0.440700313568115,0.172624364555435
"1310018",1991,0.218129591944495,0.257358654915762,0.0396933399259882,0.273540088913399,0.479454820101744,0.0828171467420912,0.444236570955055,0.372386680072651,0.345753418210133,0.480078133449279,0.340954749241122,0.0936493996366942
"1310018",1992,0.406610268961439,0.0128951311908674,0.12889176486799,0.306777783391659,0.0892277079365293,0.132445123153432,0.273246993326028,0.385828468964828,0.385881022321593,0.375853063143214,0.430864085237331,0.245213399345196
"1310018",1993,0.390275593559167,0.39526803248104,0.109094802755998,0.406797422829801,0.321780840877064,0.17067964534874,0.158704857332131,1.51796774673462,0.196291324639254,0.17153222424859,0.112235285491633,0.125300833160208
"1310018",1994,0.012917618079916,0.32969579030593,0.0663348703264998,0.238366909084756,0.274065317847702,0.271426849548781,0.430610045081616,0.329674845509194,0.487584349178968,0.22631458048029,0.326467022044392,0.0821169081158959
"1310018",1995,0.06403368039523,0.332922467063443,1.90970135879517,0.0848025118127745,0.13227116554108,0.14349203823926,0.271548074467446,0.347079704359363,0.368292978387289,0.166003396231819,0.148260634128004,0.151507146825989
"1310018",1996,0.381653549657656,0.233625227643461,0.202393777705185,0.422976964840013,0.370713828343015,0.374107246254425,0.0750317747948742,0.0489667015075684,0.217064814028371,0.105800799748524,0.468528239976531,0.212546867197182
"1310018",1997,2.10556816482544,0.183864202617651,0.371768405830401,0.277346681307488,0.134054559956552,0.00730759478719478,0.059130288012582,0.446495440907041,0.242398473889945,0.104942392569725,0.0259325667423398,0.190270429741468
"1310018",1998,0.0472095826759871,0.0709096445020758,0.210785845661272,0.219465015954052,0.343409984229896,0.368919375463409,0.311113700396837,0.18936548206621,0.0158723721797771,0.0376464811026432,0.479962411084461,0.417096284736967
"1310018",1999,0.488401030367906,0.13619612053167,0.268438575861882,0.272421171654545,0.418162974592177,0.230259951149591,0.19633324695345,0.227037727374595,0.0500796257893689,NA,0.181298933539359,0.350767760748521
"1310018",2000,0.00887432591693883,0.0319548639568075,0.146900104522705,0.427497529671035,0.407750705396821,0.193563028950136,0.411927137039829,0.426347423521073,0.261577213862022,0.470527177306511,0.474496460211459,0.446699221576856
"1310018",2001,0.468432012321793,0.244833507537842,0.189629135045773,0.0276621877855346,0.0976557692574866,0.265124809994016,0.470669211236614,0.12598977584051,0.376543283071792,0.487869967568189,0.439258577491135,0.41915146442866
"1310018",2002,0.358697008905131,0.115990523680734,0.0756104445357847,0.172334051141559,0.0792801615869962,0.452211944385573,2.0076347618103,0.353229718648683,0.175291423355263,0.329695962460255,0.271184044571901,0.468395805531164
"1310018",2003,0.229741734026714,0.0845205098044591,0.979334030151367,0.137089201529546,0.34333749665648,0.311697014542191,0.335700671317262,0.303662534489635,0.445521793167512,0.16726333022814,0.00182739432453799,0.00221459356991592
"1310018",2004,0.251015161739799,0.489667015075684,0.279003669643191,0.466522060079925,0.190585726966151,0.0862957476392535,0.280240804478479,0.0979334030151367,0.288158148106558,0.0204241815385378,0.305325555751316,0.367776700223744
"1310018",2005,0.394093454080835,0.270068629684467,0.208609062539419,0.165572186132465,0.132837219106246,0.38852620520921,0.228867989151723,0.369657750946828,0.169239344240757,0.264796398828171,0.067567751011817,0.0697185088462042
"1310018",2006,0.277919923170764,0.244833507537842,0.361465979872684,0.0600341963773622,0.356097290264421,0.280446919492526,0.38241181614813,0.205586782216958,0.0416538102272725,0.221093093080164,0.171565914735847,0.0902425531179407
"1310018",2007,0.177889714027158,0.12000849536289,0.29584163467828,0.397775082729165,0.0356988896549593,0.334183002231784,0.241307874763335,0.391733612060547,0.0148105080040939,0.215286289528105,0.177152441243491,0.360035182139441
"1310018",2008,0.832433925628662,0.243049268198066,0.371581842531177,0.18416172177309,0.193328620543904,0.0302977303730188,0.346982282113228,0.135609576725589,0.272933142311678,0.147841465140545,0.030472874596104,0.415184452478669
"1310018",2009,0.143101860496052,0.23032390009654,0.215577413777448,0.0275801784818521,0.393231171149548,0.222675304531967,0.0467076806526268,0.398760602960559,0.0736153041777366,0.199738440448662,0.295723962751246,0.371632923911465
"1310018",2010,0.0974662950680596,0.342292522302135,0.146727798474574,0.32260182364392,0.35681975720615,0.067631541713599,0.0471455752421717,0.165713035161978,0.364226963677655,0.237628972423851,0.00575371765698322,0.0979389427132739
"1021007",1981,49.0533755493164,83.8547568511963,24.1952460479736,4.64018417358398,0.0983476792272164,0.376773936208775,0.17912460773592,0.653418197029792,0.547160973572954,0.570834987027458,11.2690187072754,39.1101237487793
"1021007",1982,37.784356842041,23.8638043212891,19.8865036010742,1.98865036010742,0.433280044179777,0.483115308692029,0.548986751088132,0.200436976803952,1.98865036010742,10.6061352539062,14.5834359741211,3.97730072021484
"1021007",1983,0.0501602408538708,4.64018417358398,2.65153381347656,1.98865036010742,0.333642189616295,0.51192745410597,0.158520734514999,0.466990322269807,0.369660121792227,0.125937129965227,0.6506907593474,9.28036834716797
"1021007",1984,75.568713684082,169.366722335815,92.8036834716797,0.0601492647673908,0.634191507466632,21.2122705078125,0.0936634835897937,3.97730072021484,0.0443391993087393,18.5607366943359,7.95460144042969,2.65153381347656
"1021007",1985,32.4812892150879,105.067027359009,21.8751539611816,6.62883453369141,1.98865036010742,2.65153381347656,0.109405627285588,1.32576690673828,2.65153381347656,9.28036834716797,22.5380374145508,35.7957064819336
"1021007",1986,37.1214733886719,35.7957064819336,25.1895712280273,10.6061352539062,0.109702128900529,0.204267653258944,0.33144172668457,7.95460144042969,0.40234666482336,0.30915646587415,17.8978532409668,36.1271482086182
"1021007",1987,65.6254618835449,21.8751539611816,0.0968949464988381,0.0589027763299365,1.98865036010742,2.25380374145508,49.7162590026855,0.198276689391229,0.593689646217885,8.61748489379883,3.3144172668457,0.397094768232643
"1021007",1988,NA,22.5380374145508,90.1521496582031,13.5891107940674,0.246512675897173,0.157592136380316,0.0505596201403775,0.0703235816823771,3.97730072021484,0.228627612467379,0.408501703549948,4.64018417358398
"1021007",1989,25.8524546813965,24.1289577026367,19.2236201477051,8.61748489379883,0.233331887838645,0.606057611817749,1.32576690673828,0.604623519143602,0.459244327372785,0.573261757778293,0.113212745038239,0.523056595308961
"1021007",1990,25.3221479187012,8.61748489379883,21.2122705078125,0.265153381347656,4.30874244689941,7.29171798706055,0.598265718953077,0.31229652795722,0.658078032788108,5.30306762695312,6.62883453369141,47.064725189209
"1021007",1991,114.678837432861,16.5720863342285,53.0306762695312,3.97730072021484,0.487970033978286,0.159982392547013,0.546608630642698,0.532524041726965,0.39881669758897,0.662883453369141,5.30306762695312,10.6061352539062
"1021007",1992,55.6822100830078,5.30306762695312,1.98865036010742,0.226224440084157,0.363504273091517,0.475560135703288,0.262631968732248,1.32576690673828,0.638620896172612,1.98865036010742,9.94325180053711,33.9396328125
"1021007",1993,64.2996949768066,3.97730072021484,23.8638043212891,0.083404771168081,0.662883453369141,0.662883453369141,0.139654481120899,26.5153381347656,0.213116374212478,1.98865036010742,1.32576690673828,36.4585899353027
"1021007",1994,28.503988494873,78.8831309509277,13.920552520752,1.98865036010742,0.113206828739077,0.525699256111521,0.212371083191871,0.54161549223104,1.32576690673828,0.398982731017127,0.591201935255144,13.920552520752
"1021007",1995,15.2463194274902,7.29171798706055,48.3904920959473,8.61748489379883,1.32576690673828,0.554517774206767,0.000653577348301688,0.367782882984858,0.374313194390099,1.32576690673828,0.354441421094465,12.5947856140137
"1021007",1996,49.7162590026855,70.2656460571289,16.5720863342285,0.662883453369141,0.22402391912075,NA,0.0990150198076639,2.65153381347656,0.380347777710229,0.354071811135044,NA,7.29171798706055
"1021007",1997,76.2315971374512,67.6141122436523,9.94325180053711,0.401416820859578,0.262713527940492,0.305434104782845,0.227813540166788,0.662883453369141,13.2576690673828,0.44353417348763,0.164710794127258,19.2236201477051
"1021007",1998,95.4552172851563,17.2349697875977,3.97730072021484,0.293009748284568,0.577600547452422,0.393606938327671,0.234101964869941,0.337215191510427,0.179242781849031,0.640329613134757,0.994325180053711,NA
"1021007",1999,59.9909525299072,107.387119445801,140.862733840942,17.2349697875977,0.332664888855093,0.323828180614177,0.646705408240062,0.446202712716434,3.64585899353027,NA,0.0153296228569743,17.8978532409668
"1021007",2000,15.5777611541748,59.9909525299072,27.8411050415039,0.204875908171893,0.662883453369141,0.117548087846504,8.61748489379883,0.355019101336396,0.0869599709175685,3.97730072021484,0.370479466795928,24.1952460479736
"1021007",2001,88.8263827514648,88.1634992980957,78.2202474975586,11.3353070526123,0.45918840551236,0.388268380216498,0.275984629502646,12.5947856140137,0.533760290041892,0.429363499046757,1.32576690673828,26.5153381347656
"1021007",2002,22.5380374145508,78.8831309509277,74.3755234680176,7.29171798706055,0.597548519279629,0.591349562916556,17.8978532409668,0.369964715894425,0.0703881051963372,2.65153381347656,1.98865036010742,6.96027626037598
"1021007",2003,31.2218106536865,22.5380374145508,65.6254618835449,0.594771730744479,7.29171798706055,0.395195551468923,15.2463194274902,0.662883453369141,0.315504906603796,0.592092478651009,1.32576690673828,13.2576690673828
"1021007",2004,102.084051818848,86.1748489379883,2.65153381347656,0.577760206192861,0.526359794637949,0.63320568808659,16.5720863342285,10.3409818725586,1.32576690673828,0.099112030723072,0.300186538343417,10.6061352539062
"1021007",2005,21.2122705078125,85.3793887939453,11.9319021606445,5.96595108032227,0.662768411114811,0.0416367191083121,0.425370402407541,0.47240989986371,14.9148777008057,0.438911315023515,2.65153381347656,17.2349697875977
"1021007",2006,82.8604316711426,33.144172668457,27.8411050415039,1.98865036010742,0.186032875322111,0.615300118019673,0.078587829445997,0.44792758594593,0.65186880558893,0.127839602368071,0.662883453369141,13.2576690673828
"1021007",2007,35.1328230285645,15.2463194274902,33.4756143951416,0.662883453369141,0.113747843452758,0.136550456867,0.497962970400187,0.584051391105082,0.455563612193672,0.189641431190829,5.30306762695312,4.64018417358398
"1021007",2008,43.0874244689941,49.0533755493164,3.97730072021484,0.514828395560925,0.615846762886934,0.624929718386124,0.650738368786667,9.94325180053711,0.22883754624599,0.211942453159272,0.503830947229294,15.9092028808594
"1021007",2009,0.375812302612792,12.5947856140137,13.920552520752,0.548772785187965,0.271938857844772,0.0489846739233724,0.230759716700892,0.584522092255419,0.410666128498161,0.0831491820436409,0.551161989067398,7.95460144042969
"1021007",2010,19.2236201477051,15.9092028808594,4.64018417358398,3.97730072021484,0.563711888622087,0.404451481201574,0.0574120365536713,0.597012472448385,0.65015546631067,0.168415796645875,0.299779512148025,1.98865036010742
"1310022",1981,NA,NA,NA,NA,NA,NA,NA,NA,NA,NA,NA,NA
"1310022",1982,NA,NA,NA,NA,NA,NA,NA,NA,NA,NA,NA,NA
"1310022",1983,NA,NA,NA,NA,NA,NA,NA,NA,NA,NA,NA,NA
"1310022",1984,NA,NA,NA,NA,NA,NA,NA,NA,NA,NA,NA,NA
"1310022",1985,NA,NA,NA,NA,NA,NA,NA,NA,NA,NA,NA,NA
"1310022",1986,0.0391952693428695,2.10841683578491,0.263032960246789,0.271569456224851,0.340216332350965,0.440906334971686,0.506964135370205,0.368176440448554,0.11660905935543,0.158264400110064,0.420222782169608,0.0213205616298202
"1310022",1987,0.298068717925068,0.0696611916507041,0.28645785344319,0.319165419166736,0.259857808064126,0.189390526940886,0.456308669337236,0.0996026274030476,0.242335117108114,0.50706746480561,0.313000380792163,0.50855371117714
"1310022",1988,0.462516576207216,0.206005313008884,0.09326100808821,0.197091253028413,0.223804612591773,0.367678579810283,0.502135700966183,0.152715883101815,0.0630750343507757,0.386730854027535,0.151433416508716,0.0105569227035243
"1310022",1989,0.17922869315512,0.466546772370703,0.246238447142236,0.135705466325615,0.137061126832148,0.162819029308528,0.0312178260309111,0.39101216102213,0.379664603942324,0.0316679434965682,0.505541312604475,0.141214490462322
"1310022",1990,0.315181094035446,0.0434307797790038,0.216510323926289,0.313622006123804,0.233028694403614,0.229129523763579,0.359542594485868,0.402326817473109,0.235237498613371,0.14562872014492,0.452037683779869,0.20080477489227
"1310022",1991,0.478169065817237,0.129091244041207,0.0017612994312345,0.0172510142385701,0.0108179372244886,0.0278610958639627,0.0857644863512487,0.339221052648601,0.266514231932831,0.225546520474945,0.0428846165769683,0.492485949428719
"1310022",1992,0.0589794587479186,0.0609349362335835,0.434996405542368,0.163420750636171,0.486648401646234,0.328322149900921,0.379666548760486,0.266816718985714,0.475991610620314,0.321594438383017,0.403354846581907,0.113583629076256
"1310022",1993,0.0888828276451169,0.278004310551055,0.486295482463875,0.350135714613581,0.198633432288886,0.250126818491857,0.385075095374848,1.28562002182007,0.442776028052387,0.33263330194597,0.212590445756142,0.0150592708602379
"1310022",1994,0.103864871396094,0.495077704414827,0.460599669172411,0.328904048163869,0.151004089308463,0.0178987782950952,0.45888124913226,0.0536923293477112,0.371867108693475,0.468092654723962,0.0868854166566587,0.116097110010419
"1310022",1995,0.25488416603841,0.0178185879213695,1.9541424331665,0.351741485105626,0.368492195799751,0.403545401285525,0.31139929903245,0.189595791404732,0.496498227953617,0.315482500979688,0.0413733884575851,0.299013315735555
"1310022",1996,0.222141794499396,0.0646407509038712,0.404549218168498,0.312498702237451,0.139799211095835,0.415766515654902,0.186716931185587,0.23195296774036,0.154003832374745,0.450457604092697,0.334148166347296,0.391798153122367
"1310022",1997,2.26269123840332,0.181062082923539,0.472134158083955,0.309258556992824,0.186392842319094,0.0394134021978297,0.231208132676391,0.0689696760701465,0.149193277534315,0.22899764310922,0.0665998657490732,0.116889827615859
"1310022",1998,0.11454030635913,0.109824708645416,0.0509564328398251,0.0310804363555288,0.435571803397579,0.0587232689756267,0.412089062187781,0.447725940135575,0.244409034774207,0.434211614361061,0.46470641715276,0.480469228348101
"1310022",1999,0.00242067995381582,0.240492030547935,0.344724128584761,0.45048701678839,0.0774746454717879,0.095569107100753,0.173912059343976,0.34741354402237,0.199558371786865,0.381708614057496,0.349371110604094,NA
"1310022",2000,0.169791913514537,0.078297748840532,0.377150697238697,0.0627036980050255,0.322462133080915,0.148228233809655,0.462803738313284,0.455103912256424,0.296165306920164,0.286728533864879,0.11767861451666,0.467105501638798
"1310022",2001,0.373391027879852,0.368945891237529,0.250509792975281,0.287479280131994,0.13710368318442,0.492321694131262,0.287550456429786,0.270986711691216,0.312051765231368,0.0848222210533904,0.0307953760371864,0.143029924996087
"1310022",2002,0.0148237124680645,0.369130580236426,0.22473619689512,0.177531735799187,0.18294033222235,0.237044383634058,0.162782078362098,0.164734526371117,0.377524782407656,0.0516460439521379,0.324525556655235,0.486541097205091
"1310022",2003,0.162424392381692,0.15392553293947,1.64559362792969,0.116634935147316,0.336393157010225,0.146363168637075,0.284370058398563,0.434102310024716,0.122072600274139,0.325031406697036,0.090146209325585,0.244536141686021
"1310022",2004,0.219466314750143,0.0392098659557011,0.368078318786712,0.302249819669465,0.217274728461107,0.179840635464262,0.0708379729478937,0.00292189598112794,0.259711413412495,0.357736663974225,0.26635514453795,0.164236106221963
"1310022",2005,0.322803963219738,0.17215614477096,0.253317878480093,0.176120392645044,0.212040175004276,0.00100855350838217,0.511688279005015,0.12472369681928,0.36143581671737,0.109398530534772,0.419976565172937,0.227843749913982
"1310022",2006,0.445915197207727,0.249102950812603,0.49286676848417,0.0541304576194329,0.317944481529272,0.339197359224545,0.325993993027867,0.275318889635612,0.299782624641286,0.0381046711605163,0.426829877724552,0.437631975271371
"1310022",2007,0.431786295962645,0.349578891370256,0.310340489042456,0.317949098541719,0.257655246836812,0.143214270721347,0.377971635960051,0.261929091012269,0.321154117446454,0.0910213784566933,0.354325166516118,0.133714577057313
"1310022",2008,0.320210377879924,0.386427226879932,0.4003538517103,0.342225833946951,0.0941146743049142,0.475750650367879,0.225026190918887,0.0261682624612395,0.00579025887571608,0.337169885272128,0.207569861330075,0.508248307316077
"1310022",2009,0.269900456932101,0.237252762105833,0.316489376314619,0.363753743509241,0.088725365022905,0.151622419476608,0.406455719713722,0.343957250851398,0.127206209131381,0.473384954660865,0.0274768910073661,0.453395555749276
"1310022",2010,0.0318966450367719,0.180802759866356,0.457785756037875,1.7998680305481,0.412443310522784,0.0451465813848512,0.0588209606773616,0.215876079965937,0.485532439888463,0.189225786127351,0.0252466514124447,0.170725074697475
"1310019",1981,0.690314956665039,0.248778892816485,0.446023006190455,0.518687883315532,0.0157982218688034,0.0831797298460243,0.0141239023185358,0.456956345650671,0.46424317733145,0.262525724247892,0.0968794321835406,0.577952548950479
"1310019",1982,0.0955060057461017,0.419251381449532,0.518963866016354,0.464281185490074,0.197685830933574,0.291356936914816,0.613746736755427,0.581757876551253,0.539568376580345,0.267324296318867,0.208344537210903,0.0341571030267279
"1310019",1983,0.0347898518928914,0.141906125728434,0.470263646571462,0.526402609056201,0.269158783016683,0.0734233683038824,0.460942327472274,0.186550613029184,0.18658762088467,0.531895853813201,0.0553625522033895,0.522126500019455
"1310019",1984,0.00110177078557168,0.394846891092958,0.486029761573368,0.613665008949807,0.215390169738036,0.147427062926619,0.0485495734415329,0.125905752764908,0.0871480888862592,0.230161626168986,0.0215318773430273,0.0753102145734523
"1310019",1985,0.356689451324738,0.105808715153449,0.586495817481575,0.388009251629592,0.125257211207474,0.0217900426373303,0.392161709112915,0.0350072679115843,0.459126571399589,0.54644879091126,0.341047637503447,0.421664047744948
"1310019",1986,0.304489020991451,0.529802743896741,0.493895254008368,0.622640796518188,0.311325458074664,0.0971349409614307,0.460867426304536,0.0709175634997627,0.54088243927845,0.536055026156449,0.493627520959198,0.391335262049616
"1310019",1987,0.557041282994631,0.0495502390914604,0.279610291826298,0.132289863318317,0.0273907903203964,0.442295961296352,0.189202094466266,0.196610297868468,0.531463702547315,0.603166596647827,0.105580248166747,0.534205028477039
"1310019",1988,0.0821795031254902,0.283937765391799,0.432080039364081,0.53427032726066,0.590973629332292,0.567456077055405,0.311258407810802,0.234584088204926,0.499484014272533,0.0804113073319947,0.393970521363506,0.350950235006685
"1310019",1989,0.263302624160532,0.311840347823473,0.225964066937091,0.0953916088231485,0.108357179394285,0.411172056611787,0.472456540451936,0.520117750462172,0.241505339626552,0.3245718166299,0.362447071408716,0.055030014969798
"1310019",1990,0.112123098762716,0.450925004287382,0.419728196411286,0.615357790273646,0.534680455346503,0.619127857700185,0.414546875717371,0.422556458853362,0.334759941210432,0.587292097792653,0.524930961938897,0.520900390501719
"1310019",1991,0.415604319748214,0.26441080252623,0.0506674862293758,0.57741244077929,0.357602753514348,0.370713943587488,0.572101174190934,0.157308311132092,0.343011205971725,0.603962728944432,0.482096864199923,0.586520357199883
"1310019",1992,0.279864387087892,0.442485377301831,0.299094773369309,0.39721436665578,0.0499114760828951,0.510795942608383,0.508011686198659,0.0768633415392597,0.444497172479713,0.142166731142868,0.599741600782143,0.551655349022501
"1310019",1993,0.0647944357757755,0.169755348869676,0.376572897915396,0.562435786756329,0.284722654579201,0.0289993799017431,0.0139839926976372,1.25511810302734,0.402260006880717,0.188676375990329,0.204531756723451,0.114986536632341
"1310019",1994,0.438475707758356,0.193827104299093,0.406737678899399,0.177945641311843,0.217759826505249,0.266175151550702,0.220218373488184,0.596294778407177,0.200973725946579,0.380674637720972,0.379479870450455,0.579396368908587
"1310019",1995,0.37645756132702,0.230350042748016,0.479392008714797,0.199732842451198,0.257544583995992,0.351271349555765,0.13572603084298,0.095654292723143,0.597820420122838,0.152660802514968,0.374046828717222,0.378158553435927
"1310019",1996,0.406331371281883,0.179063881008803,0.191171929952061,0.445767446564553,0.369370944717506,0.488165017186282,0.139451922159332,0.596852639986525,0.0537342818112102,0.244485506121948,0.238987662542134,0.611546746654936
"1310019",1997,1.88267715454102,0.438818086566284,0.606490678642373,0.413830749553602,0.286590891206841,0.293123512877667,0.508991123534023,0.356225234104148,0.571465379850286,0.292473660084421,0.306343538737702,0.515397039117813
"1310019",1998,0.496428236636721,0.500742191498352,0.443858580037239,0.456047451457714,0.112702123197118,0.0127495360695592,0.577860631086299,0.245216440015922,0.574608215273882,0.085122009946483,0.0616296978631084,0.472719530901154
"1310019",1999,0.0554162978218235,0.170215789602547,0.141465760316835,0.504571935496393,0.548048179340218,0.429707673917409,0.334512958972077,0.289218861867289,0.618365273840849,0.0971878782718069,0.0699600691273188,0.596471311162825
"1310019",2000,0.0657932812714232,0.112722223942396,0.495799748921658,0.487912902367099,0.598788129539501,0.520144483658527,0.401972005346272,0.19573336910311,0.492013367173378,0.519734054429715,0.610051421751579,0.109602443124473
"1310019",2001,0.297801183279102,0.364506751094924,0.248549162811915,0.390982410304533,0.357549124641781,0.465020523040887,0.39215926533991,0.111358179693803,0.223077763826806,0.11547224239827,0.129020899692422,0.244466517311651
"1310019",2002,0.438321252391408,0.463819457045903,0.570929920327119,0.0645961554129324,0.438095596802997,0.434327077026304,1.25511810302734,0.251023620605469,0.383499227709194,0.509855279950818,0.593094857761213,0.56759000151458
"1310019",2003,0.322517073438221,0.180589007376936,5.14598422241211,0.286864804335116,0.12178459720107,0.370225517599016,0.319972097108022,0.619295287638824,0.478445260952863,0.317075655225535,0.0639312643200469,0.076797333075191
"1310019",2004,0.521163719060995,0.302920256216249,0.574855461980347,0.533469289592016,0.331571896059296,0.384825295798343,0.61204118176799,0.221209446982042,0.564795480966003,0.512176557318274,0.0950880143366082,0.156220984250431
"1310019",2005,0.0897378699132792,0.0601013707002691,0.124751172081221,0.317836310074933,0.00397460530942489,0.112523460377322,0.248621439024076,0.504815819366641,0.163187827051919,0.0470929674000531,0.421447699826743,0.439461925559269
"1310019",2006,0.397174357890878,0.429167440817913,0.470056414620614,0.543549243354917,0.567109169998198,0.527264441806502,0.182913699451426,0.213481620572455,0.468530485789022,0.144401302275177,0.587358791097624,0.0297724461957084
"1310019",2007,0.319134200767285,0.525624453431441,0.0270226336158387,0.180506760424799,0.187382029755112,0.0426753059717117,0.314452846515026,0.605432614499563,0.376705851148312,0.462603887239867,0.0454677378066788,0.346933883333041
"1310019",2008,0.941338577270508,0.135388470468679,0.402430021739431,0.0164736418608813,0.313974020865061,0.0114730458152152,0.196556431412946,1.12960629272461,0.313779525756836,0.240608546383835,0.56974543940493,0.366427446652503
"1310019",2009,0.175662831196271,0.409361245800528,0.0348356405279742,0.077646145081467,0.0876976637007505,0.284619878326554,0.279085006142927,0.451128265563706,0.446529158263586,0.281838444273743,0.221369873191447,0.496303855238984
"1310019",2010,0.095003448393657,0.309269913880675,0.00457543024464304,0.207931005961109,0.222839712282015,0.402210678756409,0.076795832766598,0.0734728567163203,0.501695936414349,0.317400307072115,0.478134615688064,0.551792968729466
"1300008",1981,6.99816416168213,12.6663604736328,17.2579161453247,2.05828357696533,0.262077978707498,0.0359394208204646,0.252280856041856,0.282006752907512,0.0304503895214061,0.174518716037251,0.159120968596418,0.15832950592041
"1300008",1982,3.95823764801025,3.48324913024902,0.120582500965166,0.159421433764563,0.0960129477372245,0.0471299075688593,0.187559141178332,0.235486542367182,0.230882733099594,0.031665901184082,0.13185085125541,0.0535372943010587
"1300008",1983,0.633318023681641,0.0458206044495843,1.26663604736328,0.143914367353978,0.0358504102067012,0.030972526680485,0.170468877064788,0.109299496218324,1.10830654144287,0.202694089424123,0.109949075923647,0.31665901184082
"1300008",1984,12.349701461792,22.1027990264893,16.9412571334839,0.203477965054636,0.0912292011271567,1.42496555328369,0.0478002466975958,2.84993110656738,0.0407236435654498,0.379990814208984,1.36163375091553,0.0633318023681641
"1300008",1985,1.5832950592041,32.9958690338135,6.90316645812988,0.227201834176139,0.141494907456859,0.132124830110108,0.281663911657995,0.031665901184082,0.031665901184082,0.0642444379006778,1.51996325683594,7.09316186523438
"1300008",1986,13.3946762008667,10.7347405014038,5.31987139892578,0.0182172491420249,0.286491786640946,0.0514824348274865,0.205311949904746,3.64157863616943,0.0609361457369543,0.020302340749827,0.728315727233887,5.19320779418945
"1300008",1987,27.2326750183106,11.3997244262695,0.288037430584697,0.116059160562991,0.154441970193607,0.256954423719694,1.70995866394043,0.198404748616275,0.163345756627645,0.022166045546296,0.139808952347981,0.0140938359707325
"1300008",1988,10.6080768966675,0.294994278412339,6.64983924865723,0.285701851460016,0.158503771889981,0.103274250961854,0.270824417149483,0.0918443584455562,8.70812282562256,0.043502228998117,0.084929181196804,0.0633318023681641
"1300008",1989,5.73152811431885,17.1945843429565,0.306152348763101,3.00826061248779,0.193667110416151,0.100304333462704,0.110620812860048,0.12522336102008,0.0552303552332868,0.238473841666204,0.023808537381871,0.186944036501668
"1300008",1990,0.297518552724389,7.91647529602051,0.19097475443259,0.728315727233887,0.31665901184082,0.506654418945313,0.279589343826258,0.134089086667995,0.268349722800291,0.117753323211551,0.633318023681641,15.7379528884888
"1300008",1991,10.2914178848267,3.7049104385376,4.46489206695557,0.22594163753901,0.0367465798023299,0.173999282849695,0.0748842006680612,NA,0.0353906505556459,0.00831455177912584,0.140034606015318,0.29573482805094
"1300008",1992,1.45663145446777,0.696649826049805,0.287110510695006,0.0521844106810856,0.0927374347862366,0.222673856877522,0.279995125865119,0.158985255841759,0.249712486018394,0.0919679102219242,0.294068278720837,36.5741158676148
"1300008",1993,18.7145475997925,0.277131942729705,4.11656715393066,0.192791570998889,0.0892182997149684,0.220440507930393,0.25453849280954,8.23313430786133,0.15614665492249,0.114735843387844,1.26663604736328,0.263728244931216
"1300008",1994,18.7145475997925,14.2496555328369,6.01652122497559,0.15015013634982,0.0864302401706547,0.193379150683147,0.0366931022866277,0.151958664275723,0.078858141685064,0.206892117390129,0.0622543235598739,3.32491962432861
"1300008",1995,9.72143166351318,10.8297382049561,9.81642936706543,0.31665901184082,0.031665901184082,0.11880364587348,0.0488845349282464,0.18875071068644,0.153240976266472,0.315868756975623,0.211611923976332,0.234534083715291
"1300008",1996,12.1280401535034,1.45663145446777,0.0949977035522461,0.302052079449933,0.200169287957435,0.0660689378748648,0.310048468336898,1.42496555328369,0.102790798769483,0.211236319586767,0.15832950592041,3.22992192077637
"1300008",1997,130.906835494995,28.9742995834351,2.78659930419922,0.0149756410079506,0.248692713405492,0.216576072414785,0.0125664797955529,3.1665901184082,2.05828357696533,0.18335592379884,0.127652108423476,2.43827439117432
"1300008",1998,38.1890768280029,0.15832950592041,NA,NA,0.0713761643769188,2.05828357696533,0.0813691094343769,0.129785948048269,0.145017702160969,NA,0.0917204628021623,7.44148677825928
"1300008",1999,2.69160160064697,34.6741617965698,32.1408897018433,0.302685466955398,0.281841436770337,0.170643464488096,0.314029237296715,0.283732648348416,0.169224728194518,NA,0.0411167379137478,3.64157863616943
"1300008",2000,12.0647083511353,6.64983924865723,8.23313430786133,0.222477868892794,0.0109783619334782,0.0821810536532623,0.17770427959685,0.240717492689538,0.21356607192008,0.206998980261632,0.0207196515500522,20.4245062637329
"1300008",2001,29.734281211853,40.6906830215454,26.9160160064697,1.26663604736328,0.266545556986867,0.298390815672816,0.217667493895573,0.949977035522461,0.101692029637761,0.255618469210155,0.073664467757474,9.81642936706543
"1300008",2002,1.5832950592041,30.5575946426392,0.211764293637939,0.474988517761231,0.140802744937073,0.116870499770552,4.17989895629883,0.15133771017322,0.153751759915456,1.42496555328369,0.126090791987986,0.2472259868705
"1300008",2003,6.64983924865723,2.84993110656738,14.8196417541504,0.102536544788004,0.15832950592041,0.074332513358027,1.26663604736328,0.102042687963888,0.253587140961207,0.303429240199912,0.230320141946058,0.180309511221793
"1300008",2004,9.49977035522461,21.5328128051758,0.125046475497457,0.116156059769448,0.00172856225355501,0.136707810060212,1.5832950592041,0.305094697693225,0.0921411737866734,0.0325257612823992,0.172547916200054,0.949977035522461
"1300008",2005,16.9412571334839,17.7329046630859,0.233519399877262,0.00357868164828837,0.0118729749114994,0.275286686871044,0.129653781385453,0.135612583997489,3.79990814208984,0.151419376748718,0.0468433329623173,4.11656715393066
"1300008",2006,17.4162456512451,11.2413949203491,12.6663604736328,0.0457856927304463,0.0554161529870662,0.0821131812769737,0.102568238283366,0.146764649282768,0.262551329216155,0.0612732292781658,0.0577578681917459,1.89995407104492
"1300008",2007,6.96649826049805,8.23313430786133,2.21661308288574,0.021734622263424,0.28253269486971,0.148000577194874,0.102867949141146,0.192149443711877,0.0056706114470859,0.149633614604158,0.239098912367206,0.31665901184082
"1300008",2008,27.7076635360718,2.37494258880615,1.26663604736328,0.222365350426157,0.0680319806499797,0.163444827047664,0.249282464893134,0.189005337657474,0.107448923839241,0.0361143046300176,0.148860645176439,0.31665901184082
"1300008",2009,0.633318023681641,6.33318023681641,5.06654418945313,0.0342000875811231,0.0425839280499102,0.270734382307434,0.197781568151725,0.144063586326585,0.279820056777299,0.145095176345664,0.474988517761231,0.299520219272036
"1300008",2010,0.633318023681641,1.89995407104492,1.89995407104492,0.31665901184082,0.31665901184082,0.221977184125863,0.0991638470823185,0.00227645758912845,0.268690411415683,0.0363419158473992,0.141998623694739,0.190154924791312
"1410012",1981,0.21603874206543,0.432077484130859,0.193327595715856,0.432077484130859,0.388595508546987,0.168136568592574,0.360949716262979,0.167503139384834,0.315970708459081,0.0859436068557407,0.320500964313009,0.21603874206543
"1410012",1982,0.177525541666507,0.158274478237609,0.21603874206543,0.0898194090248818,0.225390227429112,0.255365082265046,0.227381781074932,0.415924406956359,0.15795333548486,0.374948228743374,0.379031580484839,0.648116226196289
"1410012",1983,0.300634152884414,0.432077484130859,0.222503362380036,0.148298976991012,0.432077484130859,0.151818118059954,0.432077484130859,0.0734735375095422,1.08019371032715,0.320436063366305,0.325416155647109,0.0960827750683526
"1410012",1984,7.12927848815918,0.21603874206543,0.180209241128351,0.126436922278768,0.120151545366635,0.432077484130859,0.19258839243039,0.105741169669456,0.350320484752513,0.864154968261719,0.432077484130859,0.361262612661097
"1410012",1985,0.182775018453358,0.432077484130859,0.21603874206543,0.256439676003314,0.0975935129508957,0.209826596556965,0.361127238283815,0.412857189581324,0.130006203228077,0.310646069838299,0.00735666852715784,0.115894679342139
"1410012",1986,1.20981695556641,6.91323974609375,0.214225294126745,0.0640374552573153,0.330944559134556,0.33729650696798,0.260195145839764,0.0242218023430013,0.181055335563701,0.380856386866339,0.0637639723720695,1.03698596191406
"1410012",1987,4.10473609924316,0.299073450871239,0.142204156351968,0.244804205731855,0.25458667300632,0.262988349659918,0.28421537219002,0.324734965669183,0.013528544711074,0.373527378450189,0.210926642921159,0.311641729612086
"1410012",1988,1.08019371032715,0.265433093464109,1.29623245239258,0.648116226196289,0.0958866008397905,0.0573022284377879,0.0641903098420847,0.327142660282353,0.864154968261719,0.0824380885541915,0.381762022233573,0.0795804836731011
"1410012",1989,0.407201145912153,5.2281375579834,0.377769650506408,0.118728323608936,0.184136218360902,0.0899393241657283,0.0178363317817598,0.128369073721316,0.372642573098504,0.0573931240479516,0.0291950602025073,0.246626161185052
"1410012",1990,0.0365267620059833,1.29623245239258,0.193937448705261,0.286285738878064,0.259856246830716,0.300763401472987,0.143994310660185,0.00895432637373803,0.382402684845696,0.130477417241084,0.000783063155977715,2.1603874206543
"1410012",1991,0.864154968261719,0.053757424990087,0.432077484130859,0.385610863065409,0.10163149822309,0.082013011110183,0.0274037827860796,0.0290775051582758,0.396900859154987,0.103586576907705,0.129499997714423,0.167662511296932
"1410012",1992,0.0447169634397668,0.242381947733075,0.097928211873257,0.133321599751731,0.0174668586566493,0.263384364314866,0.428156413779505,0.26475676411824,0.0457560720288759,0.350331814926481,0.0586293103621148,2.1603874206543
"1410012",1993,1.51227119445801,0.360781363408633,0.21603874206543,0.0510552092323048,0.314772943632526,0.203758988053217,0.416523248072976,5.61700729370117,0.129422420553995,0.162183526482151,0.00793953170920898,0.418295958088219
"1410012",1994,4.32077484130859,2.1603874206543,0.115185638815741,0.071281004333586,0.0553221594888854,0.0590309568554565,0.239940160890513,0.372809218755937,0.346602591758693,0.378139207935055,0.27047053237043,0.363175436864024
"1410012",1995,0.0536866537809079,0.0888767671213995,2.59246490478516,0.0498056565823885,0.243830020422844,0.420582639099547,0.0838574587066469,0.0624442775702686,0.36441527338047,0.0994485077446883,0.00544644757317043,0.277134006216802
"1410012",1996,0.000336941014145786,0.194232223967693,0.142285371240172,0.14094670079882,0.419637637803656,0.0284320998183252,0.356396448964048,1.08019371032715,0.385786550931025,0.398227882630203,0.21891112209698,0.406018153821636
"1410012",1997,11.8821308135986,0.648116226196289,0.164950109297774,0.183178189854819,0.225769317394624,0.127885793337111,0.131717768532228,0.21603874206543,0.328671872711469,0.403802728110916,0.118760596370835,0.245187633607258
"1410012",1998,0.0864154968261719,0.118901750872205,0.129601598666497,0.0797585860604076,0.425566545159664,0.20764156679815,0.308143180436412,0.299930118157141,0.0442829520341213,0.0617754833308185,0.311338919759873,2.80850364685059
"1410012",1999,0.272389730846235,7.9934334564209,1.08019371032715,0.251373828716649,0.208258078056714,0.184442268969823,0.319003118030672,0.118407778626608,0.240019950566068,0.0190584679759962,0.137763481958925,0.33237313587703
"1410012",2000,12.7462857818604,4.75285232543945,5.18492980957031,0.0969235423853702,0.363217339343237,0.127251217480555,0.227851927310212,0.324410674410732,0.159951215014536,0.136598324190989,0.0659481114107039,0.0280632222504169
"1410012",2001,1.29623245239258,8.64154968261719,3.02454238891602,0.403228061586662,0.411168353033708,0.365213537128024,0.0543385573340197,0.378349095673003,0.151401521068821,0.418560708112984,0.137222043904918,0.248176562070647
"1410012",2002,0.134413501468783,6.69720100402832,0.864154968261719,0.0981643474870779,0.397401956457822,0.225214357677107,3.24058113098144,0.0853282292684794,0.0493995733890929,0.0155495022835347,0.100930347421208,0.00353212260633484
"1410012",2003,0.107245986184276,0.411733075865304,7.34531723022461,0.305739322036551,0.200391494962104,0.0125841484288677,0.264733245745409,0.0436268431630765,0.182529768098121,0.120685283328782,0.163408665009013,0.136551255253047
"1410012",2004,1.25302470397949,18.2336698303223,0.148681613942307,0.364046107188641,0.216874198058454,0.0167222925395393,0.0435934191247205,0.141473834615081,0.233256963940062,0.128682155728056,0.156462603797269,0.138722801777887
"1410012",2005,0.120080637642062,0.648116226196289,0.21603874206543,0.0894982340798508,0.349486984943576,0.354011605035676,0.213153337137508,0.113746386006213,0.315668327770216,0.132529140272478,0.157661766875437,0.424961761247338
"1410012",2006,1.72830993652344,2.37642616271973,0.282613028958113,0.112727440650028,0.159044769206623,0.0648208437565347,0.42460485880563,0.421250924902156,0.391007972245414,0.100930333337085,0.0148012212777755,0.30958381037137
"1410012",2007,4.10473609924316,0.114874490357891,0.864154968261719,0.193678376895895,0.0387672450817771,0.0260931270738341,0.0795139635552546,0.365739250560478,0.21258236900336,0.166043627972749,0.272656512203943,0.16099974276332
"1410012",2008,9.50570465087891,0.432077484130859,0.416150656320624,0.00865294404799381,0.395401027715511,0.426655562649522,0.0553626455077265,0.0326225986383099,0.100335335274637,0.360516707747493,0.0347222751911729,0.249008988468208
"1410012",2009,0.113304953374344,0.648116226196289,0.111054201765655,0.165397240365818,0.142161325125442,0.1022450611717,0.398200392132276,0.0983492173960979,0.279688319870474,0.257934161713296,0.361454953593775,0.105186138525314
"1410012",2010,0.0344183855897278,0.43041866135241,0.0682548245720106,1.51227119445801,0.347184888255994,0.245778054530926,0.130733909241516,0.198648453655014,0.320815449903208,0.0270621042753523,0.214847522231445,0.418982613711886
"1502007",1981,0.0731151123046875,2.46154211425781,0.0616001128882147,1.09672668457031,0.210900389616859,0.168083989050337,0.0728551334250593,0.0313083974882655,0.210469200442301,0.17611001753138,0.114843709194063,0.0820510042125001
"1502007",1982,0.0969129131970667,0.0243717041015625,0.000476582797934099,0.0577022543794377,0.160138619834706,0.0767834635485666,0.00273991342969937,0.103812313938195,0.0381539965594298,0.147137636615582,0.0158430476083282,0.211371523382313
"1502007",1983,0.150340599322971,0.731151123046875,0.121858520507812,0.0712801202272809,0.0636935728107872,0.129926150981739,0.134750644511193,0.141055094002554,0.9748681640625,0.169067051492901,0.00430383738930119,1.58416076660156
"1502007",1984,11.5765594482422,0.609292602539062,1.70601928710937,0.14212032580303,0.218362467097381,0.128863740702732,0.141861453832779,0.609292602539062,0.118104343226003,0.9748681640625,0.0417509052999618,0.123113733940464
"1502007",1985,0.241941842393283,1.949736328125,2.43717041015625,0.211063690810839,0.0684102332973805,0.0668367814326508,0.0737705687254427,0.183257169057262,0.182035269756383,0.202524815578639,0.240616202767921,2.51028552246094
"1502007",1986,8.82255688476562,10.2361157226562,0.198649020638004,0.0961527556602993,0.103255090033183,0.1376274052219,0.200116245507821,0.110479695481213,0.14550379716643,0.225572025641469,0.121858520507812,3.65575561523437
"1502007",1987,9.06627392578125,0.1930363408205,0.365575561523438,0.228608060821976,0.0345362457392239,0.148682912249305,0.316832153320312,0.216035926168084,0.0144625100602974,0.0243717041015625,0.148343543303758,0.190615227028906
"1502007",1988,2.33968359375,0.365575561523438,4.38690673828125,0.230968116873111,0.154116233400825,0.143433294996487,0.18043104473508,0.15078937461758,1.46230224609375,0.166971708437544,0.190915995667764,0.106481056910446
"1502007",1989,0.121858520507812,12.6001710205078,0.1949736328125,0.0818242823112867,0.181590761500164,0.117391765916563,0.0249569188182865,0.109342172059619,0.196349409256556,0.0124785004640029,0.146255755250477,0.00717332858099751
"1502007",1990,0.206741681922176,4.82559741210937,0.048743408203125,0.153579451013975,0.209886965757957,0.048743408203125,0.238998827707702,0.0271704213911396,0.204914465175538,0.117961123958416,0.142270706490792,3.94821606445312
"1502007",1991,2.16908166503906,0.121858520507812,0.0645657908776822,0.243543295090856,0.126134621268038,0.126971750282701,0.0960119470818608,0.0956685325728609,0.0681156246465462,0.0591077909606283,0.232762212874239,0.116595744136912
"1502007",1992,0.112533543280646,0.233333166693232,0.223806162672888,0.121675873707906,0.188096269434768,0.0581968798093031,0.0410553837737138,0.141083947312461,0.0153389923850867,0.153293080572556,0.193625433737577,3.65575561523437
"1502007",1993,3.53389709472656,0.048743408203125,0.147378721418971,0.115353770513443,0.197425871589749,0.198963683410281,0.161133819137862,6.21478454589844,0.022959843335608,0.179407850046581,0.146399834485441,0.10749732884738
"1502007",1994,5.41051831054687,2.09596655273437,0.114211003305294,0.223358652900709,0.200168659200086,0.0796781518695041,0.0308504897997536,0.202643324303606,0.146403837660531,0.120857925625773,0.216900844584482,0.121858520507812
"1502007",1995,0.210268869297103,0.126219175439471,5.069314453125,0.120072810366057,0.151131598847749,0.0860017854711035,0.111502295143786,0.00783555123982269,0.0334743091657697,0.114885647286371,0.173070453562274,0.208303540881924
"1502007",1996,1.34044372558594,0.235069248347521,0.0299479580388945,0.0301586477762823,0.24291193155697,0.062603079135259,0.0246282871229492,1.09672668457031,0.137691036963028,0.218835619048232,0.0323209666570575,0.172128725560882
"1502007",1997,10.9428951416016,5.75172216796875,5.31303149414062,0.0531468935276516,0.0357597674305516,0.032003896146361,0.178390853194883,0.0571003301022169,0.438690673828125,0.22099516895322,0.232084034940786,0.225386807110685
"1502007",1998,0.110212438275782,0.125818827345007,0.183226691143859,0.12632250464791,0.0676537054982039,0.219382525614521,0.182473539206059,0.0990424704701431,0.0469101234404284,0.0559124642868838,0.0693668940321845,0.20477185137492
"1502007",1999,0.234845932779638,12.4295690917969,9.43184948730469,0.170560607820422,0.177855377356951,0.0853894567518985,0.114256304831867,0.0493197121370708,0.16262040198397,NA,0.0274076489670523,0.0316143455650801
"1502007",2000,0.5849208984375,3.60701220703125,5.99543920898438,0.0291271593252131,0.205741027628336,0.17102696293641,0.140183543140965,0.113370075680529,0.118939651016453,0.147274903921566,0.225226517873707,0.113777273269027
"1502007",2001,3.19269323730469,20.4966031494141,14.2087034912109,0.21355437701295,0.175271445666801,0.175741657726541,0.12127001762312,0.0443327276725722,0.212570224956821,0.198924229548377,0.186998342191025,0.118308353363275
"1502007",2002,0.195305154531623,7.23839611816406,5.31303149414062,0.0895433918688087,0.124666569683296,0.124767158061366,4.11881799316406,0.216426357655571,0.192777452564493,0.238631019746,0.166794515379937,0.155402107805589
"1502007",2003,2.04722314453125,0.196617456860243,6.06855432128906,0.00820061258318674,0.140556597726462,0.221717550628432,0.0547211230798039,0.0331421117409706,0.031449260201239,0.043443213848745,0.196137773072723,0.208949075350342
"1502007",2004,1.34044372558594,10.7722932128906,0.00616253682943609,0.101686595166812,0.0709240633750506,0.092089230493996,0.00892592433266032,0.316832153320312,0.126967573241557,0.00646677109993589,0.164902127689592,0.0112285843849932
"1502007",2005,0.0345341849384846,0.078471878780184,0.183895934382277,0.228813827380903,0.166437345138073,0.134370349573511,0.241322063763363,0.0126704862088675,0.187614466229134,0.0514407032725588,0.200133578205615,0.0745129136736798
"1502007",2006,2.68088745117188,9.62682312011719,0.103696449690934,0.080825372919909,0.234427257705073,0.0576836214313985,0.149119586432544,0.2309098503524,0.130850928518279,0.202952055258683,0.0755286206594299,0.137055509950004
"1502007",2007,0.0718962403499993,0.9748681640625,0.0713370060336268,0.0484532250675452,0.223521973501409,0.239986663068508,0.0032013668735047,0.243717041015625,0.0447565027991255,0.169066432747651,0.0404338673911749,0.0899696730725117
"1502007",2008,11.5521877441406,3.53389709472656,0.234410682153085,0.12415298683865,0.176482397421257,0.12706758514925,0.196961148964783,0.0146993987562914,0.236835373874271,0.167996114797663,0.0126204750344999,0.142555000072695
"1502007",2009,0.48743408203125,1.21858520507812,0.0598822400146185,0.00665198673673557,0.121912453712213,0.086408544081863,0.172159071202166,0.102781847233914,0.215840894589574,0.0905053959772838,0.120340522494514,0.243166889554949
"1502007",2010,0.0880962126654606,0.156756120055695,0.148818513811816,1.949736328125,0.00692933379100424,0.0197874040509473,0.236449858415401,0.0594398206478118,0.0411926722455064,0.0103558105028262,0.215605481541988,0.234336120399677
"1041004",1981,NA,NA,NA,NA,NA,NA,NA,NA,NA,NA,NA,NA
"1041004",1982,NA,NA,NA,NA,NA,NA,NA,NA,NA,NA,NA,NA
"1041004",1983,NA,NA,NA,NA,NA,NA,NA,NA,NA,NA,NA,NA
"1041004",1984,NA,NA,NA,NA,NA,NA,NA,NA,NA,NA,NA,NA
"1041004",1985,2.42380100250244,65.4426270675659,13.1577768707275,3.7395786895752,1.03877185821533,2.07754371643066,0.185605543323476,0.692514572143555,0.346257286071777,0.628375415195501,12.0497535552979,27.0080683135986
"1041004",1986,20.0136711349487,19.3211565628052,28.3930974578857,0.0701927805590178,0.506963582131356,0.132537213072809,0.106823440090743,0.490369714407812,1.10802331542969,1.45428060150146,11.0802331542969,22.7837294235229
"1041004",1987,0.151519862781666,0.530937053064683,0.131610577662906,0.251589334828714,0.64087898580092,4.84760200500488,9.14119235229492,0.549245688445168,0.45658963118393,0.675014593395706,3.46257286071777,0.133448458095807
"1041004",1988,57.0632007446289,2.07754371643066,15.9278351593018,15.9970866165161,0.350894497633879,0.119432179226818,0.55037548805542,0.518326113021532,3.7395786895752,0.151933478200268,0.178662592821687,1.38502914428711
"1041004",1989,4.57059617614746,8.93343798065186,4.36284180450439,0.0817209526831091,0.0579031463444833,0.281016966458674,0.67535934863961,0.464782815253607,0.338094999835142,0.151705108696129,0.0531996842546445,0.638766627908704
"1041004",1990,38.0883014678955,NA,NA,0.220304849173239,0.347615838127877,0.208422451294037,0.570136345613411,0.370574577871242,0.393563889423173,0.423533466929231,0.692514572143555,22.8529808807373
"1041004",1991,83.1017486572266,7.6176602935791,6.92514572143555,0.404830308394378,0.157525735254745,0.670843390127301,0.196409510441084,0.164049497447731,0.289861325729588,2.07754371643066,0.207754371643066,0.197408515706586
"1041004",1992,NA,NA,NA,NA,NA,NA,NA,NA,NA,NA,NA,NA
"1041004",1993,NA,NA,NA,NA,NA,NA,NA,NA,NA,NA,NA,NA
"1041004",1994,NA,NA,NA,NA,NA,NA,NA,NA,NA,NA,NA,NA
"1041004",1995,NA,NA,NA,NA,NA,NA,NA,NA,NA,NA,NA,NA
"1041004",1996,10.0414612960815,5.54011657714844,0.517474345698309,0.524159188007309,0.037617672352865,0.520553176547159,0.351376904700768,1.17727477264404,0.274884381396347,0.0704464198623925,0.498009395501285,6.92514572143555
"1041004",1997,33.5869567489624,53.2543705978394,7.13290009307861,0.831017486572265,0.570901322705631,0.216192011864367,0.405964324233136,4.84760200500488,2.21604663085937,0.335733156952431,0.466348549576307,27.0080683135986
"1041004",1998,51.03832396698,0.554011657714844,0.500446255132677,0.0600118018756544,0.55226220556827,20.7754371643066,0.406274275316107,NA,0.233693184906627,0.440171275883462,0.224621157035827,1.17727477264404
"1041004",1999,19.5981623916626,57.5479609451294,68.9051999282837,1.03877185821533,0.358290348375034,0.519441041433217,1.10802331542969,0.609785303471202,0.212196095123742,0.216496044684028,0.507230521846726,7.6176602935791
"1041004",2000,41.2046170425415,23.5454954528809,0.174213990934004,0.151888956349334,0.266405115524337,0.593957422999791,0.691910918315179,0.472430376239364,0.561005461295215,0.448596496668306,0.303556973553559,2.28529808807373
"1041004",2001,59.6255046615601,69.3899601287842,65.3041241531372,2.07754371643066,0.231834629813739,0.241836216028029,0.0552374844445133,0.452600342962708,0.0735286323686857,0.369656265759811,0.346257286071777,0.0824129078707761
"1041004",2002,63.4343348083496,17.5206186752319,5.54011657714844,0.49077237849978,0.305826357861806,0.346257286071777,0.559268352415978,0.205104949728503,0.100302782224784,0.138502914428711,0.176237822700302,2.07754371643066
"1041004",2003,0.346257286071777,0.193109438769677,9.00268943786621,0.548417329421385,3.116315574646,0.143400546313071,7.6176602935791,0.334616201448897,0.0357417260631177,0.406739046909638,0.0446547976529213,0.0074261028135499
"1041004",2004,19.1134021911621,30.6783955459595,3.25481848907471,0.411105582857693,0.354642166084175,0.203993501329816,7.6176602935791,5.54011657714844,2.77005828857422,0.444275576575177,0.397180394453532,2.07754371643066
"1041004",2005,13.8502914428711,31.5094130325317,6.23263114929199,2.42380100250244,0.607821222059175,0.222644815684577,0.0477716658193841,0.32226028349147,0.0717416044984033,0.244808298046572,0.358331206078475,6.23263114929199
"1041004",2006,56.7861949157715,26.6618110275269,11.7727477264404,0.410324041561463,0.609036261429924,0.402308171917608,0.194292911489615,0.594398354980588,0.0717597936651618,0.2634298741964,0.216852733036483,3.116315574646
"1041004",2007,21.4679517364502,20.4291798782349,9.00268943786621,2.07754371643066,0.436339547616844,0.506036522341423,0.0742001707169089,0.041088386718742,0.465223762068356,2.42380100250244,4.29359034729004,0.674190207130123
"1041004",2008,65.0963697814941,10.7339758682251,1.03877185821533,0.0558237204716577,0.61009311153176,0.639634175655038,0.624424516275784,0.149507405109647,0.00857860288573001,0.0373819959984743,0.415104948008547,4.84760200500488
"1041004",2009,2.77005828857422,5.95562532043457,14.1965487289429,0.310525322200518,0.171588553714678,0.143717660098973,0.0197977997429394,0.171478250540372,0.255619785816833,0.0405145151134407,0.491735998177909,1.38502914428711
"1041004",2010,0.346257286071777,28.7393547439575,4.50134471893311,6.92514572143555,0.0759753038534294,0.437050472849874,0.337356750139224,0.244842007719796,0.64074181366281,0.505174353837714,0.62987913730866,0.1723672396363
"1041003",1981,43.4537552642822,58.3420091171265,14.2471328735352,9.26063636779785,0.321938027524076,0.295284666050797,0.517888588552755,0.0388930683359331,0.49120396441913,0.458703157598585,0.588560286967196,0.324720367805899
"1041003",1982,27.0695524597168,21.3706993103027,11.3977062988281,0.25180346851913,0.529676922906164,0.398877586811815,0.320479378202116,0.505793520546835,0.104159867588766,0.16999578940057,0.197644941988498,0.694019123981261
"1041003",1983,0.409298223810562,0.225526431755128,2.13706993103027,0.396616965747129,0.245753838562863,0.434656400748505,0.151876289152572,0.0826903060039268,1.42471328735352,1.42471328735352,0.530779361339646,0.0233840654090948
"1041003",1984,106.497318229675,NA,NA,0.15332833498597,0.182299584136424,0.0491086074219007,0.376414416477891,0.199405972007794,0.294656364531341,2.84942657470703,13.4635405654907,3.56178321838379
"1041003",1985,13.5347762298584,64.4682762527466,9.26063636779785,5.69885314941406,0.589669254418792,0.114916983461355,0.495663875242836,0.13844573532856,0.115376250501381,0.512564867983074,19.9459860229492,36.0452461700439
"1041003",1986,41.316685333252,22.7954125976563,42.0290419769287,5.69885314941406,0.630585371650267,0.181136634899058,0.350850954870546,0.597166557516128,0.202518751261931,0.338246851672902,6.41120979309082,32.0560489654541
"1041003",1987,70.523307723999,22.7954125976563,2.49324825286865,0.28183562829703,0.67495403183644,2.13706993103027,0.622299109898795,0.515237506165022,0.508047995726438,6.41120979309082,0.0168188737308658,0.168236050921069
"1041003",1988,52.7143916320801,0.52469902351957,9.61681468963623,11.3977062988281,0.673531476465785,0.264618150753944,0.545788669061985,0.503375717579692,3.56178321838379,0.179348503110498,0.276396797812522,4.27413986206055
"1041003",1989,5.69885314941406,11.3977062988281,16.3842028045654,24.9324825286865,0.704784478209211,0.667575062942314,0.0709152396635526,0.303293807845335,0.673717495182812,0.675672939840029,0.381384143520789,0.601159967217397
"1041003",1990,22.7954125976563,8.54827972412109,4.27413986206055,0.282690028229369,0.627292986098725,0.53820243365577,0.37010218100402,0.0340075537678362,0.0013023526060819,0.454118977990261,0.061837477808823,25.6448391723633
"1041003",1991,67.673881149292,9.26063636779785,11.7538846206665,2.13706993103027,NA,0.31196789012152,0.404382025925706,0.456475806579135,0.167804011702732,3.56178321838379,4.27413986206055,0.257537419412928
"1041003",1992,NA,0.250572548496251,3.56178321838379,0.712356643676758,0.282484296073855,0.608942250967324,0.0428289778960091,0.226438545620211,0.530535221009792,NA,15.6718461608887,9.97299301147461
"1041003",1993,41.316685333252,0.712356643676758,16.3842028045654,0.185631746360426,0.192506461927969,0.515224283597205,0.133003395279126,NA,0.558857782977981,0.0341710989958107,0.681307712518836,3.34807622528076
"1041003",1994,19.1623937149048,28.4942657470703,1.42471328735352,6.41120979309082,0.50172947653911,0.588744283040353,0.364859702715914,0.198434738393696,0.44334868715123,0.0130693499325789,0.227542527532483,29.9189790344238
"1041003",1995,6.7673881149292,0.60229170205923,16.3842028045654,0.348221591647608,0.539685158327748,0.326527098961698,0.526140761249937,0.0809736903912322,0.199371128131671,0.625894302238047,0.515474620398969,3.56178321838379
"1041003",1996,NA,NA,NA,NA,NA,NA,NA,NA,NA,NA,NA,NA
"1041003",1997,26.8558454666138,62.6873846435547,11.3977062988281,0.606798018420301,0.00438879337156943,0.117462569587938,0.262426410540118,4.98649650573731,6.41120979309082,0.023014485002207,1.42471328735352,0.640491016650848
"1041003",1998,53.4267482757568,0.228563776427379,0.571047824687037,0.192200616613347,0.454044004494883,4.98649650573731,0.490249441376176,0.238350990529272,0.703725260664883,0.475142439872026,0.547930639797245,0.121999461457771
"1041003",1999,19.9459860229492,91.181650390625,53.4267482757568,0.114575518218896,0.0949731591194286,0.00812242096372992,0.469516495175391,0.324125265510118,0.171972132223225,0.224682104904388,0.0721247238078794,8.47704405975342
"1041003",2000,38.894672744751,26.0010174942017,6.12626713562012,0.59021677159187,0.00379319051496989,0.0134852831338423,NA,0.161034116025557,0.391339913600466,0.666808306101078,0.362915156120256,0.338933529729632
"1041003",2001,81.2798930435181,76.7208105239868,66.8902888412476,0.651569699395232,0.706823130902422,0.658913491037738,0.163007501260227,0.595620728014014,0.12766888047528,0.562785181179678,0.706622248614015,12.6799482574463
"1041003",2002,52.6431559677124,22.0830559539795,19.6610433654785,0.703636923787859,0.469554300288385,0.402383727589957,7.26603776550293,0.651636210958049,0.482885682863461,0.108890690287403,0.227223505758695,1.78089160919189
"1041003",2003,39.1796154022217,0.120561697032572,15.4581391677856,0.431320997484418,0.165367724971693,0.686196055802897,15.6718461608887,0.596009103501121,0.389253006048107,0.23847290163594,0.687178646906477,9.26063636779785
"1041003",2004,33.836940574646,31.3436923217773,6.41120979309082,0.655367071533591,0.397703215566027,0.432861868979709,8.90445804595947,0.301706901008752,0.668972766911235,0.0681740637918902,0.508055238267631,0.563991750029926
"1041003",2005,14.6033111953735,50.0786720504761,11.7538846206665,4.27413986206055,0.454954622316695,0.325550454547194,0.649904982551959,0.616926986192508,0.197221188063466,0.15628491073668,0.215787169654843,4.98649650573731
"1041003",2006,88.332223815918,40.5330930252075,14.5320755310059,0.506997076412374,0.205076898181092,0.10906767353333,0.0917724191552462,0.481231034955327,0.00108754815889054,0.477889232042721,0.184699932325531,0.712356643676758
"1041003",2007,23.0091195907593,8.54827972412109,12.8224195861816,0.712356643676758,0.557981549604371,0.646944432500929,0.449299941979149,0.385584307065662,0.367132103048135,0.199184557105986,0.323159189098846,0.366913949421144
"1041003",2008,49.5087867355347,1.42471328735352,0.289966836607609,0.0481457712214223,0.242167250131009,0.058979955879262,0.232310380121693,0.627706107004011,0.219295542721942,0.445854596286285,0.318142039806248,5.20020349884033
"1041003",2009,5.48514615631104,2.13706993103027,0.228717217226507,0.305664514474645,0.303835180294339,0.132336240089518,0.468444461416461,0.512476123094249,0.157435367349294,0.0902535026754731,0.278498875774404,9.97299301147461
"1041003",2010,4.27413986206055,22.0830559539795,3.56178321838379,12.1100629425049,0.607284559888241,0.36319913432434,0.346269413075104,0.3765689396693,0.382108145700992,0.050375918614438,0.0175329182669537,0.214882281910965
"1611001",1981,0.261248069352588,1.36754608154297,0.192808548428036,0.547018432617187,0.104415072969456,0.265445234729827,0.202994543379949,0.200639547542088,0.123087415964338,0.0583509928543613,0.0559730640333835,0.1672816250355
"1611001",1982,0.0824271984984565,0.15914736665483,0.109246364518209,0.0933502776170607,0.166349419309133,0.547018432617187,0.166435544928626,0.105625391734809,0.140837696394598,0.205917097133174,0.115152405183876,0.177963697842203
"1611001",1983,0.127859755862042,NA,NA,0.182025236639895,0.269272322444044,1.64105529785156,0.0114608241113391,0.240719445163655,0.148724033435444,0.0355907391596555,0.0714736112481785,0.820527648925781
"1611001",1984,16.137043762207,6.83773040771484,8.47878570556641,0.0418863135346939,0.259061645947141,0.11949220609854,0.258487953418514,0.109403686523438,0.0613332823668137,1.23079147338867,0.0393927612031188,0.179419312493636
"1611001",1985,0.0547018432617188,0.164105529785156,0.14924927810212,0.110558746174007,0.118721629502153,0.055525478490111,0.222163122987169,0.116403435485183,0.205146074194367,0.0776578937164734,0.191946166729338,1.36754608154297
"1611001",1986,NA,NA,NA,NA,NA,NA,NA,NA,NA,NA,NA,NA
"1611001",1987,NA,NA,NA,NA,NA,NA,NA,NA,NA,NA,NA,NA
"1611001",1988,NA,NA,NA,NA,NA,NA,NA,NA,NA,NA,NA,NA
"1611001",1989,0.213512286076872,4.95051681518555,0.200516005640581,0.0737202997957244,0.0769462103753601,0.17376445842783,0.0775145120886218,0.255252798220656,0.13714507250258,0.0102071218052369,0.155879207208328,0.228893180154068
"1611001",1990,0.173443545105368,31.4535598754883,1.36754608154297,0.184115947838902,0.000337446714315348,0.547018432617187,0.175065599501577,0.258269565695019,0.210244407910791,0.064846774252478,0.220491626217727,0.136754608154297
"1611001",1991,2.46158294677734,0.159430523573311,0.179474006092764,0.266024960299999,0.209159340954253,0.203521270993684,0.0890461885536965,0.168665631817936,0.143813896698575,0.268940428677751,0.0457263311692017,0.266490324014021
"1611001",1992,0.136754608154297,0.173524621496134,0.23974195016915,0.23332659484809,0.0583691089819129,0.216293992336967,0.258490281480462,0.222736791125846,0.0247549582248162,0.260964528817794,NA,2.87184677124023
"1611001",1993,0.683773040771484,0.221714143395969,0.122955887341858,0.264475518218356,0.241569626602706,0.216446282090911,0.157092039730378,0.20551033081098,0.127622656590588,0.202535422537444,0.167689058801682,NA
"1611001",1994,0.136754608154297,0.00672989369693299,0.00946727342319029,0.169154865012668,0.193173897370448,0.207233547006858,0.0457754669805264,0.0485708557468332,0.205119964213534,0.213914894517872,0.132637981888469,0.101787582186629
"1611001",1995,0.0767869536295308,0.264245537372984,2.73509216308594,0.148845106284545,0.0134725039180303,0.240047253797405,0.0544613551120376,0.0608928238466012,0.0848080764653633,0.0119861757626438,0.138394787147674,0.192812718790771
"1611001",1996,1.23079147338867,0.246008964679029,0.166063262681749,0.148669045119135,0.202801542981589,0.109750603326082,0.161237295082967,4.78641128540039,0.249076159931476,0.24852464366076,0.145024123126004,0.0968583934614282
"1611001",1997,11.8976509094238,3.14535598754883,1.36754608154297,0.547018432617187,0.213090297688708,0.0456403887608864,0.195896846398584,0.150458259432245,0.119893360121715,0.115350360371554,0.130098743745135,0.131886811157548
"1611001",1998,NA,NA,0.0250438032867766,0.0936825674812067,0.114278312234439,NA,0.0360719450047285,0.016329663380365,0.260228826854303,0.161813638155781,0.111932084232707,0.098929439420926
"1611001",1999,0.233423613795358,11.7608963012695,2.18807373046875,0.0237345029156607,0.159361175881967,0.138020128441041,0.0896842016423602,0.0261392802298197,0.0175923003039909,NA,0.191679961143258,0.142351912004014
"1611001",2000,0.0487632065319773,7.16594146728515,0.181824667524792,0.236777380750078,0.0965383647362781,0.0759415200791677,0.226947379953659,0.257582469714213,0.241770557873515,0.14768253119303,0.0687479232861734,0.104756438250539
"1611001",2001,6.83773040771484,16.9575714111328,0.0223498898869934,14.0857246398926,0.202856883965086,0.243349307248051,0.101114772538376,0.0597579340209027,0.156531000044589,0.270692578293453,0.12320121978102,0.220698778135271
"1611001",2002,2.68039031982422,0.957282257080078,0.0318712309218685,0.172684851826665,0.109460465533186,0.129469098064416,4.64965667724609,0.178627140158316,0.162993867048414,0.240530064220871,0.0591756177033094,0.123471366668101
"1611001",2003,0.0797663725788115,0.13482697642749,3.00860137939453,0.159968551820588,0.224184424341857,0.224660917195608,0.143271627274928,0.228746709727137,0.133496502078869,0.0436161954461011,0.170699313905152,0.224710115796722
"1611001",2004,3.55561981201172,1.91456451416016,0.257730913561782,0.130047109779038,0.238744179040168,0.0469858119189048,0.102939869114018,0.0975869494885051,0.162653428139593,0.126526730312103,0.171675595579335,0.177971562740798
"1611001",2005,2.18807373046875,2.18807373046875,0.014488918201226,0.23537378775666,0.199063934154495,0.176933405423759,0.191999291220571,0.114347628785614,0.0264198212467551,0.00536170962274305,0.170286123410702,0.00432485592614712
"1611001",2006,1.09403686523437,3.69237442016601,0.0124735508636206,0.244854710762816,0.14516625717298,0.222499302252035,0.0644740508850505,0.0906053144636732,0.230816679663254,0.258207447617353,0.12479560559592,0.243129064105416
"1611001",2007,1.09403686523437,0.820527648925781,0.101005239764607,0.142597345123353,0.228968723338022,0.0996179295770212,0.0871650877535388,0.0959410190524097,0.095494423371682,0.207301741875142,0.102561209182255,0.0399911334299766
"1611001",2008,16.7934658813477,0.126385298988568,0.236456084830204,0.224772693207798,0.117406392184614,0.011630002407896,0.00865078596523468,0.24824604664369,0.14452119354253,0.260784627095242,0.202973732768094,0.273509216308594
"1611001",2009,0.22124879999629,0.148985633715326,0.245146537702907,0.0494856023458982,0.203925083584893,0.0764737452381705,0.269809383499328,0.156237828855369,0.199174616630939,0.181247596383369,0.0325134048847493,0.260177773343501
"1611001",2010,0.200732151845052,0.273509216308594,0.0970368496178609,0.547018432617187,0.00458745842275157,0.163377420762785,0.239107883030226,0.160729791715553,0.183830087775458,0.112488175242584,0.204295476406801,0.140053108696353
"1042001",1981,26.1520635223389,163.450397014618,25.425617313385,13.0760317611694,0.226207952519368,0.21025715236923,0.326068572403772,0.501048513643584,0.705878674711526,0.665425433026381,0.68455154899824,0.0880522593203984
"1042001",1982,85.7206526565552,8.71735450744629,NA,18.8876014328003,0.135095117004593,0.415553329268754,0.58642912245584,0.656205494773094,0.347854301434664,0.453410155982645,0.609396367650805,6.53801588058472
"1042001",1983,0.53277622050989,0.242620428565067,3.63223104476929,0.371203876404682,0.244012692861233,2.90578483581543,0.208197957001573,0.530626213600507,2.17933862686157,0.145289241790771,NA,NA
"1042001",1984,150.374365253449,152.55370388031,28.3314021492004,0.659941780180726,0.304536106099393,0.574897110053773,0.50985512825705,0.000288044626946951,0.408042316893846,0.049233965017335,7.99090829849243,0.0122580257344122
"1042001",1985,87.8999912834167,121.316516895294,22.5198324775696,1.45289241790771,0.143997300868985,0.641541872220131,0.165356750048235,0.222101702238776,0.0689619982663991,0.192934077439224,8.20884216117859,26.5879312477112
"1042001",1986,27.9681790447235,21.0669400596619,38.8648721790314,0.726446208953857,0.307714422784158,0.0228581612354429,0.538897928350916,0.277587142719158,0.0464439060891353,0.0401424152271659,26.1520635223389,19.6140476417542
"1042001",1987,105.697923402786,34.5061949253082,0.33058721200069,0.275828493206526,0.598026849733092,20.340493850708,15.9818165969849,0.276622706572478,0.0527989882854622,15.9818165969849,0.726446208953857,0.0141885251443603
"1042001",1988,3.48694180297852,0.20249820176159,1.74347090148926,1.81611552238464,0.479598420708434,0.721646277940387,0.113066387244859,0.149719174577083,0.537986303808087,0.60890933698268,0.197101452840767,21.0669400596619
"1042001",1989,21.0669400596619,0.553902888165818,0.558409679749239,0.356715780829555,0.127294313135783,0.427776190341315,0.686191236837347,0.569867553649571,0.253524930600601,0.161737102006837,NA,NA
"1042001",1990,NA,NA,NA,NA,NA,NA,NA,NA,NA,NA,NA,NA
"1042001",1991,47.5822266864777,24.3359479999542,42.1338801193237,1.81611552238464,0.120026015475773,0.647965602668252,0.0322070667452958,0.599852776288145,0.18676247953123,0.115479278518406,0.498768878313524,0.690657822741996
"1042001",1992,50.85123462677,0.146320593665272,0.263669770803383,0.601908133724149,0.439631155110133,0.675613487382233,0.217933862686157,0.0402549680571755,0.309497152100035,NA,8.71735450744629,14.8921472835541
"1042001",1993,39.9545414924622,0.49905569482264,15.255370388031,0.292241754902594,0.131944802285915,0.698334009776876,0.280372437003463,NA,0.361919451901458,0.522023945717732,NA,23.2462786865234
"1042001",1994,29.4210714626312,18.1611552238464,7.26446208953857,14.5289241790771,0.263957575253038,0.186894976548301,0.710685284175979,0.625709257226652,0.636542059574804,0.571451878254802,0.725017579447656,39.2280952835083
"1042001",1995,7.26446208953857,0.598396691642044,30.510740776062,0.483086586566391,0.619743177167359,0.70699081363498,0.191607722697162,0.196769060829864,0.644552750489373,0.219024243441263,0.396142462312497,0.421377714366366
"1042001",1996,15.9818165969849,35.595864238739,5.81156967163086,0.716428227859913,0.633993542044687,0.660349595811018,0.447451936317237,0.100061383068408,0.59557429487107,0.447977868095501,1.16231393432617,NA
"1042001",1997,13.9477672119141,11.8410732059479,0.120866228543971,0.0732205404014412,0.0085737427699506,0.509196712485413,0.677578016024338,15.9818165969849,1.45289241790771,0.517952123160637,0.369680909993859,0.64692035819494
"1042001",1998,47.5822266864777,0.726446208953857,2.90578483581543,0.47888862966081,0.441352196410671,8.71735450744629,0.0703525172178588,15.9818165969849,0.679829973120238,0.515358156475517,NA,NA
"1042001",1999,26.5879312477112,112.817096250534,90.8784207401276,8.35413140296936,0.2520119027938,0.264827779868656,0.00563043787454909,0.678924403074849,0.614872599863815,0.174034393345801,0.595681760170951,12.422230173111
"1042001",2000,44.0952848834991,34.1429718208313,10.170246925354,0.520948075087702,0.0373907555738757,0.0350356967935664,0.303028982087237,0.483431332316217,0.0398454250109053,0.00536571057251248,0.206773997928878,0.237977579589922
"1042001",2001,146.088332620621,88.5537928714752,0.179424766912618,0.232180473558574,0.0208198754999085,0.0705440033002291,0.38752998672565,0.455277455106005,0.207694930018349,0.633461345698421,0.435637203443726,16.5629735641479
"1042001",2002,28.1134682865143,35.3052857551575,22.7377663402557,2.90578483581543,0.269235005448036,0.0839803295292163,8.71735450744629,0.213066372371206,0.168749419046733,0.362587253192787,0.239009157467871,0.0240658922435791
"1042001",2003,0.66491463055702,5.085123462677,18.0158659820557,0.298800155464867,0.726446208953857,0.697902551398356,0.0686051237324385,0.568058054883051,0.591082375843643,0.678931720532741,0.0603842316811037,0.327073462694324
"1042001",2004,44.3132187461853,58.6968536834717,10.5334700298309,0.261111635187532,0.546542951198116,0.514139725230721,0.265511717691265,7.99090829849243,0.197706488532581,0.128931752272704,0.539748513864513,0.0789284826425992
"1042001",2005,53.7570194625854,82.8148678207397,4.35867725372314,0.0811939517408721,0.534324646390278,0.235404671717468,0.129144267737565,0.228262594328524,0.543319392553548,0.172764813809473,0.59698834798356,7.99090829849243
"1042001",2006,87.1735450744629,26.1520635223389,11.2599162387848,0.403580771160423,0.424755000009276,0.540562741948463,0.228954035830998,0.645420406519467,0.216749850572599,0.265539280234391,0.11473398368536,0.385787724069926
"1042001",2007,19.9772707462311,13.8024779701233,15.9818165969849,0.426361368323211,0.152213118752167,0.466587255138734,0.528960101185051,0.645581843716318,0.318582382690326,0.663532084645978,0.0651736679617237,0.657201075487338
"1042001",2008,35.2326411342621,2.17933862686157,3.63223104476929,0.282243483569143,0.186917340098738,0.453030365997891,0.48598571389333,0.187509044428564,0.411607700935329,0.140571700011762,0.60155746625095,13.0760317611694
"1042001",2009,13.0760317611694,22.5198324775696,9.44380071640015,7.26446208953857,0.29778718642206,0.464396424855175,0.409932128917326,0.408332326238702,0.443992231468445,0.552631492584708,0.395822879362538,0.240570512666989
"1042001",2010,4.35867725372314,18.8876014328003,1.45289241790771,13.8024779701233,0.248014504921524,0.0186706752141219,0.102079400208396,0.217061932887195,0.720790066020005,0.604301931410357,0.244644989690583,2.90578483581543
"1730017",1981,0.0447537835441595,9.88260650634766,0.144884104947204,0.0116365107648022,0.250284961438008,0.0938319382070802,0.00987736289753656,0.0858836364154256,0.166773363625321,0.109373653422946,0.206358685820889,0.208144490149107
"1730017",1982,0.141518255937432,0.301248541259621,0.304080200195312,0.213714265087969,0.0989226718875287,0.263397868429639,0.135454982829014,0.198379554734898,0.301812646539712,0.0933947881914477,0.00780248548171868,0.191288444846145
"1730017",1983,0.198147133388143,4.865283203125,0.176289871128988,0.241558438645348,0.00859527667256827,0.608160400390625,0.138590410498313,0.0956500186818552,3.19284210205078,0.0288138941864488,0.274905293299197,0.202147884530366
"1730017",1984,17.3325714111328,8.21016540527344,2.4326416015625,0.00666972479927495,0.102011661660945,0.279225943495795,0.147397779380182,0.304080200195312,0.190647381839089,0.0644281116920843,0.0690083313259562,0.0916386938223931
"1730017",1985,0.912240600585937,2.4326416015625,0.912240600585937,0.0408343389690693,0.0528273996166761,0.00128765337757599,0.254888711253054,0.143484284485716,0.160892550008955,0.127543866187266,0.120160904484354,3.07121002197266
"1730017",1986,3.34488220214844,4.56120300292969,1.52040100097656,0.0254409131496011,0.134685868940053,0.237530377353264,0.0297585780276073,0.100907724744218,0.00955158871408272,0.0140334995680447,0.456120300292969,0.456120300292969
"1730017",1987,10.186686706543,0.192272000698682,2.73672180175781,0.199130781846018,0.136251726738571,0.241013423304511,0.0690070132574596,0.0762514304351113,0.009635131119596,0.608160400390625,0.0167361589835018,0.159751733653219
"1730017",1988,1.52040100097656,0.101293999524815,12.7713684082031,0.146981778923003,0.237825899043371,0.218274115866041,0.207779938895987,0.0704637636298054,0.152040100097656,0.608160400390625,0.18510458528509,0.137655336160242
"1730017",1989,0.22244149813809,11.220559387207,3.34488220214844,0.172895760074263,0.0317531843852266,0.0918594269310802,0.157306313886132,0.0774145594383739,0.274525749468273,0.1485757132018,0.251117105225128,0.0354469539266575
"1730017",1990,0.212183836619478,8.21016540527344,0.304080200195312,0.251775026085415,0.177751530858679,0.185985123008079,0.181963250202283,0.247701880011543,0.296262600644381,0.230781101735937,0.291809987202709,3.95304260253906
"1730017",1991,5.16936340332031,0.0078455463270977,0.912240600585937,0.262338205643989,0.157771056823586,0.0835989012127036,0.153671585416568,0.25493837440598,0.300857311597802,0.0351666853553687,0.0851304999917843,0.182622636888973
"1730017",1992,0.912240600585937,0.0807145676097952,0.130532008463463,0.169619797148115,0.223702201096482,0.0711958452243074,0.00985770068843976,0.15971589269671,0.213896378867583,0.0516329314233196,0.0632038167209039,6.53772430419922
"1730017",1993,1.27713684082031,0.155995102857296,0.364896240234375,0.0482088733029486,0.0256475965840792,0.123184219443517,0.194598239660225,7.90608520507812,0.0323501143639896,0.0732208487180151,0.233332403176558,0.215885350813365
"1730017",1994,0.152040100097656,1.42917694091797,5.32140350341797,0.00830197326264184,0.195601080857776,0.284131924781665,0.284292426542525,0.0628964336887116,0.027257511797356,0.160850060937825,0.0440063904923066,0.0912240600585937
"1730017",1995,1.52040100097656,0.0810431020412202,4.25712280273437,0.286490858171373,0.107490530299874,0.252589310423181,0.00278973144372543,0.284723964235667,0.0544073198332562,0.090579857900468,0.189700028726917,0.0447350827880455
"1730017",1996,1.24672882080078,1.42917694091797,0.182448120117187,0.125909215719823,0.149756374845362,0.0688767050142217,0.0443874605413421,3.8922265625,0.288830135157517,0.150622791316162,0.235191448628328,0.0484144615447761
"1730017",1997,5.07813934326172,5.53425964355469,3.55773834228516,0.0831000753333959,0.0363754474801355,0.269242082192991,NA,NA,0.456120300292969,0.164159614114273,0.241555906158367,0.232808858326898
"1730017",1998,3.64896240234375,0.175360210167687,NA,0.0410837679093396,0.00570923879158867,0.196698376244205,0.0520323193464563,0.00950433521154607,0.0530914538993592,0.147284652754865,0.0566224633274083,0.912240600585937
"1730017",1999,0.0190764900987674,14.2005453491211,3.8922265625,0.247753497292876,0.242125070536088,0.0854192534210477,0.179754656624277,0.225877179998468,0.00648033073908322,NA,0.255500842950425,0.0227302944893467
"1730017",2000,NA,4.77405914306641,3.77059448242187,0.194753097238959,0.0473917678299088,0.27750239041626,0.11231914796703,0.0984586709963722,0.0246397348036574,0.161668215654841,0.291226749857846,0.263704898811073
"1730017",2001,5.99037994384766,18.9746044921875,6.17282806396484,0.16537462207267,0.279416263680175,0.121895854109299,0.222598780518239,0.223697684320639,0.292925681740709,0.282816521308069,0.192003314520674,0.251760192168592
"1730017",2002,0.638568420410156,4.865283203125,0.0912240600585937,0.0122131450233276,0.147385236949901,0.153405637963578,5.77752380371094,0.0607372105089858,0.255812439667135,0.0878373839948332,0.020895712706055,0.151349428523849
"1730017",2003,0.0322763227059453,0.236110177557696,0.152040100097656,0.171454699651731,0.0118256492399226,0.203521089877628,0.0830200576654939,0.183607210975442,0.198778278774042,0.21435606419419,0.0248033055677503,0.608160400390625
"1730017",2004,1.67244110107422,8.51424560546875,0.184932347355112,0.0713308800921843,0.27687343824763,0.194647419608687,0.121397837747916,0.194695498842162,0.0270737115102669,0.0152372646152713,0.177862350421632,0.0489049486248355
"1730017",2005,9.39607818603515,7.75404510498047,4.10508270263672,0.189370895475954,0.178124456593838,0.210923982260161,0.175912105065694,0.247302329250272,1.06428070068359,0.245748777908339,0.0640329281787707,1.06428070068359
"1730017",2006,7.75404510498047,16.8764511108398,0.300167499596945,0.148674326772218,0.166945018665579,0.0657039084003224,0.301904757487842,0.157563737612393,0.186860545489682,0.296625206831388,0.210295657797138,0.257208225707652
"1730017",2007,0.274625209513791,10.6428070068359,0.0667988817149598,0.122973096262713,0.271046462104357,0.208741889101696,0.17390292065952,0.21736494326957,0.214157965656941,0.0637850854235246,0.201105858389023,0.0892641054576707
"1730017",2008,18.8529724121094,5.16936340332031,0.234932157927461,0.00312529219903794,0.234381136903841,0.265512783140682,0.0791842359237954,0.261826680726596,0.279126952636501,0.0807205179984117,0.0376746473558035,0.264948031393199
"1730017",2009,4.56120300292969,3.4056982421875,0.0519035916243078,0.608160400390625,0.0376249017926226,0.273737250336642,0.0994430535710349,0.0626410334740641,0.204828506211547,0.265914862211782,0.244771182710302,0.107469033188203
"1730017",2010,0.0903278471261822,3.64896240234375,0.119656125030466,0.107117565695961,3.04080200195312,0.0886815960700667,0.220758504710194,0.255243975210194,0.105187984499238,0.0174159861039719,0.119655541574352,0.127346088582739
"1730018",1981,NA,NA,NA,NA,NA,NA,NA,NA,NA,NA,NA,NA
"1730018",1982,NA,NA,NA,NA,NA,NA,NA,NA,NA,NA,NA,NA
"1730018",1983,4.74889240264893,10.2440393257141,0.135682640075684,0.273913921453653,0.164533555936806,4.07047920227051,0.183557282312414,0.323544396855169,9.22641952514648,0.484100753789314,0.255960454624233,1.35682640075684
"1730018",1984,113.837735023499,83.2412996864319,8.54800632476807,1.01761980056763,0.464049830927431,2.9171767616272,0.18690376168339,3.93479656219482,0.0875618453208226,7.80175180435181,3.39206600189209,4.20616184234619
"1730018",1985,17.570901889801,58.8862657928467,16.1462341690063,0.135563052498165,0.391613161807506,0.652774352987919,0.448388805782586,0.11069638531477,0.339206600189209,0.146562833903489,5.22378164291382,8.2766410446167
"1730018",1986,22.7946835327148,5.02025768280029,11.3295004463196,0.814095840454101,0.585953334304831,0.271365280151367,0.643784897214912,2.57797016143799,0.466520311073216,0.189853275169912,8.41232368469238,40.0942201423645
"1730018",1987,84.6659674072266,5.56298824310303,3.86695524215698,0.29034423827553,0.419543133218782,3.52774864196777,4.81673372268677,0.576518219425817,0.187915835521382,3.93479656219482,0.176478900907377,0.446582979613
"1730018",1988,31.6140551376343,1.22114376068115,3.79911392211914,1.89955696105957,0.440522006357165,0.556334421021487,0.593366675419298,0.294725072512743,0.135682640075684,0.610045223862818,0.242634150923136,3.18854204177856
"1730018",1989,13.7717879676819,42.4008250236511,16.281916809082,0.542730560302734,0.598762091352104,0.335325591591502,0.0872573787399521,0.465826562031543,0.376819418014402,0.457704753276989,0.610571880340576,0.15748904506231
"1730018",1990,16.0783928489685,17.5030605697632,8.88721292495728,0.563798432011158,1.42466772079468,1.15330244064331,0.0917521322942046,0.0374439502534681,0.540834538482449,0.128155355761322,0.627252653680427,40.3655854225159
"1730018",1991,44.3682233047485,10.9902938461304,13.1612160873413,0.161030399832541,0.338987070166182,0.0196087815801911,0.339206600189209,0.443005737064044,0.0912261975777694,0.206177022970499,0.274452423732111,1.69603300094604
"1730018",1992,27.7470998954773,0.496087005412923,0.339206600189209,0.427593613271661,0.518337893401372,0.0678413200378418,0.0236955567587049,0.135682640075684,0.542730560302734,0.0545885308881793,3.52774864196777,40.297744102478
"1730018",1993,48.3708611869812,0.309764653007986,10.3797219657898,NA,NA,NA,0.271365280151367,18.7242043304443,0.440948206623739,0.378485716508579,0.19259158098658,7.73391048431396
"1730018",1994,14.7894077682495,24.7620818138123,3.93479656219482,9.15857820510864,0.362462264003131,0.0153256343751769,0.282361792764831,0.54418767567278,1.01761980056763,0.440833210050993,0.466400375077716,14.6537251281738
"1730018",1995,NA,NA,NA,NA,NA,NA,NA,NA,NA,NA,NA,NA
"1730018",1996,NA,NA,NA,NA,NA,NA,NA,NA,NA,NA,NA,NA
"1730018",1997,NA,69.1981464385986,15.2642970085144,2.03523960113525,0.227786397762139,0.588823864887771,0.156609771580004,2.78149412155151,6.44492540359497,0.67427632001519,0.239683119801303,0.41291844611004
"1730018",1998,61.2607119941711,0.0263246248979024,0.39947044252569,0.512411600960046,0.0153210882613244,0.339206600189209,0.238191963182539,0.177014191794961,0.600907282448772,0.0473087115116274,0.448153845256237,1.01761980056763
"1730018",1999,11.8043896865845,76.1179610824585,65.3990325164795,0.494313958302188,0.0480549407551389,0.365232019842064,0.316640361072463,0.134141935191292,0.260008105676197,0.668382698591233,NA,0.424359187290798
"1730018",2000,65.3990325164795,17.2995366096497,5.08809900283813,0.678413200378418,0.136382215901855,0.562652775306518,0.596861475841804,0.614084943027314,0.2168865011802,0.488668564235078,0.118101950443732,0.283142683895348
"1730018",2001,74.7611346817017,83.5805062866211,65.3311911964417,0.278045860024796,0.157830635738681,0.22411530238993,0.633923816791022,0.151554245775925,0.315286059050178,0.0317563873118637,0.613184909153226,16.281916809082
"1730018",2002,1.76387432098389,37.1770433807373,21.7770637321472,0.620034866067669,0.574207046128389,0.646238541686295,8.14095840454102,0.172334005572151,0.00941213537206913,0.0334029126353973,16.6211234092712,0.402539838302883
"1730018",2003,6.10571880340576,1.01761980056763,25.4404950141907,0.413739881859857,0.307916063893713,0.620755846775172,0.0471147399330688,0.0619833926445385,0.341400662523146,0.206952971519154,0.384325529799799,0.339206600189209
"1730018",2004,40.297744102478,31.9532617378235,9.49778480529785,0.562360855121649,0.0805398920544451,0.237052682188942,0.631476433513031,0.652964970225983,0.287203645215541,0.183281053731114,0.11393662563325,0.609216879934364
"1730018",2005,15.6035036087036,67.1629068374634,5.76651220321655,0.66281039032147,0.314684981641411,0.19315328343565,0.471315739015526,0.51684669192328,0.375973057537109,0.152663463121645,0.113015689997314,17.9779498100281
"1730018",2006,67.2307481575012,11.6687070465088,28.1541478157043,0.360112851603159,0.359960212683302,0.172534846946189,0.373340736464773,0.477967896618636,0.010371368080174,0.38835962243563,0.370097654055103,2.71365280151367
"1730018",2007,67.8413200378418,26.3224321746826,6.10571880340576,0.109947554704071,0.286649027065358,0.236649075070448,0.381912322380102,0.355023841469449,0.445994257948088,0.126149625366981,5.08809900283813,0.360267071972301
"1730018",2008,54.4087386703491,11.1938178062439,2.71365280151367,0.441011500924903,0.510000870438695,0.200395133813361,0.287991028786128,0.344451977779569,0.259358124017487,0.131719675980468,0.00490513000860311,1.35682640075684
"1730018",2009,1.35682640075684,16.281916809082,11.3295004463196,10.8546112060547,0.426844713160594,0.473335639903106,0.259545342371639,0.310202455729198,0.391719403545243,0.29706198448173,0.0263329954274664,5.69867088317871
"1730018",2010,14.5180424880981,38.3303458213806,3.18854204177856,5.15594032287598,0.479889059754816,0.0817397372483821,0.437968980624155,1.28898508071899,0.608320747084348,0.230688780363792,0.549450897640613,5.42730560302734
"1042002",1981,NA,NA,NA,NA,NA,NA,NA,NA,NA,NA,NA,NA
"1042002",1982,NA,NA,NA,NA,NA,NA,NA,NA,NA,NA,NA,NA
"1042002",1983,0.576658211608233,1.61894292831421,2.26652009963989,0.247710023913391,0.439141251861829,0.971365756988525,0.606493790632992,0.0222380841332962,8.09471464157104,1.61894292831421,0.117703607402925,7.7709260559082
"1042002",1984,88.070495300293,92.6035354995728,29.4647612953186,0.508317670971099,0.197584867904362,0.225997614815493,0.0994399559703186,0.620250301844199,0.626333841301407,3.56167444229126,11.9801776695251,0.174127042149714
"1042002",1985,5.82819454193115,33.9978014945984,1.61894292831421,20.0748923110962,0.407408363725059,0.511102713070137,0.497833589337562,0.33234888768168,0.611783375887359,0.247574955475294,11.9801776695251,21.6938352394104
"1042002",1986,21.3700466537476,12.9515434265137,22.6652009963989,6.47577171325684,0.100165148262082,0.45433305861664,0.468904230826501,0.322767290940383,0.46719845599484,0.304980401513553,15.2180635261536,36.911898765564
"1042002",1987,55.3678481483459,19.4273151397705,0.0734810559593945,9.71365756988525,0.550902440688193,4.85682878494263,9.71365756988525,0.148919630033302,0.486167373640539,0.211859830934256,0.168161255735076,0.151726109436951
"1042002",1988,12.9515434265137,0.022034743956278,11.0088119125366,0.04401797611108,0.360348751321966,0.488633675074947,0.404363704679615,0.360052253557098,0.12850634556819,0.211992365132544,0.163769202086052,2.59030868530273
"1042002",1989,11.6563890838623,11.9801776695251,25.9030868530273,6.47577171325684,0.276558203673125,0.348335654464758,0.286030386781882,0.283534352207042,0.380179841685567,0.529708933173222,1.68370064544678,0.14761412034653
"1042002",1990,1.94273151397705,2.91409727096558,0.411745826730574,0.313147244407548,0.297365924742653,1.29515434265137,0.335558136616416,0.541336681437938,0.0102604417553912,0.182826560750724,0.226894007158818,0.617323116906077
"1042002",1991,49.5396536064148,1.94273151397705,31.7312813949585,0.0344572312119252,0.0750164119089635,0.410552009652704,0.231094731130265,0.0202052384242995,0.327494562185288,0.265708803259523,0.0413900877891798,6.15198312759399
"1042002",1992,0.638272193011084,0.211811916342045,0.0658476393343937,0.539057813332634,0.452797094889782,0.122555063786437,0.647225586563342,0.515117473625849,0.225528667369153,0.592749512617099,0.384497215171433,12.9515434265137
"1042002",1993,NA,NA,NA,NA,NA,NA,NA,NA,NA,NA,NA,NA
"1042002",1994,NA,NA,NA,NA,NA,NA,NA,NA,NA,NA,NA,NA
"1042002",1995,1.94273151397705,3.23788585662842,4.85682878494263,0.438592066052887,0.106458426520117,0.225970564730593,0.401019833452403,0.487155357011051,0.461183737251276,0.0929027266740494,3.56167444229126,4.85682878494263
"1042002",1996,24.2841439247131,12.6277548408508,0.641163302273567,0.52598154723969,0.451960283567712,0.595589192401698,0.47241958435759,1.94273151397705,0.445390779503188,0.46765109884668,9.06608039855957,37.5594759368896
"1042002",1997,NA,93.5749012565613,45.3304019927979,12.303966255188,2.59030868530273,0.401196009407234,0.564769871631501,11.0088119125366,13.5991205978394,0.467954354383334,1.29515434265137,0.647577171325684
"1042002",1998,50.705292514801,0.0105405982872374,0.0855369529425757,0.0440306360019343,0.400438312112555,7.7709260559082,0.170449739416862,0.407965203517201,0.618396815268925,0.353492207809888,NA,0.569410815734283
"1042002",1999,18.1321607971191,101.669615898132,72.5286431884766,5.18061737060547,0.334586461006696,0.120182780718976,0.588842611496881,0.0879315651535614,0.307477548663092,0.231970840659354,0.0998611934272217,8.15947235870361
"1042002",2000,44.8123402557373,24.8022056617737,14.5057286376953,0.0405293338716462,0.239727592348947,0.263850953533871,0.485440558850288,0.427171231653428,0.251646623194053,0.0381967060483205,0.0465986693429333,0.191151432072329
"1042002",2001,113.97358215332,106.202656097412,86.1277637863159,2.59030868530273,0.383173059191062,0.250359658479536,0.19390417105726,0.192748983948019,0.00244125757243086,0.102328599897539,0.138634943829276,10.2317193069458
"1042002",2002,34.5806209487915,24.607932510376,29.7885498809814,0.292718692383955,0.37351795879025,0.133494438156667,1.94273151397705,0.354425241238138,0.38965463291428,0.589037455607804,0.31792059997711,0.62404203617931
"1042002",2003,12.303966255188,4.53304019927979,11.6563890838623,0.146834810093421,0.294934283500583,0.462150273818302,0.166596087336998,0.443831805880025,0.255344511197416,0.596187077289388,0.420337437647831,0.528187810610856
"1042002",2004,22.4709278450012,36.911898765564,0.200015212323693,0.64462821948703,0.420101544370413,0.268919374347334,7.12334888458252,0.130886930804056,0.614254821490839,0.371096338410039,0.379349887044215,0.508808317016528
"1042002",2005,0.230016977350466,0.444730386432675,1.94273151397705,0.647577171325684,0.487180574415985,0.0911756301828228,0.295301086065389,0.61654947868815,0.440312945906707,0.441040451400942,0.410982970792345,17.8083722114563
"1042002",2006,44.0352476501465,35.6167444229126,22.3414124107361,0.254540733649026,0.292943540730215,0.357541013241859,0.00522083223906056,0.414133549542491,0.251023911712327,0.397360821634568,0.380590629323433,1.35991205978394
"1042002",2007,16.4484601516724,8.41850322723389,16.1894292831421,0.575033402180128,0.237406780976597,0.246971411519141,0.475396805906668,0.62796595461128,0.0264640818998308,0.339526643375461,6.47577171325684,2.26652009963989
"1042002",2008,77.709260559082,6.47577171325684,0.543194581673487,0.165477315601297,0.0606985795470018,0.595716446431134,0.332594635967566,0.381977293335852,0.313884980342017,0.12040160527009,0.46510188956396,2.71982411956787
"1042002",2009,1.29515434265137,1.74845836257935,3.95022074508667,0.647577171325684,0.504537216325081,0.51165191471054,0.522878586807288,0.459544931455541,0.361088308025112,0.543598194644453,0.647577171325684,11.6563890838623
"1042002",2010,20.0748923110962,39.5022074508667,9.06608039855957,3.8854630279541,0.22248491539098,0.363181565530075,0.503184036152134,0.366114653039592,0.204066980349548,0.0515270210877972,0.37871021464089,0.647577171325684
"1740001",1981,0.707431182861328,3.53715591430664,0.215704900331043,0.181544212043236,0.168724408675132,0.141647933314788,0.165861929029427,1.2969571685791,0.123299165339211,0.0773227334926234,0.0603830221934624,0.0497829261609555
"1740001",1982,0.0651561522363241,0.105527651878449,0.825336380004883,0.208800062461645,0.156142910901966,0.707431182861328,0.0826137240697268,0.141143358916987,0.233064744071134,0.129425329725547,0.0640284635902356,0.213742770348463
"1740001",1983,0.0117707270940913,2.24019874572754,0.138731972617403,0.229832816726367,0.0818252159830107,1.06114677429199,0.0723947922804332,0.13356601367135,2.5939143371582,0.0991412416455296,0.0712194148328181,1.06114677429199
"1740001",1984,20.2796939086914,8.37126899719238,4.12668190002441,0.150667413016258,0.157868860783743,0.471620788574219,0.204076167368641,0.707431182861328,0.163561989712025,0.235810394287109,0.204137504507543,0.118036973167946
"1740001",1985,0.707431182861328,1.76857795715332,3.30134552001953,0.0644973989972482,0.0870695486339486,0.226259571853181,0.0221507097695362,0.0948624884821284,0.209558755432364,0.149557993638197,0.224326575903894,0.825336380004883
"1740001",1986,1.53276756286621,1.76857795715332,0.589525985717773,0.0261744143430966,0.160676865013492,0.0739254364671376,0.0605792377008279,0.212153336947488,0.127571428918204,0.0620560570826234,0.0407331032779144,0.825336380004883
"1740001",1987,6.95640663146973,1.53276756286621,6.13107025146484,0.124365891400706,0.115553537651901,0.235810394287109,0.12498057422395,0.0243721172588633,0.226819531479231,0.589525985717773,0.0038490818311461,0.202063707048776
"1740001",1988,0.117905197143555,0.0769250360971586,0.75459326171875,0.0118608641212373,0.0637874320173644,0.138855259018632,0.0645179119674761,0.013867985312719,0.0504640757931604,1.06114677429199,0.0442552032048611,0.217096968976513
"1740001",1989,0.0702286383049335,5.06992347717285,0.235810394287109,0.0150055978361806,0.182489986875577,0.215509535833909,0.0605525704991279,0.148684792025004,0.228468872102305,0.128736966271776,0.101697621036857,0.119738550720645
"1740001",1990,0.0561248861529604,0.707431182861328,0.0878450081533382,0.0681416833495303,0.194928473202953,0.150172833047323,0.108547784957847,0.0518959273002057,0.101445508871545,0.135229706938847,0.0392681147501606,1.41486236572266
"1740001",1991,3.53715591430664,0.212566470186142,0.235810394287109,0.100630083990063,0.0263581027602436,0.0396696769948645,0.0141399602215385,0.0469956857572895,0.1164766177983,0.163417832586848,0.015367793500572,0.170107244957672
"1740001",1992,1.53276756286621,0.0882215158332781,0.181540539632118,NA,0.226752158426731,0.154088509338965,0.195405199965507,0.105712965670233,0.223724030572894,0.218752928153222,0.00972980652142161,4.12668190002441
"1740001",1993,NA,NA,NA,NA,NA,NA,NA,NA,NA,NA,NA,NA
"1740001",1994,0.165067276000977,0.75459326171875,0.00772958477185537,0.353715591430664,0.193296255509674,0.225034434849079,0.0947771039902482,0.221617985920696,0.0235810394287109,0.0215306040345795,0.0861524949027751,0.471620788574219
"1740001",1995,0.00337733452161804,0.0141028075306164,1.27337612915039,0.0892327655260731,0.231749196014592,0.0741495415014147,0.20859271184228,0.0141572667499268,0.0276783219844929,0.181186022550686,0.0906479701200149,0.0835961705251415
"1740001",1996,1.7214158782959,0.0235810394287109,0.114224749084047,0.0988293603962954,0.0453732871847688,0.0355127544012541,0.0256379519879908,4.00877670288086,0.050234655129364,0.0862470588302398,0.143735682509804,0.11850629290216
"1740001",1997,4.03235774230957,5.11708555603027,1.48560548400879,0.153079425329948,0.165739970533582,0.0805527426054258,0.0104569468877706,0.0961127663049988,0.0119033466068813,0.17863472116486,0.171305929708787,0.136461884927082
"1740001",1998,NA,0.353715591430664,0.161886210397224,0.0618932876499399,0.0737863175421445,0.201388112042706,0.101172975260782,0.23056237308331,0.223756341948966,0.0989450171339266,0.0821203156948133,0.306553512573242
"1740001",1999,0.107480696805224,7.68741885375977,5.80093569946289,0.051674993020242,0.152207743675933,0.19650687635835,0.205140525205922,0.175623963473015,0.178695160844844,NA,0.0502583545015127,0.150947202724578
"1740001",2000,0.206481511715199,4.26816813659668,2.82972473144531,0.00315047946150483,0.190154321069352,0.25939143371582,0.02508860682039,0.220882531568716,0.088657466303346,0.229596685435118,0.205181098957974,0.0291208957263158
"1740001",2001,4.26816813659668,10.2577521514893,8.25336380004883,0.0650524096419293,0.139888358097141,0.176419818358509,0.039489357480155,0.205159107481003,0.0499525921256486,0.215048711432861,0.146141714033398,0.0498626928323285
"1740001",2002,0.0105193105097237,3.018373046875,0.0972995693061699,0.224789541446683,0.179236377382332,0.216431589826681,3.77296630859375,0.0633816548013413,0.130589453908,0.0395863080246351,0.0943241577148438,0.140621373124376
"1740001",2003,0.188414854290102,0.0974751865775731,1.0847278137207,0.00876099928933779,0.0161537429014943,0.11356570787409,0.801755340576172,0.160545192702541,0.230315145881436,0.124743744610177,0.195566977065357,0.234678149057724
"1740001",2004,1.2969571685791,1.34411924743652,0.0366721909997383,0.0205203607849165,0.223950450958942,0.217489381214115,0.196357438961757,0.0321048346817355,0.196560147896801,0.0817348799292785,0.05042335440456,0.0443242502219388
"1740001",2005,1.60351068115234,3.20702136230469,0.182221384712467,0.00914115395989738,0.200063061551019,0.00896143174456245,0.173181560980027,0.191153428328553,0.220356081870567,0.147952703665556,0.00434954941828302,0.0832657534495143
"1740001",2006,1.57992964172363,4.92843724060059,0.282972473144531,0.218542442302357,0.0542726516236504,0.10579733861292,0.126946098200044,0.149489863625821,0.00275894683905833,0.116578685933983,0.104262213335762,0.211197836880033
"1740001",2007,0.171526519137443,3.11269720458984,0.011827276614145,0.0195884700472377,0.20504174746012,0.194448091324004,0.218663844676742,0.0957068779086069,0.0658661503467113,0.0815853896053383,0.0289028255075593,0.231362232109201
"1740001",2008,6.17823233032227,0.165490145115117,0.0519927205999565,0.134594399251256,0.0033754380315919,0.112799019524989,0.191607056038047,0.233588685210737,0.133734876337288,0.0132042653583185,0.0234061843001094,0.100602633584431
"1740001",2009,0.0707431182861328,0.163114449910109,0.0742812195772736,0.00113713178503684,0.225861167405474,0.00686828225823471,0.108993609562367,0.113779531551793,0.183581408485327,0.0185680181337454,0.19010418009557,0.0654501266929854
"1740001",2010,0.186306631381136,0.151700560849418,0.034954632902399,0.235810394287109,0.213890521591818,0.196888365687472,0.222644758753859,0.03102908593525,0.214973787723454,0.00980367162900481,0.229577595848132,0.0756543199184412
"1050007",1981,14.4897525787354,46.6192039489746,5.03991394042969,1.57497310638428,0.576606986862522,0.579550530822622,0.0814141238706144,0.944983863830566,0.00929641808349035,0.216573659279474,0.0548773317301529,22.3646181106567
"1050007",1982,33.0744352340698,4.40992469787598,8.81984939575195,3.77993545532227,2.20496234893799,0.944983863830566,0.00574924023718744,0.26147462879334,1.57497310638428,11.9697956085205,0.21018737801697,0.314994621276855
"1050007",1983,3.46494083404541,3.14994621276855,6.29989242553711,0.436086042734614,0.530114208108475,5.98489780426025,0.526327489953384,0.597021847786601,8.81984939575195,0.276205284813707,0.0150278914619954,1.25997848510742
"1050007",1984,78.433660697937,90.4034563064575,17.4507020187378,0.475278009341897,0.289409103561263,6.17389457702637,0.193868036910797,4.72491931915283,0.264799516579757,5.6699031829834,4.53592254638672,0.0627028533712935
"1050007",1985,10.3948225021362,55.7540479660034,10.2688246536255,0.755987091064453,0.369468411095015,2.20496234893799,0.410816815910167,0.387133368571541,0.314994621276855,0.177345767317088,10.2058257293701,23.939591217041
"1050007",1986,17.9546934127808,27.6565277481079,15.4347364425659,0.551905894530221,0.56282868894478,0.944983863830566,0.0131050001853922,0.629989242553711,0.491124087777779,0.0487427246523233,8.18986015319824,33.7674234008789
"1050007",1987,78.3076628494263,4.40992469787598,12.9777783966064,0.00803898738404776,0.123084002983052,4.53592254638672,0.629989242553711,0.49329302157639,0.605574893145311,0.108857192873311,0.405282826227871,0.0156332583818604
"1050007",1988,15.3087385940552,0.410304875419546,6.80388381958008,2.01596557617188,0.229316325176976,0.258782623484855,0.349506369644652,0.59657332782052,0.464061379986715,0.442822369807557,0.23567545670333,0.596332961992185
"1050007",1989,10.9618128204346,25.0105729293823,20.2226546859741,0.755987091064453,0.594012422438166,0.314994621276855,0.076113728937525,0.593882017045627,0.273716650235374,0.389092840866427,1.13398063659668,0.21775300078757
"1050007",1990,17.8916944885254,11.0878106689453,6.92988166809082,0.399613181007132,3.02394836425781,3.33894298553467,0.562762240048427,0.434646268144501,0.501161124507334,0.0899678304663749,0.498515016354835,14.5527515029907
"1050007",1991,35.2793975830078,0.413600300753626,7.30787521362305,0.0296205614793556,0.0894689871044604,0.616097512999022,0.284406118766635,0.586289398847078,0.338828772724006,0.282677935398766,0.258358663458704,4.66192039489746
"1050007",1992,27.9085234451294,0.626427373451758,0.355914939494887,0.0306694707523258,0.621762313059548,0.604841801131181,0.566128357021025,0.468554067702415,0.251995697021484,0.299205432256175,13.2927730178833,21.734628868103
"1050007",1993,30.3654814910889,NA,13.8597633361816,0.453003097396506,1.38597633361816,0.240233891447751,0.629989242553711,32.5074449157715,0.292340879174031,0.175024115189195,0.361659936843229,4.91391609191894
"1050007",1994,14.5527515029907,28.7905083847046,14.1117590332031,0.357173555228519,0.194935198849262,0.144980111906958,0.463194176396251,0.394366986536802,0.384506598082421,0.357445894684501,0.433024076469999,0.451259751194212
"1050007",1995,8.31585800170898,0.0384297071159059,12.9147794723511,0.246444922596476,0.100310329816995,0.169373759520531,0.081368221727481,0.261759294130378,0.305362393781414,0.539470148527541,0.367057780779844,0.251995697021484
"1050007",1996,2.58295589447021,9.00884616851807,4.28392684936523,0.618482604719959,0.458460010131662,0.125997848510742,0.538810415688973,1.88996772766113,0.21386945203521,5.35490856170654,2.26796127319336,5.35490856170654
"1050007",1997,56.3840372085571,46.1152125549316,9.70183433532715,0.562685666069753,0.404255088715013,0.223006614226125,0.0539699484546376,2.89795051574707,4.72491931915283,0.19203231407375,0.45452661440271,0.629989242553711
"1050007",1998,49.7691501617432,4.40992469787598,0.548358352915532,0.0742798366768735,0.180831092069889,0.135715536171798,0.534511871894328,0.128258352903769,0.093132609851402,0.31202605122524,0.55636017563839,1.25997848510742
"1050007",1999,7.93786445617676,48.383173828125,61.9909414672852,0.314994621276855,0.0435604403270468,0.439053974284703,0.0820296500494266,0.0702580100267123,0.506541329490925,0.156205031074279,0.157819845144542,7.81186660766602
"1050007",2000,0.314994621276855,12.0327945327759,9.32384078979492,0.125997848510742,0.270810136283488,0.314994621276855,0.377993545532227,0.424895225973402,0.289425305042439,1.38597633361816,1.00798278808594,1.88996772766113
"1050007",2001,49.1391609191895,94.2463906860351,74.4647284698486,6.74088489532471,1.07098171234131,0.573855424748473,0.214610514684059,0.428084759210379,0.31966409852134,0.594074209378627,1.25997848510742,15.7497310638428
"1050007",2002,0.56699031829834,29.1685019302368,24.3805836868286,0.629989242553711,0.180430081721837,0.116194203054787,4.53592254638672,0.334171842995269,0.01356969787036,2.01596557617188,12.3477891540527,0.607572585909791
"1050007",2003,27.0895374298096,4.34692577362061,14.9937439727783,0.329706670104232,2.8349515914917,0.312572324997551,2.51995697021484,0.459225656629411,0.141770013728342,0.367267197545925,0.560333068839988,1.07098171234131
"1050007",2004,44.5402394485474,24.947574005127,8.18986015319824,0.422182129285884,0.00509906189262379,0.429586570685037,1.25997848510742,1.57497310638428,0.27960401406216,0.300598782372822,0.372028609475909,4.09493007659912
"1050007",2005,14.2377568817139,67.7238435745239,3.46494083404541,7.27910808202558e-05,0.0122604636191235,0.130634008062064,1.51197418212891,0.326147277560921,5.35490856170654,0.38823596155081,0.452187903297679,7.05587951660156
"1050007",2006,74.2127327728271,9.13484401702881,29.7984911727905,0.577525950733944,0.186433339516174,0.511571924452737,0.494091305432411,0.117856283399631,0.412852969700754,0.251654570811872,0.303048359667593,1.25997848510742
"1050007",2007,53.2340909957886,19.7816622161865,11.6548009872437,0.53279923522454,0.449159714687882,0.340803961133298,0.412243076211375,0.581013632207173,0.101924752249519,0.607123003974711,5.35490856170654,0.570461166037468
"1050007",2008,32.759440612793,2.89795051574707,0.541193503896851,0.00221771176552599,0.53031677194754,0.291092874036169,0.371934690932578,0.559302375415631,0.543208143721017,0.516109349372651,0.0148695526177868,2.8349515914917
"1050007",2009,0.20946004469108,27.7195266723633,9.44983863830566,1.25997848510742,0.381623910519782,0.0865979107940151,0.222414946853016,0.448025266012329,0.430899501879178,0.475255172167972,0.416158708601983,0.383731156094111
"1050007",2010,17.5766998672485,44.5402394485474,0.314994621276855,10.3948225021362,0.0687045220258339,0.2061488054065,0.235260040687147,0.0644136117934266,0.330045125784512,0.213973460310788,0.193085738768494,6.29989242553711
"1750003",1981,NA,NA,NA,NA,NA,NA,NA,NA,NA,NA,NA,NA
"1750003",1982,NA,NA,NA,NA,NA,NA,NA,NA,NA,NA,NA,NA
"1750003",1983,NA,NA,NA,NA,NA,NA,NA,NA,NA,NA,NA,NA
"1750003",1984,NA,NA,NA,NA,NA,NA,NA,NA,NA,NA,NA,NA
"1750003",1985,NA,NA,NA,NA,NA,NA,NA,NA,NA,NA,NA,NA
"1750003",1986,0.731239700317383,0.132199290155388,0.0790983396254711,0.201781077075487,0.0500123126793935,0.13062516386261,0.17684109315467,0.181854493178124,0.149780065961962,0.11689571114608,0.120619101670455,0.229280956022525
"1750003",1987,8.18988464355469,0.169608519468395,4.36306354522705,0.150475819133124,0.00360761286113841,0.142261123348715,0.109519670883767,0.236925953799444,0.0216306626044973,0.365619850158692,0.215227774697891,0.129308506560117
"1750003",1988,0.0625878990103754,0.239012477300522,0.00487819399349938,0.170087567692836,0.0621093252866476,0.0531394008078918,0.190229683196143,0.238439810045656,0.0387584717786333,0.158468189682673,0.195138597436146,0.185259498037121
"1750003",1989,0.221410595888373,4.655559425354,0.126911990908908,0.071477543541485,0.186285376864633,0.199560727234305,0.183237812184019,0.19518045883,0.0944639770967221,0.185917571958497,0.207164303499564,0.0538774757992072
"1750003",1990,0.0680320010213364,1.94997253417969,0.144942945024868,0.134473900949306,0.173705595563706,0.12187328338623,0.231430408896674,0.156218172962734,0.184326766576905,0.0366089867262874,0.194363729429123,NA
"1750003",1991,NA,NA,NA,NA,NA,NA,NA,NA,NA,NA,NA,NA
"1750003",1992,0.240477408783276,0.0133447160631443,0.0165545337116224,0.102925199581916,0.0051324540173531,0.215727805490285,0.124953397533177,0.0573862417795809,0.241092437697967,0.197344940681407,0.0657599316807058,5.53304706573486
"1750003",1993,0.0487493133544922,0.731239700317383,0.217535463202686,0.097871336923019,0.236365721062489,0.204867391285633,0.147629185953567,8.77487640380859,0.140297090892929,0.161954772400011,0.208922400659548,NA
"1750003",1994,0.487493133544922,0.0243746566772461,0.0165518723420563,0.200571208425711,0.199276559364104,0.169011252521134,0.0305019443382454,0.234187683734186,0.186034208331253,0.0390953775570016,0.17967765813395,0.731239700317383
"1750003",1995,1.46247940063477,0.0457640399198214,1.94997253417969,0.0276789427243436,0.181380652486925,0.0906991568884465,0.0429486697029885,0.163686776333899,0.144867257649368,0.171405841055885,0.0505866426446879,0.102036711269641
"1750003",1996,2.43746566772461,0.160583362732071,0.0795629439256208,0.133619014165823,0.212978699090896,0.229902005835393,0.0459119270536925,6.06928951263428,0.21509984479955,0.171154562140506,0.0525577812608373,0.123051265031919
"1750003",1997,8.23863395690918,0.15048423642732,7.79989013671875,0.157619867478366,0.197646029686295,0.183781050519881,0.0953584195104578,0.028436814116957,0.110655681945388,0.130076670435607,0.13795680428562,0.231067974628079
"1750003",1998,10.992970161438,0.111063526687025,0.0332312707375688,0.0299049545661415,0.00312333979419633,0.0145778703771471,0.133438110953388,0.124057759418505,0.222717114505016,0.0153909245966244,0.063167033118041,0.192428675113826
"1750003",1999,0.23295187395279,11.4560886383057,7.38552097320557,0.215273869539322,0.125659440236129,0.173074951370255,0.142038881198301,0.125994085879238,0.140756850303008,NA,0.111074981954869,0.134510953263393
"1750003",2000,0.10476151478787,4.16806629180908,0.114099602446055,1.70622596740723,0.0297095921632165,0.133265605115313,0.217854156575618,0.160569578262185,0.204723545211178,0.239899185993928,0.139639676255704,0.0366510402812964
"1750003",2001,2.63246292114258,7.01990112304687,8.04363670349121,0.0882189463145986,0.166789055356341,0.0472112142590365,0.17160686392713,0.184758717782172,0.0626699477940729,0.151038144020395,0.0822796047142338,0.137209262094214
"1750003",2002,0.200563338558125,2.19371910095215,0.243746566772461,0.0243746566772461,0.0246860992525093,0.199582626909246,3.04683208465576,0.196142245158964,0.156333825375035,0.00608454676381386,0.176555030232703,0.0358994791636251
"1750003",2003,0.072257237994285,0.223336484127941,0.731239700317383,0.110948688150425,0.214737742414722,0.133301949509068,0.194040064553145,0.235741323525357,0.225941413136626,0.222580714930689,0.202111407775621,0.0933009419113631
"1750003",2004,0.853112983703614,1.63310199737549,0.199464261596863,0.0192606541828155,0.0160740495564265,0.100357843413637,0.0465299996739509,0.20077676229354,0.0308250146837287,0.117956101515412,0.135794822458782,0.119928632079773
"1750003",2005,2.63246292114258,5.36242446899414,0.853112983703614,0.10909867428311,0.067916865389743,0.0239550830339124,0.0221550373095094,0.115961612935394,4.14369163513184,0.113207994494479,0.1018818706374,0.196923976145443
"1750003",2006,1.584352684021,4.3874382019043,0.128571935147548,0.102573308581828,0.212353033948462,0.181236752838893,0.151584609653477,0.234549680447404,0.147592767896144,0.179177821375516,0.0261995867263696,0.223679148952281
"1750003",2007,1.2187328338623,1.09685955047607,0.00927379476948955,0.0231159257703014,0.134898669265953,0.189460391324459,0.0691388185131288,0.14188630961133,0.232616239411831,0.223338803909205,0.209311868245651,0.123581082789603
"1750003",2008,10.4811023712158,0.133703012255882,0.00361189335585043,0.108366959110945,0.0427586153405132,0.15785418456811,0.202369514314166,0.203136358202563,0.228729244321818,0.0351123921247835,0.0984443455959318,0.200944383288369
"1750003",2009,2.31559238433838,0.365619850158692,0.2133019247657,0.181323279726618,0.203065105913323,0.049884234261933,0.00615533187330559,0.116934824397064,0.00034944619489492,0.170537321442979,0.0905073593984264,0.174576382689588
"1750003",2010,0.166178487974189,0.179022487968523,0.00692906269036405,0.658115730285645,0.182755874334796,0.181445697335248,0.0558970691614835,0.141184812830651,0.0468596759705776,0.0175631361957438,0.175002421846382,0.193473348164895
"1820001",1981,NA,NA,NA,NA,NA,NA,NA,NA,NA,NA,NA,NA
"1820001",1982,NA,NA,NA,NA,NA,NA,NA,NA,NA,NA,NA,NA
"1820001",1983,NA,NA,NA,NA,NA,NA,NA,NA,NA,NA,NA,NA
"1820001",1984,NA,NA,NA,NA,NA,NA,NA,NA,NA,NA,NA,NA
"1820001",1985,0.191099140076108,0.192924241044143,0.309487600023109,0.429049134591263,0.0942443747159487,0.219430174105521,0.107958594980016,0.213357113309535,0.346774666855988,0.145409924750509,0.358607374231146,0.0242697692091504
"1820001",1986,0.367742777018485,0.488770536330707,0.136993284077616,0.249446279874764,0.114377808515168,0.480147386307184,0.11319458770752,0.425427155482937,0.0418501389411636,0.249658620438249,2.75398335477739e-05,0.443313277193564
"1820001",1987,0.260521327805523,0.0337891795869096,0.148410335258003,0.434519240783201,0.514029895476423,1.21236411601622e-05,0.531816855074107,0.528748441774314,0.0565972938537598,0.0815472495649469,0.050163688999666,0.290852764998328
"1820001",1988,0.264342395571401,0.549339134456327,0.296744590655152,0.468347767978122,0.131904930527863,0.543989854457789,0.34459333242853,0.103617518914827,0.481429084678622,0.391211437652094,0.284215505928095,0.111733944171174
"1820001",1989,0.206465675372587,0.0586526453564417,0.402618964074508,0.369226861869736,0.198638352085243,0.293451493743934,0.169791881561279,0.168785955267966,0.41382037080746,0.3934065377795,0.394110927498015,0.52561968989706
"1820001",1990,0.00477444807259449,0.454328812913177,0.309144828124986,0.302635571760595,0.195438507667486,0.316276867141055,0.106787551947045,0.0658108242194962,0.0496066582771029,0.183229525044855,0.0381972570797625,0.531354524270871
"1820001",1991,0.452778350830078,0.525700502882664,0.366451279136439,0.453855172448166,0.0376955766918776,0.403596712501994,0.436864004270735,0.329516682113115,0.266497919591483,0.0474945189497757,0.176301323492413,0.485470687093489
"1820001",1992,3.67882410049438,0.180027587763151,0.327683813090878,0.0711398232568295,5.94271585464478,0.492642385630991,0.0806423660630596,0.344647431683349,0.542541307706687,0.135905579777842,0.432941272627525,1.07534858322144
"1820001",1993,0.268742746782993,0.101157979589974,0.020185673828662,0.163667162025452,0.0729106565605173,0.434408822377701,0.401734830260502,0.282986469268799,0.555007894313758,0.0201397197705096,0.114426396508882,0.442730159993231
"1820001",1994,0.483540621526792,0.173701188830332,0.00467349789323131,0.276490070273465,0.198906173836818,0.0777868484983804,0.117941339238733,0.117784518737213,0.40152444670007,0.46814779220559,0.288304964453641,0.349779288524116
"1820001",1995,0.0314967711691298,0.510273825881834,0.545899172445019,0.347176295643987,0.451796919952999,0.322052123096001,0.0719271853716968,0.513653095497542,0.495197150660786,0.09682471651455,0.323303485350491,0.199049592471496
"1820001",1996,0.418596205689033,0.278550591289779,0.161257680785624,0.0173557170879118,0.468144983535261,0.177855178908905,0.188581139979566,0.0565972938537598,0.0139416714317589,0.0642966590282084,0.344552793171566,0.501633412300373
"1820001",1997,0.456595605556501,0.091029704198032,0.440448587107741,0.415913696629377,0.336457475638066,0.371575497853985,0.0565972938537598,0.0565972938537598,0.11319458770752,0.037608542436923,0.203745942799743,0.267250872529852
"1820001",1998,0.310529113595316,0.516090580158335,0.532354255939909,0.325152542639784,0.449360250721126,0.19903199749731,0.502185888190902,0.187942042951351,0.288930858596537,0.436643432329181,0.341171437148927,0.19410709211513
"1820001",1999,0.115996388668074,0.0261167068839995,0.0109640957013175,0.288897979337584,0.368338507802563,0.121222876904728,0.0431902901777412,0.0455522077174875,NA,NA,0.0967824201584875,0.280102143923405
"1820001",2000,0.418623577376604,0.48217695106943,0.533173758841903,0.494092627810097,0.257506567699319,0.267323143409948,0.0278885949215392,0.0872732915909232,0.399503754141819,0.425462035230972,0.0366172129274471,0.182505951399034
"1820001",2001,0.559685656736839,0.0565972938537598,0.390829384297434,0.343647643350698,0.466562850735825,0.201930165367968,0.481364619672396,0.326459507579693,0.114728841572701,0.25619108292402,0.155628561869232,0.328781877871025
"1820001",2002,0.0190561338611742,0.498695563692371,0.45372619974034,0.274632773699553,0.313876559476577,0.242520307969595,2.82986469268799,0.0565972938537598,0.158919041316869,0.0830142985669173,0.299309829228994,0.0571824894754072
"1820001",2003,0.352721471107836,0.503813919439085,0.192581360826277,0.449382067925114,0.336933096694005,0.0984379913719937,0.0565972938537598,0.0565972938537598,0.0444872006207854,0.439321432151246,0.408591005640589,0.194801662820213
"1820001",2004,0.160386378776161,0.4053025917793,0.490099496767322,0.529380234599296,0.265480869941083,0.301980807375234,0.503935098528195,0.0299870897826956,0.564258470637911,0.193843622260788,0.523841139799973,0.431481292477131
"1820001",2005,0.0249531791591622,0.275197225642298,0.51240517825893,0.282986469268799,0.00394378573328839,0.526944271422393,0.111328458699561,0.45233625541996,0.35235942699259,0.389416813142281,0.180349478329326,0.330017268893274
"1820001",2006,0.231887013253443,0.0907514147005464,0.289019189262241,0.462841366765588,0.19528331565184,0.565972938537598,0.323935333521328,0.0895875516061871,0.0652789589933312,0.248794059949167,0.129696961039799,0.469109859571243
"1820001",2007,0.451362463035074,0.274112287185704,0.0832394472152941,0.464452440439341,0.260523136956079,0.407954732964029,0.493648240659927,0.472506344119603,0.497329739490622,0.181337734035475,0.199740706696202,0.0450513084968033
"1820001",2008,0.537670761968393,0.181055122817424,0.18347723819803,0.177968308602386,0.514975347094184,0.501711145948064,0.140104790054895,0.565972938537598,0.0507650705954687,0.434080786313285,0.463079643845932,0.383019512743932
"1820001",2009,0.0358361213660961,0.0926613254155209,0.332549032844902,0.278065350729035,0.547355346513724,0.450118420928694,1.69791881561279,0.143190027835515,0.429430634619156,0.210023130834436,0.0690451477867232,0.0511684311816039
"1820001",2010,0.131344343175282,0.37536877356735,0.340144209791249,0.206061594104363,0.358561614147036,0.347216515212755,0.254250147299763,0.439072557657562,0.552904118667447,0.0886668644909322,0.149839514913376,0.15584697110564
"2113005",1981,0.038796558380127,1.93982791900635,0.139885885914504,0.0964313228526392,0.257589291193503,0.02251919577453,0.00341518388250921,0.0231648463309669,0.124388759076233,0.0681766288387999,0.00382698895451949,0.203092426770476
"2113005",1982,0.0877122273204321,0.0341943531310912,0.213107782276752,0.0210028318093619,0.309384239019,0.38796558380127,0.0597104481447196,0.377767869893931,0.0489878195802887,0.320407363714092,0.24455335934702,0.0764726606236527
"2113005",1983,0.233535331086133,0.107192432205229,0.289225177987431,0.130626915586116,0.0787409531418518,4.65558700561524,0.248973131076335,0.154491578481897,0.331685710914888,0.344086238277878,0.249968246800007,1.93982791900635
"2113005",1984,16.2945545196533,0.124178211486415,0.0108476593071059,0.143848526826281,0.31979588175907,3.49169025421143,0.0452489686768786,0.223476906103978,0.132797639481999,1.16389675140381,0.0660358143814594,1.16389675140381
"2113005",1985,0.160040889219719,2.71575908660889,3.49169025421143,0.319734917945728,0.0800933510342344,0.141246066663518,0.0651404443300997,0.0294244379444944,0.256186542030654,0.256016452468419,0.34548081760919,0.234670433536375
"2113005",1986,0.38796558380127,1.16389675140381,0.283918116249997,0.221097671295023,0.346731899798723,0.199696503380533,0.0656311210121253,0.211480985935239,0.097601727368607,0.22132711444309,0.36990152740156,0.172366215633813
"2113005",1987,3.10372467041016,0.218742301293492,9.89312238693237,0.104040174736392,0.244981621601792,0.14966797630838,0.256449400154638,0.203393562078175,0.114121539453608,0.0536574418737582,0.204020047711479,0.150648634219632
"2113005",1988,0.222015433408978,0.327412985313589,1.55186233520508,0.0937443932222902,0.13329384672554,0.196413007130432,0.173664563953545,0.192697483027319,0.144551972951939,0.318085065252767,0.158648280714381,0.0666958074888834
"2113005",1989,0.334984036415506,1.16389675140381,0.205552562549441,0.326428890967625,0.272111133417025,0.0186498529405826,0.265172105555688,0.198711993153975,0.0879396435474223,0.195455429598483,0.052795340734258,0.0253397262325458
"2113005",1990,0.0885283829583767,1.16389675140381,0.241911264788136,0.23694848298907,0.329138584640647,0.381737255044819,0.174268586253666,0.386387277384543,0.241901965828142,0.206970571296245,0.326853294764632,NA
"2113005",1991,1.16389675140381,0.0830012594140822,0.269805496555877,0.190628797837819,0.0332790930754679,0.359304867027415,0.123669413376611,0.0398871863935002,0.0858150968502538,0.387569131082408,0.236855025568633,0.294839509361646
"2113005",1992,0.109749469788407,0.112115043497982,0.169440044368974,0.0319508194190638,0.38796558380127,2.32779350280762,0.108677666821468,0.101939517687474,0.149662318923157,0.144781173924534,0.251095956439752,0.0200149052917433
"2113005",1993,0.347910964549299,0.106952903772111,0.335323736789511,0.20288422126407,0.195724515362725,0.20281003156262,0.382318382233035,5.81948375701904,0.261542547241193,0.106781060176564,0.0223165796346478,0.188239347035903
"2113005",1994,0.387349623271134,0.1082880406326,0.775931167602539,0.0428878542117382,0.00314821826018843,0.0775421112998586,0.237468714201982,0.314031428962571,0.237433130938106,0.336508202838975,0.372437165922875,0.23417734024846
"2113005",1995,0.0281118386686753,0.0519747903476962,8.65163251876831,0.125697407847736,0.381157007944488,0.0415770187248998,0.000965139621384913,0.331407595194215,0.252175846586024,0.0160791569679318,0.267073588138593,0.116482828888494
"2113005",1996,0.775931167602539,0.27331978964357,0.0636987039226994,0.255274647681137,0.183521613753157,0.128157527005929,0.0320491356147488,1.93982791900635,0.223746597623056,0.0914441394133155,0.194998249370283,0.0618706823469033
"2113005",1997,10.087105178833,1.16389675140381,0.282843682052431,0.00294496402723241,1.16389675140381,0.0241804180684154,0.386618514491903,0.775931167602539,0.775931167602539,0.21671642723528,0.0134167057585758,0.0633708330210562
"2113005",1998,0.38796558380127,0.21730182081279,0.124153695849348,0.040034585080586,0.363007494496279,0.11090979769103,0.257293238138156,0.210625682510373,0.369448607149205,0.0930224949697121,0.0164244421919478,0.268523081593633
"2113005",1999,0.364255298690405,0.38796558380127,1.35787954330444,0.0810115208990575,0.147521728575233,0.323746086721008,0.0444386605693892,0.0550116939757283,0.136526961263871,0.0316568700655287,0.0356279852218737,0.377180155370295
"2113005",2000,22.618393535614,6.78939771652222,0.267207843138123,0.239501203236679,0.189002002128618,0.248633809457179,0.191448265254695,0.357441275646954,0.187226720155801,0.150803600144979,0.0678471623431508,0.337192369593039
"2113005",2001,1.93982791900635,6.59541492462158,5.81948375701904,0.376891916516185,0.0504303368280678,0.245312865616624,0.152622078236723,0.0558396791763654,0.109354348628153,0.0155159102966462,0.00796622817661171,0.29059144157727
"2113005",2002,5.27633193969727,1.16389675140381,0.0599617212300698,0.0263727178025139,0.100305562671541,0.177273373945489,10.087105178833,0.117801475053689,0.197842727829908,NA,0.231982838262218,0.0716393218399523
"2113005",2003,0.216942760402254,0.0515576520858257,0.969913959503174,0.581948375701904,0.344357137783744,0.121001271630821,0.165085954674338,0.128817174600045,0.334233778882261,0.158616501710103,0.00930209960291023,0.331294674399411
"2113005",2004,6.01346654891968,15.7126061439514,0.00680009574074524,0.193496291096966,0.0856468740535146,0.0264918890911373,0.102179394705129,1.66825201034546,0.239718645013867,0.0360999767248653,0.280956900722042,0.0860146670532095
"2113005",2005,48.88366355896,0.969913959503174,0.30947838963398,0.265698509849372,0.294387508671507,0.29429952806607,0.289874334894214,0.104432800884076,0.0411027724878744,0.36883061229091,0.0547627403008905,2.90974187850952
"2113005",2006,3.68567304611206,2.90974187850952,0.0788941362185294,0.0617365347500722,0.365351109999578,0.168850969652033,0.30840550225207,0.380917970185432,0.205735923887565,0.0981613480922598,0.288502982728903,0.280528866189897
"2113005",2007,0.581948375701904,0.182876819256752,0.0528757586179479,0.358877250724451,0.369469001648063,0.260616824500623,0.167875843115268,0.175615540211269,0.0328510118425699,0.109383434525564,0.285844306602467,0.253872972183955
"2113005",2008,8.9232084274292,0.306584909709212,0.343141069596684,0.289515974452992,0.0554216543228299,0.190935676976816,0.353929750007946,0.386296551822661,0.132516852966039,0.314327237403529,0.129368820063578,0.251081964550899
"2113005",2009,1.74584512710571,0.186925865594602,0.380914391480535,0.0519683301069749,0.178585032792799,0.328590510836251,0.327926412759738,0.241806336867856,0.203566383408635,0.00391820573244596,0.342304168797747,0.275580709675584
"2113005",2010,7.37134609222412,0.969913959503174,0.183298461295883,0.142342400804332,0.350250823668045,0.180232023190286,0.159635652784762,0.383880663697373,0.0706485023145652,0.31474153784943,0.275941511021541,0.143001996187548
"1770001",1981,7.72458383560181,7.53617935180664,0.376808967590332,0.335746847556749,0.0917738098909056,0.101021071885321,0.0999997128298884,2.26085380554199,0.94202241897583,0.236605124400402,0.0308382366818863,0.361579627833213
"1770001",1982,0.376808967590332,0.164623451427354,0.376808967590332,0.0420390005531842,5.27532554626465,3.01447174072266,0.140254769550938,0.335784512422151,0.565213451385498,0.176098639858249,0.0134572488725019,1.50723587036133
"1770001",1983,0.292545025941449,0.0514332522391697,0.137699621557768,0.261254111996247,0.565213451385498,5.65213451385498,0.349027643649083,0.0957302665354106,2.63766277313232,0.272924429300387,0.285781232941448,0.565213451385498
"1770001",1984,16.9564035415649,16.5795945739746,0.0562548505248382,0.108395322959165,0.231914920446093,9.9854376411438,0.168367904345079,0.00776751752466946,0.140254078656127,1.31883138656616,0.323982394057976,0.149056541869126
"1770001",1985,0.753617935180664,18.4636394119263,1.130426902771,0.101160688347465,0.125687223764796,0.188404483795166,0.176650816940984,0.227302847614616,0.206358177343515,0.349861336548027,0.111277592669243,1.130426902771
"1770001",1986,5.04924016571045,0.753617935180664,4.14489864349365,0.281048991612974,0.102887116919273,0.565213451385498,0.01801164527873,0.565213451385498,0.183173007754091,0.171866930545432,0.364851571516562,4.14489864349365
"1770001",1987,16.4288709869385,5.27532554626465,10.3999275054932,0.26461769842389,0.0844408928383748,1.69564035415649,0.376808967590332,0.179687574678853,0.183231488249301,0.94202241897583,0.154192698201789,0.375911807383229
"1770001",1988,0.565213451385498,0.203276355278748,3.76808967590332,0.033834096956229,0.225229055380051,0.191429535800945,0.338672447557415,0.00914072812008791,0.180223089133392,1.50723587036133,0.186441851052457,0.119629474991184
"1770001",1989,1.88404483795166,8.8550107383728,0.252302736693315,0.37198819355314,0.120628088034773,0.103862783745056,0.250534778368596,0.033735479376583,0.0679843345691665,0.0410875576838786,0.753617935180664,0.0038913138177294
"1770001",1990,1.88404483795166,7.53617935180664,4.67243119812012,0.33054275411163,0.118074494576862,0.565213451385498,0.1130426902771,0.0710623301733375,0.0675672410644832,0.0921757023937486,0.0569691914547852,6.97096590042114
"1770001",1991,7.53617935180664,4.52170761108398,0.277919305057536,0.376808967590332,0.0947332018857928,0.0622918428881978,0.376808967590332,0.0965802288447041,0.0112742591996126,0.376808967590332,0.298309445957434,0.369476247848586
"1770001",1992,3.39128070831299,0.110247209518648,0.352281244360321,0.181913036792239,0.282097343555822,4.14489864349365,0.261383386442993,0.181481533985371,0.145117087027337,0.240349965535212,0.28367480037948,7.53617935180664
"1770001",1993,NA,NA,NA,NA,NA,NA,NA,NA,NA,NA,NA,NA
"1770001",1994,NA,NA,NA,NA,NA,NA,NA,NA,NA,NA,NA,NA
"1770001",1995,NA,NA,NA,NA,NA,NA,NA,NA,NA,NA,NA,NA
"1770001",1996,NA,NA,NA,NA,NA,NA,NA,NA,NA,NA,NA,NA
"1770001",1997,NA,NA,NA,NA,NA,NA,NA,NA,NA,NA,NA,NA
"1770001",1998,3.73040877914429,2.26085380554199,0.147472377707042,0.289337885734891,0.137289230566215,5.65213451385498,0.263719177395274,0.20536198765186,NA,0.0385838589384565,0.371526706613319,0.189661407801233
"1770001",1999,1.88404483795166,43.8605638275147,37.6808967590332,0.249250419390166,0.0543112778811204,0.217681039830649,0.242772635172099,0.364711113434873,0.128522743013704,0.0586805408854388,0.177123838007783,NA
"1770001",2000,21.3273875656128,7.15937038421631,12.8115048980713,0.0693266950224037,0.374497033784217,0.0856306094046384,0.128597103912585,0.234438268327683,0.305236495515107,0.315594456238812,0.334442634761822,3.76808967590332
"1770001",2001,93.8254329299927,52.7532554626465,72.7618116416931,0.257992983909273,1.50723587036133,0.0536638507497155,0.0569736224812417,0.0547873225668122,0.0847838596904181,0.112687021856926,0.271182216743116,5.65213451385498
"1770001",2002,8.21443549346924,23.0983897132874,0.117271502235889,0.0206440212745827,0.166884756461692,0.354271713101448,5.19996375274658,0.155245536004016,0.322547611882028,0.333611513132101,0.376808967590332,0.211772102517592
"1770001",2003,5.46373003005981,0.370095333114973,1.130426902771,0.19864646499388,5.27532554626465,0.355323740692426,1.31883138656616,0.335795935742762,0.246138547919337,0.17967195598175,0.203364218762624,15.0723587036133
"1770001",2004,11.30426902771,15.1100396003723,1.50723587036133,0.270263963670955,0.151923344220964,0.190217916158374,3.76808967590332,3.39128070831299,0.257416081916489,0.0471869315758182,0.360417178231241,0.116518461370446
"1770001",2005,60.1010303306579,6.55647603607178,0.081058524862982,0.33870894040202,0.158897598431863,0.360033785303332,0.00223955338462766,0.135791273231915,0.258527759830158,0.0643680307511716,0.3631974888873,0.263266714287417
"1770001",2006,5.84053899765015,6.33039065551758,0.0241828151170799,0.131240779964641,1.88404483795166,0.133421658877115,0.303288303921545,0.076824203046585,0.183789965503121,0.0605820189532877,0.00741551727780069,0.342578758661714
"1770001",2007,3.57968519210815,4.52170761108398,1.130426902771,0.374299093956083,0.255736970909858,0.285992153608362,0.0085813141445018,0.358347591725624,0.00113164806369284,0.0518038254932215,0.0357938764568994,0.188404483795166
"1770001",2008,43.0315840988159,0.321881572351469,0.120666210250608,0.365968326695568,0.0378462652527381,0.0218192914277392,0.0990599341951174,0.328992449673391,0.0274833580731142,0.124586705271852,0.283473823772553,0.0327422077614127
"1770001",2009,0.366230393669304,0.230730426693672,0.188486129488938,0.252002656467726,0.134129721218214,0.317438719355281,0.335619067460648,0.0208604590984622,0.0193096007161167,0.338993192951275,0.0302040680631762,0.285594292772841
"1770001",2010,4.89851657867432,0.753617935180664,0.31510097003424,0.352585900897676,0.0467669793019375,0.236757269351656,0.263158924081192,0.0647023417220872,0.0477131210998541,0.244672119953584,0.188240391232839,0.0289724728311559
"1080001",1981,NA,NA,NA,NA,NA,NA,NA,NA,NA,NA,NA,NA
"1080001",1982,27.2891078186035,0.0992577900182411,8.97176147460937,1.49529357910156,3.28964587402344,3.73823394775391,0.192415558632182,0.299058715820313,2.24294036865234,0.211781770933254,8.97176147460937,3.58870458984375
"1080001",1983,5.98117431640625,8.97176147460937,2.84105780029297,0.162096362622436,0.27084674353489,5.98117431640625,0.664948665066966,0.500604832274565,0.639433699738341,0.725011217755561,0.526550695404931,0.449454996785157
"1080001",1984,NA,NA,NA,NA,NA,NA,NA,NA,NA,NA,NA,NA
"1080001",1985,0.53918131710972,117.604839996338,9.34558486938477,0.150505902729242,0.0959352895789831,14.9529357910156,0.346282933730318,0.0167002621495044,0.134144351002598,0.658013198674909,11.5885252380371,11.9623486328125
"1080001",1986,29.9058715820312,10.4670550537109,49.5689821472168,0.527195287256628,0.113196091252169,0.636396653016903,0.323577815109692,41.8682202148437,0.283280038773499,0.169754432266592,12.7099954223633,118.502016143799
"1080001",1987,126.726130828857,13.8314656066895,0.702684069407619,0.737875320276868,0.361637748846549,0.407396967810945,0.534353340672419,0.503197608920444,1.49529357910156,29.1582247924805,0.209305214994474,0.00121173299883502
"1080001",1988,0.715270868580578,0.329787107273392,0.588698175132293,0.356163722504654,0.541515063068738,0.557734440189675,0.227227842126672,0.417860653268203,0.744097311043815,0.193981225964357,0.0966738501198877,NA
"1080001",1989,NA,NA,NA,NA,NA,NA,NA,NA,NA,NA,NA,NA
"1080001",1990,NA,NA,NA,NA,NA,NA,NA,NA,NA,NA,NA,NA
"1080001",1991,87.4746743774414,20.1864633178711,10.8408784484863,0.523352752685547,0.146015824828612,2.24294036865234,NA,0.390131303176234,0.597758008754726,0.651973435275497,0.452948041890889,NA
"1080001",1992,NA,NA,NA,NA,NA,NA,NA,NA,NA,NA,NA,NA
"1080001",1993,NA,NA,NA,NA,NA,NA,NA,NA,NA,NA,NA,NA
"1080001",1994,NA,NA,NA,NA,NA,NA,NA,NA,NA,NA,NA,NA
"1080001",1995,NA,NA,NA,NA,NA,NA,NA,NA,NA,NA,NA,NA
"1080001",1996,NA,NA,NA,NA,NA,NA,NA,NA,NA,NA,NA,NA
"1080001",1997,44.1111605834961,67.2882110595703,12.3361720275879,0.34147988467086,0.46465983525045,0.326053658733232,0.0834310697106852,7.99982064819336,7.10264450073242,0.195377984239539,0.1292224826432,0.534153085915188
"1080001",1998,31.4011651611328,4.48588073730469,NA,NA,0.119834056189896,NA,0.485151840029914,0.618717864864975,0.408164971237354,3.51393991088867,0.283296105381456,0.385626348993067
"1080001",1999,0.591315648506531,52.7090986633301,44.8588073730469,0.453319574344768,NA,0.00291894408861602,0.321453894381905,0.292936835215955,0.603892643770802,NA,0.179895834070295,NA
"1080001",2000,87.6989684143066,39.7748092041016,0.669149589632032,0.971940826416016,0.128118046044171,0.105467527466004,0.425730273749891,0.747646789550781,0.589221322283644,0.113416857624606,0.741865669521169,5.38305688476563
"1080001",2001,46.3541009521484,106.988255584717,5.68211560058594,5.98117431640625,4.56064541625977,0.287976808727936,0.246735074045274,0.261817101494893,0.622169971688932,0.180332868366871,0.224294036865234,8.97176147460937
"1080001",2002,NA,36.410398651123,65.045270690918,0.0435259421804185,0.465116300678192,0.611952076245477,7.47646789550781,0.142024317288708,0.217179080993367,0.523352752685547,7.99982064819336,0.721029119322055
"1080001",2003,26.5414610290527,0.448588073730469,7.70076193237305,0.21116650655528,6.42976239013672,0.120332435242104,0.0675763687483247,0.318015109872218,0.124065293667731,0.164154239611793,0.227070229846282,14.8781711120605
"1080001",2004,50.6156876525879,34.9151050720215,0.224294036865234,0.697438993752274,0.328388304138206,0.63668320044847,5.90640963745117,3.96252798461914,0.0169851334120952,0.263264138746743,0.0747646789550781,11.2894665222168
"1080001",2005,33.1207527770996,60.0360372009277,3.58870458984375,0.971940826416016,0.682081503972389,0.149806833906171,0.0688886247114014,0.0200213652880694,0.448588073730469,0.163417972336035,0.299058715820313,14.8781711120605
"1080001",2006,39.8495738830566,22.055580291748,14.2052890014648,3.36441055297852,0.747646789550781,0.0734561541869655,0.658030415571016,0.476500698147153,0.667603665895798,0.567315500567141,0.454194650310425,1.12147018432617
"1080001",2007,21.9060509338379,2.84105780029297,3.66346926879883,0.0201168486045762,0.613343947884924,0.448399320357693,0.662444666017238,0.369674421352241,0.0729037171621087,0.196251230327922,0.647512758308276,0.0150911952879527
"1080001",2008,82.0916174926758,1.19623486328125,4.26158670043945,0.589881395328794,0.553359187610276,0.281988453008031,2.24294036865234,0.409325073392426,0.344749403269635,0.613763018677359,0.427608974385698,1.49529357910156
"1080001",2009,2.24294036865234,13.6071715698242,6.57929174804688,2.76629312133789,0.251630564285084,0.381855928123753,0.23177300190959,0.616014818094644,0.00110077405927818,0.0795953680740313,0.307573367797728,0.747646789550781
"1080001",2010,19.3640518493652,22.6536977233887,0.0679675333900914,5.53258624267578,0.683624595507018,0.51919477066795,0.373823394775391,0.188520403913824,0.257203191280076,0.391400564856728,0.0519745607594641,2.61676376342773
"2020001",1981,12.153911819458,14.1795637893677,0.490802589378081,0.294701774349014,0.0121244519229269,0.55362276084275,0.053896287365115,0.694509246826172,1.38901849365234,0.102749421844858,0.501502374498809,3.7619250869751
"2020001",1982,0.289378852844238,0.402999210748861,0.498248146062293,0.137236420618096,4.91944049835205,0.489266556348178,0.509220231952013,0.438456666917611,2.31503082275391,3.47254623413086,0.48332778034534,2.31503082275391
"2020001",1983,3.18316738128662,0.339274472641367,4.91944049835205,0.0653541894062412,1.44689426422119,2.02565196990967,0.0491039449153891,0.430660463265947,0.508944415893793,0.104450007925715,0.450743110380665,0.230256494794365
"2020001",1984,10.9963964080811,30.6741584014893,0.538617234896196,0.0429693671543486,0.197309671209024,0.245035223205965,0.0836967484099484,NA,0.36296125456015,0.0961083171424458,0.201950966045277,0.0809562699198719
"2020001",1985,0.0258318098692542,23.1503082275391,14.1795637893677,0.138065950719331,0.0697654538596135,0.350268100339899,0.392509296628398,0.474463225089313,0.0906514465031137,0.228379642703218,2.89378852844238,18.5202465820312
"2020001",1986,10.7070175552368,17.0733523178101,8.39198673248291,0.489481034402661,0.275852068272796,2.02565196990967,0.16564855397952,1.15751541137695,0.171919667315161,0.121760293697706,6.94509246826172,10.7070175552368
"2020001",1987,20.8352774047852,9.8388809967041,0.362210483404373,0.355410263993577,0.484874838422919,1.44689426422119,0.267959044524691,0.0980300128540018,0.136660783551364,0.347863228817992,0.0290991640106222,0.573054898342973
"2020001",1988,8.10260787963867,0.540353898406431,2.02565196990967,0.16771228559441,0.215028978474582,0.195038205229971,0.18385434051368,0.293397293597055,0.185989860325694,0.455352235610884,0.323042619849454,0.187071778410433
"2020001",1989,NA,NA,NA,NA,NA,NA,NA,NA,NA,NA,NA,NA
"2020001",1990,NA,NA,NA,NA,NA,NA,NA,NA,NA,NA,NA,NA
"2020001",1991,NA,NA,NA,NA,NA,NA,NA,NA,NA,NA,NA,NA
"2020001",1992,NA,NA,NA,NA,NA,NA,NA,NA,NA,NA,NA,NA
"2020001",1993,NA,NA,NA,NA,NA,NA,NA,NA,NA,NA,NA,NA
"2020001",1994,NA,NA,NA,0.0453858884366564,0.471419090398993,0.0895682752198539,0.275976658844203,0.507586622324969,0.468022967549299,0.433178733622707,0.247870791030999,4.34068279266357
"2020001",1995,8.10260787963867,0.0417692053423245,2.60440967559814,0.289378852844238,0.289378852844238,0.0961047052356551,0.270255538495237,0.503430742886102,0.517217891982259,0.249766144374892,0.304142112204504,0.336759524203955
"2020001",1996,0.289378852844238,1.73627311706543,2.60440967559814,0.271438755446228,0.476278333706364,0.551715695887045,0.354318326788793,1.96777619934082,0.54906845011158,0.267997888153987,6.36633476257324,7.81322902679443
"2020001",1997,35.3042200469971,28.9378852844238,0.566556198361567,0.289378852844238,2.02565196990967,0.292217560537953,0.0649916241165977,1.15751541137695,0.289378852844238,0.496748124028771,0.362496630669496,0.412594635424885
"2020001",1998,2.02565196990967,0.107905850670777,0.00502113971221208,0.343470961776177,0.489893469312544,0.207800178105862,0.200872104686909,0.426190935996305,0.386159669192646,0.162608303935109,0.409420094378752,0.2687295469543
"2020001",1999,2.31503082275391,13.8901849365234,25.7547179031372,0.0528706058228656,0.46589839018166,0.287900849104472,0.00244704475144491,0.217061906469827,0.186431099397196,0.187388996644219,0.412801754778504,8.39198673248291
"2020001",2000,38.1980085754395,0.262762631119813,6.94509246826172,0.0199391200398952,0.456058287522839,0.274523804373207,0.130765321862481,0.277910878321065,0.0547730471497908,0.145022207764505,0.15145568913884,0.225282488956547
"2020001",2001,13.1377999191284,42.2493125152588,33.2785680770874,0.382834922466842,0.080678323693672,0.224377493261668,0.11952229862986,0.41104259433353,0.205872755007561,0.444617001950833,0.437046222571099,6.94509246826172
"2020001",2002,0.554426758034764,27.7803698730469,8.68136558532715,0.0736882023946578,0.111974323959641,0.446345847523585,9.8388809967041,0.081241343881101,0.0138316765871315,0.374103893087678,0.0463291679988246,0.453676130965264
"2020001",2003,13.0220483779907,0.533172850695719,0.32991233356507,0.220207566006391,1.15751541137695,0.210338262474506,0.578757705688477,0.56939154559671,0.576672483740239,0.150456218850043,0.273195725758345,0.559323971370784
"2020001",2004,3.7619250869751,12.153911819458,3.47254623413086,0.354614445741072,0.2560685367371,0.0453636271840908,0.578757705688477,2.31503082275391,0.13792676712278,0.170690067196117,0.413211279842273,0.317536884035234
"2020001",2005,10.7070175552368,19.388383140564,3.47254623413086,0.375455936900836,0.413980196504119,0.18707581209264,0.00925421954878381,0.356106552276281,0.215312487824195,0.159949406243201,0.49401105572095,1.44689426422119
"2020001",2006,21.7034139633179,2.02565196990967,1.44689426422119,0.225179737592783,0.550880582584272,0.546654646922537,0.11006312627862,0.174512919369232,0.560881041561279,0.158623353363111,0.511859188560401,0.373646873821252
"2020001",2007,NA,NA,NA,NA,NA,NA,NA,NA,NA,NA,NA,NA
"2020001",2008,NA,NA,NA,NA,NA,NA,NA,NA,NA,NA,NA,NA
"2020001",2009,NA,NA,NA,NA,NA,NA,NA,NA,NA,NA,NA,NA
"2020001",2010,NA,NA,NA,NA,NA,NA,NA,NA,NA,NA,NA,NA
"2101003",1981,2.74192085266113,11.8359583473206,0.427148989816076,0.223099246367753,0.213065444913635,0.16596174208457,0.105637194232623,0.145747338999594,0.061773815145537,0.210528731615972,0.412081184440851,0.0722591234302949
"2101003",1982,0.323422029991858,0.094912635624956,0.332669717922104,0.0603358579093854,2.19353668212891,1.09676834106445,0.226102477589629,0.431703054556161,1.37096042633057,0.380819770187841,0.308079305430302,0.0663004287609534
"2101003",1983,3.65589447021484,1.37096042633057,10.5106966018677,0.22270232013764,2.28493404388428,2.28493404388428,0.328390519487284,0.247468644204766,3.19890766143799,0.13991108772262,0.150194633464999,0.0725501002658384
"2101003",1984,25.86545337677,20.3359129905701,1.37096042633057,0.344396192571931,1.82794723510742,5.98652719497681,0.216541740033304,0.1643500708697,0.386335569872868,2.28493404388428,0.336636055378989,0.137875591797335
"2101003",1985,0.391872848739858,23.4434232902527,10.3279018783569,0.205361802786007,0.431567571672094,0.0195077125580363,0.210311723898848,0.161172424915196,0.119665603339596,0.416084886253647,1.46235778808594,0.235701478054365
"2101003",1986,23.8547114181519,1.59945383071899,0.411252034667863,0.290575265781388,0.0818604141665004,0.300374601957359,0.190108317202539,2.05644063949585,0.146928103590985,0.167372466849148,0.163448616401828,4.79836149215698
"2101003",1987,21.0213932037354,10.0537097930908,6.99189817428589,0.162943701291732,0.213896719292462,0.913973617553711,0.319890766143799,0.321858367016601,0.210810881463312,0.15510228026294,0.353783048462297,0.151478244173019
"2101003",1988,5.94082851409912,0.370138099613347,2.97041425704956,0.228493404388428,0.142752799743646,0.117567674348061,0.158270266006667,0.385823570189694,0.0505517791442201,0.346640546678328,0.384792599141233,0.396097542756932
"2101003",1989,0.0639682905973539,13.801001625061,1.96504327774048,0.426480289386581,0.00333037157691756,0.286377383634582,0.196239070045507,0.422635210658531,0.274014617412756,0.160171886759937,NA,0.372286938280626
"2101003",1990,5.34674566268921,0.341378664948862,2.51342744827271,0.431247919254551,0.250561506490693,1.59945383071899,0.0800581528907998,0.00312390113016212,0.00144518789716108,0.0573978306364358,0.112163858883025,9.23113353729248
"2101003",1991,0.685480213165283,0.0344482084189256,7.31178894042969,0.192694542711348,0.42526254826922,0.0794163475367896,0.219684067714142,0.160536648534578,0.272692131035655,0.0419794426343752,0.354194340892353,0.408715266786726
"2101003",1992,2.37633140563965,0.37156923976736,0.45270430426468,0.0992316387119075,0.913973617553711,0.0100998134086901,0.316935614003012,0.348818493764975,0.230899715214666,0.15030920385634,0.0924553630931127,2.51342744827271
"2101003",1993,12.064451751709,0.731178894042969,7.5859810256958,0.108430645738371,0.0347780996533433,0.421329930630796,0.0326527180475321,5.25534830093384,0.165626166720888,0.212596811108427,0.424144154712568,0.0894297793537012
"2101003",1994,2.74192085266113,0.0356714573598686,3.51879842758179,0.0837260736676845,0.292292212981856,0.13783429274972,0.378975224169988,0.142992483435925,0.0310218673918156,0.250668189091334,0.294979554641031,2.05644063949585
"2101003",1995,15.9945383071899,0.135192372520405,4.79836149215698,0.228809828613806,0.203340561233705,0.278484049892222,0.37870828502362,0.316094027284544,0.19624134297369,0.410538247757387,0.0748023173716117,0.270048417638161
"2101003",1996,0.186288670223445,2.28493404388428,1.59945383071899,0.0801124985589502,0.178393683548809,1.14246702194214,0.303317363841218,4.15857995986938,0.126104320075975,0.309606312145192,0.000163945239399199,0.21462489410859
"2101003",1997,1.82794723510742,12.5671372413635,7.31178894042969,0.416658506422203,0.456986808776855,0.132899863980061,0.178604974897307,5.25534830093384,7.72307706832886,0.428947921180701,0.432361602672415,0.152618918639649
"2101003",1998,13.7096042633057,0.297072603678528,0.134473932289025,0.219490072942661,0.117992487519426,0.415665258512251,0.0744745846848036,0.419242856408819,0.164675000860073,0.0122940244551829,0.410311089748633,0.286855075210748
"2101003",1999,0.130836003375132,14.3950844764709,13.2526174545288,0.411249529680119,0.0560359424396199,0.284919628983289,0.160174495807402,0.212828515292748,0.320565883355347,0.368951681110442,0.169203838033824,1.14246702194214
"2101003",2000,45.7443795585632,4.79836149215698,2.05644063949585,0.176659476373108,0.227548455723547,0.228493404388428,0.321631425000929,0.43368777423197,0.0916871897630818,0.305267302885254,0.010672717501659,0.0104063974999911
"2101003",2001,4.34137468338013,57.1233510971069,55.4781985855103,0.213970797045826,0.0848722382954074,0.337557350673419,0.454933852524134,0.397333157035798,0.29229811065699,0.358998925154981,0.314949054236388,0.685480213165283
"2101003",2002,0.345583837872979,9.59672298431397,13.4811108589172,0.421866116431889,0.0537056989503087,0.195784021992334,9.13973617553711,0.0198396981805422,0.244083027981596,0.232524616910192,0.0127193912285197,0.0869354578371259
"2101003",2003,0.456986808776855,0.456986808776855,2.97041425704956,0.152425246687385,2.97041425704956,0.216205349322338,0.355912836433374,0.285624271299972,0.0611537569964319,0.404813543819816,0.387111424576566,0.392491898850316
"2101003",2004,0.143831219152117,26.0482481002808,0.456986808776855,0.0480667418189377,0.105681563467614,0.188435202339973,0.328235851097541,0.685480213165283,0.178870876000077,0.269329913460061,0.261935242519688,0.0123208149389434
"2101003",2005,12.1101504325867,2.28493404388428,0.30115101036943,0.364840257057397,0.0893263519709613,0.435710936739492,0.0893090475203045,0.100784234542142,0.685480213165283,0.000208497802507956,0.282170054503667,0.913973617553711
"2101003",2006,8.08866651535034,17.8224855422974,3.42740106582642,0.251070184349232,0.045335994594398,0.0660693292508616,0.413973678901218,0.400841640019056,0.0331199336400379,0.0195588346092435,0.288883444747546,0.320488691577589
"2101003",2007,2.51342744827271,0.228493404388428,0.164001141494344,0.158414454156728,0.200996661768008,0.10240230926028,0.31093165761101,0.108775436239401,0.0552789146718032,0.245397345032187,0.19588133815407,0.342575958331026
"2101003",2008,6.39781532287598,0.00875905763450053,0.264527277284788,0.425544991782031,0.0800399260539244,0.246604685391063,0.387175125298764,0.361595612283379,0.388847998100118,0.383462570668764,0.0447669383702982,0.265150492656904
"2101003",2009,0.336652305293964,0.153383110887344,0.959672298431397,0.381802211102074,0.185119754076188,0.0862770053749504,0.43453545961618,NA,0.1843722970363,0.0200148464384435,0.423013284203835,0.384492548787452
"2101003",2010,0.241991112428975,4.56986808776855,0.321542946148248,0.357405833494752,0.170138070888242,0.195958784654704,0.0388586437181482,0.0787182375744192,0.333187997045524,0.20036967992343,0.175750057718953,0.403973354033943
"2112008",1981,0.347424855332133,0.380251480301666,0.0982056425994983,0.15741210915823,0.285505017629021,0.190840251536269,0.121132201419684,0.126439615524026,0.0218845191678326,0.158265185530152,NA,0.19939667752694
"2112008",1982,0.270457503275719,0.0776818489229131,0.294671332726586,0.0616106197917729,0.20761644827125,0.294774470221537,0.0698762054878813,0.00264015085848541,0.359163899194309,0.329553491584443,0.391180217124961,0.0886876106851106
"2112008",1983,0.146816233990336,0.38066322601135,0.226195936355856,0.0826116405739356,0.170715576439531,0.346618532210693,0.399308070945045,0.345454472938224,0.249314122533355,0.363637906235104,0.315741976357492,0.418231713060319
"2112008",1984,0.371836509850036,0.266998195641478,0.158469748470648,0.0743819307773636,0.251609153802443,0.1696826171875,0.374599996119696,0.0766466720858974,0.209180500617938,0.08484130859375,0.395806992228793,0.217448465938276
"2112008",1985,0.308911680477314,0.0929519032293343,0.257820711925302,0.284940255552837,0.175408353349337,0.370607233288061,0.0511720692628584,0.1590392174481,0.192547408852315,0.306764409521807,0.221496772595066,0.151261180636925
"2112008",1986,0.0424273765056851,0.308701025706693,0.0599931153346147,0.160372010478926,0.103075007025177,0.00152386777959919,0.03859987918417,0.381519900511802,0.341425955395735,0.271022806503322,0.153377672630111,0.100195368267683
"2112008",1987,0.293660951173035,0.354063957842831,0.00133008994047259,0.416681408073328,0.0832075409314513,0.129469467406628,0.217525252351777,0.14948727719713,0.405611729898672,0.209775316005872,0.243982185647238,0.281080755134909
"2112008",1988,0.141606706661514,0.383636861358025,0.257137678386553,0.423501880756439,0.30112173892752,0.156918239794598,0.143905059014099,0.157513856193302,0.0615820046449841,0.214301111899261,0.260743524373186,0.413165243687152
"2112008",1989,0.423925475795735,0.204508733499637,0.213196891390709,0.130928236912502,0.142058128182865,0.120821505836071,0.172198477506012,0.03545984466503,0.0439167567714948,0.0588190129081141,0.308248800507829,0.0688330875821892
"2112008",1990,0.118301531384014,0.352519773328765,0.0174276315346646,0.0284883200177888,0.201144041632938,0.204843811416526,0.139650852193037,0.319500797129177,0.248196463711062,0.192020720269952,0.289249767673653,0.0180181689719802
"2112008",1991,0.246672091521845,0.111794620441305,0.232697354596843,0.191732222363976,0.297972340088754,0.0169944765157737,0.0806603470272052,0.0521414871651074,0.23365184890792,0.384509108159728,0.311776999611684,0.163385382083456
"2112008",1992,0.0231129954104148,0.412648426402009,0.123452520727198,0.0977611995511437,0.42420654296875,0.251855494837497,0.155542728395165,0.313217872304779,0.161736926708397,0.287144193032566,0.188269538632303,0.320876155734078
"2112008",1993,0.368778165490852,0.0227882969535585,0.128351401856548,0.380996669115629,0.381059686637948,0.347215981452413,0.21671925852379,0.328060168291262,0.0681148763368923,0.420921235615222,0.409780561416392,0.158214995538515
"2112008",1994,0.0221036852951926,0.0200687105187001,0.322796998426722,0.0834316672019556,0.0824978320549804,0.165596163711317,0.406433313213592,0.260489081474691,0.255324322746483,0.358726793147815,0.400643151745598,0.366033612804631
"2112008",1995,0.0999975300644652,0.348753506910109,0.379339829992452,0.340511016201483,0.113584054403367,0.361825631021276,0.233424689364694,0.0836885917523146,0.371965245120748,0.228562877848341,0.0370565761770251,0.0835440547416314
"2112008",1996,0.322167068445174,0.396051712772638,0.304830514205566,0.331868272262983,0.321613122779906,0.0548609258426154,0.122585524052317,0.0354875634896558,0.202732326580187,0.212843405732715,0.0551295139394483,0.268107062605108
"2112008",1997,0.076998632169,0.311192206438906,0.130786730804101,0.236513562012297,0.150607777385372,0.225557806829036,0.322190328770762,0.390996902205066,0.120893537149382,0.064332386437698,0.32836441954075,0.0658914389363929
"2112008",1998,0.178093746501119,0.0869541568077069,0.403574426067311,0.415430399131094,0.421292888217246,0.392632533901406,0.0232811332009561,0.217154523035657,0.273928824787532,0.122582480507694,0.369784119953678,0.309798030105762
"2112008",1999,0.0374995631833599,0.294299579874755,0.238941060412881,0.345193525160647,0.345844090601909,0.00461221833806178,0.35138308393258,0.161721846273193,0.151283687459286,0.0736270345227609,0.0487589571539901,0.376080548970262
"2112008",2000,0.386652762517036,0.0401895574555795,0.297510567651403,0.250805640638637,0.311652041141323,0.335212903205067,0.400248895133222,0.212437132477257,0.0314616065148897,0.201324621955396,0.03875642691184,0.0317495520098618
"2112008",2001,1.27261962890625,0.0169580946263267,0.290694237507594,0.309239067011745,0.332569296543147,0.309329688886251,0.35654865512868,0.250929518682756,0.104028763043342,0.051067208952756,0.123689665546243,0.112752794068439
"2112008",2002,0.236548309089133,0.306064014198066,0.395717041978608,0.158150258559166,0.00775195951540297,0.010300734699851,0.08484130859375,0.0491812828233209,0.344496209827026,0.111384291266327,0.343300891282078,0.284122820011939
"2112008",2003,0.184957004221428,0.31445169941783,0.0913601116129852,0.130442232368432,0.281283908750783,0.267815295370215,0.217984401503546,0.0611188282164987,0.20672729767308,0.175194347667198,0.0208113896306059,0.413556473446744
"2112008",2004,0.0894617832490922,0.162114252461797,0.279779927471012,0.155681593735997,0.10446356522088,0.0700364496185216,0.156169303020622,0.0900820964592839,0.135073358511411,0.251492030027319,0.0676529104124767,0.321553664668949
"2112008",2005,0.42420654296875,0.207274820338174,0.136788998442625,0.212103271484375,0.188325309920813,0.176161590691868,0.34870135834343,0.316747199342419,0.0191717830047395,0.12703409677886,0.399424872439263,0.18713900793237
"2112008",2006,0.283658803855516,0.217139233310462,0.203763223293683,0.316614771125626,0.244318163145644,0.349324518450595,0.198874600336916,0.133984880383093,0.374748124147592,0.0818851364473405,0.150752512228925,0.417547946167073
"2112008",2007,0.301317741818514,0.0271975985220877,0.0524279812601691,0.416833345890183,0.310901890110083,0.0205262489573187,0.12024613505867,0.341837215461774,0.0413936453400197,0.194120968930176,0.0846116562180897,NA
"2112008",2008,0.112999745491479,0.405155254206772,0.335901562190111,0.314343410761876,0.367685557268035,0.10793861839594,0.225080142575041,0.0120382269160188,0.404809845818917,0.297808031149449,0.0306475784797357,0.423060040252327
"2112008",2009,0.330844578917862,0.174308806852216,0.324879671863695,0.176186916756083,0.198357169206898,0.201324365750472,0.32621848689547,0.134912328679084,0.136849731454572,0.07928469024086,0.00175424746513784,0.259132462571091
"2112008",2010,0.194934800218911,0.369681874040012,0.306520625103744,0.422645343050059,0.0642521472825791,0.202212250040492,0.236411984661135,0.161631362081672,0.111810790883274,0.202300995613936,0.234286706636615,0.307965839749303
"2020002",1981,11.0612712097168,25.0080914306641,0.1951150544158,0.292384434462333,0.0538238544806248,0.106070707355511,0.0768565849728628,0.0507957843276919,1.15421960449219,0.154144053773737,0.372382869544359,2.88554901123047
"2020002",1982,2.40462417602539,0.0986103126086468,0.0946936882581252,0.0573941631720892,0.2847333417686,4.3283235168457,0.218147294573721,2.40462417602539,4.80924835205078,3.84739868164062,0.355713375662013,4.56878593444824
"2020002",1983,2.40462417602539,4.80924835205078,4.3283235168457,0.319542646529753,4.80924835205078,3.36647384643555,0.390773262086055,0.077844089620888,3.60693626403809,0.0668977616441923,0.13301318643241,4.80924835205078
"2020002",1984,14.9086698913574,18.9965309906006,6.49248527526855,0.191824543653462,0.307863053759773,5.77109802246094,0.169147205099955,0.673294769287109,0.43133117482214,1.92369934082031,0.33900499274805,0.344785807591851
"2020002",1985,0.267639036634322,38.9549116516113,12.504045715332,0.251755133685495,0.165786328059969,0.480924835205078,0.0920013152661376,0.391698716768303,0.257721143400049,0.237855465797734,2.64508659362793,14.4277450561523
"2020002",1986,NA,NA,NA,NA,NA,NA,NA,NA,NA,NA,NA,NA
"2020002",1987,NA,NA,NA,NA,NA,NA,NA,NA,NA,NA,NA,NA
"2020002",1988,NA,NA,NA,NA,NA,NA,NA,NA,NA,NA,NA,NA
"2020002",1989,NA,NA,NA,NA,NA,NA,NA,NA,NA,NA,NA,NA
"2020002",1990,0.480662954913765,0.452101434362028,0.0618655517010859,0.145985495967287,0.0304286932495948,0.209322714847794,0.240462417602539,0.339228930412324,0.137393886515433,0.162284759223237,0.201497529509268,36.5502874755859
"2020002",1991,14.9086698913574,1.92369934082031,4.80924835205078,1.92369934082031,0.123388912418812,0.377236700140541,0.273182531236586,0.20805879948532,0.478267475487298,0.345295393268916,0.102305457348997,0.166113610259916
"2020002",1992,14.4277450561523,0.318685452341376,0.0477404025869237,0.160543923810205,0.336434422540207,0.0565203577470119,0.387953641236357,0.319867405506705,0.292867390697409,0.0320607696223036,0.459097717656673,12.023120880127
"2020002",1993,14.7162999572754,0.480924835205078,3.84739868164062,0.460558808440221,0.480924835205078,0.192369934082031,0.384352417408536,2.83745652770996,0.0313776681906942,0.0671554237614854,0.227360622968654,0.430629799003429
"2020002",1994,0.263216535410852,0.961849670410156,3.84739868164062,0.260975708928254,0.457544252769969,0.0501530569274036,0.377580489441332,0.130288097537572,2.30843920898438,0.121201088847541,0.108436851263388,0.301699420504042
"2020002",1995,9.61849670410156,0.140173229407535,3.84739868164062,0.0604832597361093,0.472407562630292,0.182627378151178,0.157276993324803,0.0837660909627394,0.438998460641513,0.412290095877442,0.411660256912982,0.425766799637017
"2020002",1996,0.332671226249542,2.16416175842285,0.0826177854362389,0.467441008105042,0.14147246171781,0.769479736328125,0.276250998263544,2.59699411010742,0.0374192445931865,0.452040395745771,2.40462417602539,4.80924835205078
"2020002",1997,13.7063578033447,28.3745652770996,2.40462417602539,0.415074284893975,0.288554901123047,0.441411409697663,0.177790675215966,4.42450848388672,1.15421960449219,0.0567796236684651,0.209268745376562,0.442901148143279
"2020002",1998,19.4774558258057,0.134757886741371,0.0483330201491287,0.228395378869523,0.0919056665941879,2.21225424194336,0.0885504233040226,0.415108183802546,0.218730607765135,0.358587743978564,0.146685105171586,0.46998140455664
"2020002",1999,0.00441516961129668,24.7676290130615,24.8638139801025,0.0885006065019989,0.444507215410174,0.233736055790866,0.113781178314452,0.247225350359275,0.380766254648822,0.268940576057695,0.224917734517923,9.13757186889648
"2020002",2000,30.779189453125,1.44277450561523,0.0460929856589075,0.260293205773934,0.0495850782446989,0.453532218364174,0.188760837090796,0.108186131200586,0.2506959865917,0.402605412317738,0.0733962515837331,0.347893576610681
"2020002",2001,19.2369934082031,38.4739868164063,26.4508659362793,0.442698940049026,0.338195959265662,0.119810064811086,0.144246431087758,0.144539247678521,0.252038094769248,0.125146719512977,0.327800630116433,1.44277450561523
"2020002",2002,0.163946134499025,16.1109819793701,10.0994215393066,0.0088996100582187,0.416684745462287,0.480924835205078,3.36647384643555,0.342061049132402,0.372731248549032,0.0913654490750849,0.375560436236667,0.162049159014913
"2020002",2003,5.29017318725586,0.480924835205078,3.36647384643555,0.287128500949315,0.961849670410156,0.320494291379836,0.384739868164063,0.288554901123047,0.249787412555691,0.477797349125629,0.416980246742607,0.216189529167692
"2020002",2004,9.37803428649902,11.0612712097168,1.44277450561523,0.183064708100663,0.203938336474589,0.455099808999837,0.721387252807617,1.39468202209473,0.0921490171975913,0.288652457429514,0.46386100783656,0.355764241996703
"2020002",2005,18.275143737793,15.3895947265625,0.300217748220294,0.412215630566151,0.126123699945032,0.395242052929322,0.211405087875669,0.476189681301823,0.384739868164063,0.0815865792243786,0.229571838028631,0.961849670410156
"2020002",2006,4.80924835205078,28.8554901123047,0.961849670410156,0.466488855340718,0.327874849980631,0.151789405568592,0.272453962410547,0.315930625157332,0.107548498283147,0.187529554322486,0.385955555210624,0.290376160702617
"2020002",2007,0.324789291236372,5.04971076965332,0.376838926252023,0.166009529159016,0.293462332616714,0.166598437245259,0.0385511358453203,0.236013249201828,0.337471907024457,0.47121594073065,0.218901141986945,0.0852214739816274
"2020002",2008,NA,0.263657294565278,0.0633517024984946,0.0749495020401528,0.363878825582533,0.23571985057001,0.380903019516023,0.373178790754814,0.347137400697318,0.0657554105611597,0.237191847736924,0.278820637967123
"2020002",2009,0.28301403526811,0.040821197965665,8.17572219848633,0.0961849670410156,0.286705402900179,0.316613055304578,0.115412977103518,0.18063446051116,0.175607071498326,0.00133247034806896,0.409232466593764,0.225523207371641
"2020002",2010,2.64508659362793,2.16416175842285,0.139027582480641,0.209159751526679,3.60693626403809,0.394475923979561,0.192642529572237,0.00442778001558693,0.136944760212922,0.200272519190697,0.3123793269703,0.340369911940886
"2103008",1981,0.14898919050955,6.15666675567627,0.301238934799013,0.257672147457631,0.0293482802142706,0.22268752602044,0.206116973668493,0.0930227557215727,0.286837087572663,0.386570849322618,0.255873862524997,0.0627151717950859
"2103008",1982,0.169488093222493,0.291049784164166,0.200685161482814,0.10837963513843,4.10444450378418,2.05222225189209,0.147590012567334,0.333532427989098,2.66788892745972,0.101585812925905,0.0115146050251635,0.0757315196388815
"2103008",1983,0.615666675567627,0.615666675567627,0.17966424944068,0.0921074783651487,1.84700002670288,1.43655557632446,0.345627093678572,0.242040859802057,NA,0.237853864204969,0.214740075004986,0.125603937112403
"2103008",1984,9.02977790832519,4.30966672897339,1.43655557632446,0.265074479655267,0.306268621030511,0.324267137030916,0.230396703474087,0.0338424287835956,0.281062509804218,0.214085384363804,0.227585412136011,0.241749694312387
"2103008",1985,0.327254077856099,9.85066680908203,6.56711120605469,0.175477086128693,0.168693857286182,0.0788714714021615,0.051565918532601,0.395085052180012,0.18089385605578,0.0950649490543963,0.310113667066218,0.0297686323343501
"2103008",1986,11.9028890609741,3.40668893814087,0.166843057521409,0.18419392690643,0.284621647901786,0.147765374597792,0.236167084451906,1.02611112594604,0.19977587914566,0.378786807664623,0.410444450378418,0.15086574468904
"2103008",1987,17.5259780311584,6.60815565109253,1.43655557632446,0.0869745114825334,0.018834260848855,1.64177780151367,0.140560660054494,0.207777438619277,0.0989623180296395,0.296355453529851,0.0470927872682534,0.330224098780323
"2103008",1988,2.7499778175354,0.158114479280903,4.10444450378418,0.12730972694323,0.184069321807493,0.397697600597113,0.29470771828332,0.0338984529186164,0.170492768927827,0.243916704131816,0.358327465312931,0.348123501868765
"2103008",1989,0.266373163020551,10.0558890342712,2.2574444770813,0.237886019786149,0.302035646035232,0.221484458783127,0.119744638377258,0.220889777010974,0.238332636250692,NA,0.0855448723096651,0.0883975411593183
"2103008",1990,3.69400005340576,0.345112074859315,1.84700002670288,0.282682645485441,0.35287494774332,1.23133335113525,0.358729082675262,0.189506437511009,0.235926017457483,0.0407896720951014,0.076428278432998,6.56711120605469
"2103008",1991,1.02611112594604,0.252904807753274,0.0826520732503576,0.192170539672644,0.150969345384145,0.0315324419641618,0.319776737916918,0.169052887773939,0.0893022909893548,0.0316013654296171,0.0815910937896054,0.208764399999741
"2103008",1992,0.108757955993297,0.0485161906960204,0.169882009651776,0.0347661749301737,0.0410444450378418,0.0501272159700875,0.127208931435118,0.303856194905817,0.101489886597042,0.239793271048356,0.152388342353772,5.33577785491943
"2103008",1993,4.5148889541626,0.279559658155966,10.8767779350281,0.360840266463937,0.314197249464858,0.00492051415253584,0.287469137944682,2.09326669692993,0.175359967994906,0.218171444547017,0.183171789834254,0.390120720383559
"2103008",1994,0.291405202713256,0.127778674909505,11.0820001602173,0.0323914901051234,0.104729426321155,0.0555656267575488,0.354736947136413,0.378702852261493,0.410444450378418,0.159439998368078,0.156530319162454,2.05222225189209
"2103008",1995,5.62308897018432,0.277188587658683,1.84700002670288,0.179840659999846,0.251836684688987,0.162395031791908,0.10802639076694,0.197969140808683,0.22847241677399,0.0136234901162862,0.00658053692848109,0.228372309804826
"2103008",1996,0.346557036388993,0.165489037413285,0.0755179919088537,0.213319385213857,0.10384053935817,1.23133335113525,0.103665346571636,1.80595558166504,0.00960338049663513,0.247770265688496,0.341202904871213,0.144443922438715
"2103008",1997,0.820888900756836,17.8132891464233,3.69400005340576,0.344174117956904,0.348342995662158,0.303936289139251,0.183660720911405,4.72011117935181,0.615666675567627,0.322440209355852,0.0126544461342897,0.0844252735766707
"2103008",1998,0.820888900756836,0.205222225189209,0.35001242155793,0.111291345653407,0.375800524415638,0.615666675567627,0.380271511127239,0.0690555688915141,0.347036277176359,0.0491131278752134,0.129434342354073,0.36963097337513
"2103008",1999,0.142071648407842,6.07457786560059,2.2574444770813,0.361988220769403,0.176420650920425,0.173006623863563,0.25947343864401,0.342195797816421,0.149655923940627,0.0781741285205985,0.271455871147014,0.615666675567627
"2103008",2000,21.7535558700562,0.371068472881874,0.286758002782243,0.0451649589646283,0.298777183101072,0.267390802370922,0.270394100607093,0.170589084966867,0.304100001148042,0.19595308041976,0.399957688841283,0.175198552581258
"2103008",2001,2.05222225189209,13.4215335273743,17.7312002563477,0.104572298483975,0.40880775631502,0.0963901414080996,0.309671122107837,0.39420131535457,0.27025269783361,0.23018626150709,0.327616039866518,0.183168153526756
"2103008",2002,0.165720846162973,0.0160958003989292,1.43655557632446,0.310989349371643,0.033907711736735,0.359950287395039,6.56711120605469,0.212061487054196,0.361238914651372,0.361315103755647,0.0895682294822768,0.401913919257071
"2103008",2003,0.410444450378418,2.87311115264893,0.17240007752846,0.0221050418929237,1.64177780151367,0.0619625674751495,0.406903211522149,0.181570599533937,0.298084723351109,0.240830049679081,0.325829125239589,0.0969840077322521
"2103008",2004,0.394398748188044,4.10444450378418,3.28355560302734,0.256218981945769,0.0554408588174785,0.225208384367255,0.325973939171677,0.0241587959905955,0.22087363700819,0.26942240634742,0.148472634447056,0.232403868952776
"2103008",2005,10.2611112594604,2.2574444770813,0.331476890953029,0.130658721138059,0.0596544002907074,0.248584590238389,0.061010624774671,0.301505976578841,0.269234530874143,0.301912133424464,0.0419777883374854,0.195440793394309
"2103008",2006,1.02611112594604,1.23133335113525,0.125521106020268,0.114306235330485,0.0827749287627479,0.0965060688138786,0.382769572862112,0.2729843051947,0.209709803157017,0.151711415583775,0.2476725163799,0.384215088376563
"2103008",2007,1.02611112594604,0.0363883827265965,0.211520627717018,0.365235540266901,0.289810134436826,1.60073335647583,0.199555778616142,0.104204172783745,0.0403951655578373,0.0774963189299492,0.253633631342727,0.198173699853035
"2103008",2008,6.9775556564331,0.210995110518407,0.0054400992130185,0.408846481350949,0.360534040462941,0.39068528839593,0.318637986524604,0.0627558067740289,0.191258085947074,0.279943502134846,0.193705479720553,0.0170406783362112
"2103008",2009,0.238376303476801,0.318623367041349,3.20146671295166,0.410444450378418,0.316468933163624,0.367915700055113,0.268253267404332,0.402224866408609,0.0411390581638157,0.206842806963396,0.157938617068231,0.287787367745441
"2103008",2010,0.346461934873408,2.66788892745972,0.34966589973479,0.615666675567627,1.43655557632446,0.0561136739444145,0.176364733052622,0.0541501724426557,0.140459475791844,0.406210026058824,0.141799570307249,0.0518132338865793
"2104007",1981,1.77927276611328,14.0117730331421,0.4005126268,0.183098735476236,0.437561872939503,0.0164695826413171,0.0233087407182877,0.44481819152832,0.22240909576416,0.284303536952796,0.185192099277336,0.342544749655673
"2104007",1982,0.29359356302104,0.227579873715458,0.277396631979786,0.0344047835118413,0.889636383056641,0.44481819152832,0.376713841839023,0.0904651072691809,1.55686367034912,0.0679297480539934,0.296360401398689,0.22240909576416
"2104007",1983,0.44481819152832,0.66722728729248,0.439024068372819,0.436481831854389,1.1120454788208,2.98028188323975,0.441187280139893,0.437470586851921,0.66722728729248,0.198939194479088,1.11553380796004e-05,0.255656784529611
"2104007",1984,15.7910457992554,4.4481819152832,2.00168186187744,0.00462308224284044,0.319606896509088,1.77927276611328,0.353140315146849,0.159579274128298,0.00242806568111302,2.66890914916992,0.0477611503388406,0.361980802559987
"2104007",1985,0.0732542474360655,11.5652729797363,1.77927276611328,0.230803782473395,0.431537580871391,0.430534983274894,0.130747909150458,0.163646380663713,0.048781477518857,0.170030975517735,0.156563685724131,0.202289243658579
"2104007",1986,5.11540920257568,1.77927276611328,0.012460499896135,0.38506274548147,0.395225047194682,0.370689151140351,0.0175606956928287,0.66722728729248,0.165433389888516,0.178799502916832,0.288768407086482,0.66722728729248
"2104007",1987,8.45154563903809,1.55686367034912,4.89300010681152,0.271571677148037,0.44481819152832,3.3361364364624,0.66722728729248,0.417453341568988,0.00137593391357825,0.0388456671467918,0.294860359882635,0.0545256760545768
"2104007",1988,8.45154563903809,0.0761806763001427,1.77927276611328,0.394260659098599,0.341938290789986,0.10139357360492,0.108294652502708,0.00341013478764918,0.016906445900995,0.183309225461495,0.0738718322267173,0.137054641482544
"2104007",1989,0.279892371956257,8.00672744750977,0.44481819152832,0.233731881463847,0.125049025143034,0.20576846726385,0.329113716808066,0.293852058006067,0.313028983854086,0.0918375237263509,0.393677802082673,0.190312956337276
"2104007",1990,NA,NA,NA,NA,NA,NA,NA,NA,NA,NA,NA,NA
"2104007",1991,NA,NA,NA,NA,NA,NA,NA,NA,NA,NA,NA,NA
"2104007",1992,NA,NA,NA,NA,NA,NA,NA,NA,NA,NA,NA,NA
"2104007",1993,NA,NA,NA,NA,NA,NA,NA,NA,NA,NA,NA,NA
"2104007",1994,NA,NA,NA,NA,NA,NA,NA,NA,NA,NA,NA,NA
"2104007",1995,47.150728302002,0.438205158992772,2.2240909576416,0.444022550407743,0.341517342511062,0.233500443333903,0.0540811700455643,0.424693966086116,0.175185061526351,0.317400201905089,0.343373287377442,0.247341818857615
"2104007",1996,0.136664272486343,0.190269512338091,0.335759071871229,0.31144543146237,0.388911149247839,0.177927276611328,0.411622977416856,4.89300010681152,1.77927276611328,0.33466009164003,0.233465888102309,0.0406162997913588
"2104007",1997,4.4481819152832,63.1641831970215,12.0100911712646,0.0200274190100878,1.1120454788208,0.246816995781518,0.0837388728720298,4.09232736206055,7.56190925598145,0.0813331567048159,0.126503464006547,0.422365414500763
"2104007",1998,5.78263648986816,0.177654590585493,0.398001072613763,0.161357338141328,0.344949698182017,0.533781829833984,0.27950621100326,0.0247711037235049,0.158298185703468,0.349986318152346,0.10269568795348,0.0708971910211265
"2104007",1999,0.102651341261657,23.7977732467651,1.1120454788208,0.332076400961062,0.0112789881217187,0.166800212261229,0.0286916683209219,0.304036213352918,0.403591566703747,0.433753888799854,0.228629384401617,0.0787971043973525
"2104007",2000,9.34118202209473,0.4383149513151,0.347112746519882,0.280736886902731,0.360865968452745,1.1120454788208,0.44481819152832,0.275949048961218,0.340218667011325,0.31121407432206,0.149369951615426,0.190882159453869
"2104007",2001,4.00336372375488,5.78263648986816,12.4993911819458,0.423198108378516,0.310875217736006,0.231619957676568,0.0631091084825083,0.24308745942265,0.10668495381966,0.208954255589257,0.355889729257395,0.364178229547191
"2104007",2002,0.258388253843776,0.249685732892144,13.1221366500855,0.319938565213414,0.287845939618083,0.1181494780057,9.83048203277588,0.213852462826558,0.20054374255288,0.0797989093932577,0.0230309313628266,0.168092502215156
"2104007",2003,0.298317789301901,1.55686367034912,0.351995687936303,0.138799017847301,2.89131824493408,0.362487576340291,0.310109526416067,0.340477955632617,0.314471995722476,0.0159583834300342,0.316984759989114,0.20831450988077
"2104007",2004,0.66722728729248,6.71675469207764,0.22240909576416,0.261876751694151,0.293855282470567,0.230410590232438,0.252384887239108,0.889636383056641,0.403932348813151,0.143931037080763,0.0292623874557379,0.00747389889540269
"2104007",2005,11.3428638839722,4.89300010681152,0.66722728729248,1.1120454788208,0.344231852782463,0.047502977965971,0.402533730241872,0.022032077620869,2.89131824493408,0.399443601237103,0.366673185622724,0.410532264963683
"2104007",2006,3.42510007476807,3.69199098968506,0.327320753188147,0.368773188295264,0.377408118012517,0.180904487487485,0.0847524248860325,0.66722728729248,0.134332288369774,0.357103151050847,0.214348101878676,0.372071246894357
"2104007",2007,2.2240909576416,0.436374204399456,0.254499707389662,0.00321425638859969,0.143875655292502,2.2240909576416,0.386265576896496,0.0213441615156271,0.292869484837454,0.273075741011115,0.0407938198497746,0.366685722755798
"2104007",2008,5.11540920257568,0.26573877062568,0.261743127084806,0.119642745702115,0.405914410591307,0.405044248237215,0.0236957245135296,0.225050055020567,0.406659191465062,0.0542507189427188,0.297991766258551,0.231091436315546
"2104007",2009,0.148649762798443,4.4481819152832,6.44986377716065,3.11372734069824,0.3484440684022,0.436845941670896,0.0754260343689287,0.258473967181764,0.325265389267233,0.266548599742187,0.00814022556720333,0.23921127445146
"2104007",2010,0.333741138003184,1.77927276611328,0.409538131923093,0.340439536719111,0.335626057584018,0.299311274736128,0.259535781353155,0.0937437119926792,0.424780856466535,0.347132193145766,0.190882514793296,0.17297802867153
"2103009",1981,0.940747528076172,29.6335471343994,0.00161567401048185,0.940747528076172,0.287919247097702,0.139719455482295,0.42256709371015,0.470373764038086,2.82224258422852,0.152298633631138,0.340337062686247,0.202782087822169
"2103009",1982,0.0364020688753702,0.207343074649148,0.206276277009002,0.384346997118598,3.38669110107422,4.51558813476562,0.279937061272475,0.705560646057129,7.05560646057129,0.146755352481547,0.0131748040038833,2.82224258422852
"2103009",1983,7.52598022460938,0.470373764038086,4.70373764038086,0.0329009705626686,8.46672775268555,0.940747528076172,0.0426610730181662,0.227147703215683,2.82224258422852,0.28387436858906,0.2672528485742,0.028581887140976
"2103009",1984,32.4557897186279,12.9352785110474,2.35186882019043,0.0399144214178269,0.384477820612525,5.17411140441895,0.127360149775205,0.2288674728827,0.369387209543965,3.2926163482666,0.0323009532778715,0.113638205690261
"2103009",1985,0.358337738168633,47.9781239318848,21.1668193817139,0.398580309060083,0.430860952221741,0.470373764038086,0.370765653257739,0.135552419703181,0.311270000533493,0.179517486488764,0.464731455369894,1.88149505615234
"2103009",1986,24.6946226119995,11.053783454895,0.305391905008271,0.446501093698706,0.290490101325443,0.0940747528076172,0.143780812092406,1.41112129211426,0.0707321948674805,0.348581007645172,1.17593441009521,8.37265299987793
"2103009",1987,22.5779406738281,8.46672775268555,5.17411140441895,0.406077272671523,0.444456163945733,3.2926163482666,0.393134968030569,0.388668529349941,0.025298797940538,0.209363986463925,0.446449629379285,0.323371772836777
"2103009",1988,3.8570648651123,0.343574520465385,6.35004581451416,0.438151943781235,0.207910447308084,0.0129932099834312,0.0995955478173485,0.150902614451284,0.217780840163814,0.301208688029431,0.238596684086331,0.394319063433948
"2103009",1989,0.323499370166362,19.5205112075806,3.2926163482666,0.247915761290091,0.144991760621113,0.371126835377464,0.238967806993318,0.415691444361249,0.0435048935070418,NA,NA,NA
"2103009",1990,0.705560646057129,0.00721633911541598,6.11485893249512,0.389621349576182,2.11668193817139,0.470373764038086,0.27866571333561,0.10521747091182,0.120708667484409,0.350470512895245,0.317680274307073,15.0519604492188
"2103009",1991,2.82224258422852,0.434062364420864,0.470373764038086,0.355256637542796,0.282792194921305,0.298275316445505,0.414597184569369,0.314562218668513,0.387161488302964,0.245176770433718,0.0900168521075042,0.38252890073499
"2103009",1992,8.93710151672363,0.331167712779356,0.131423001626737,0.2343237962102,0.435858222962522,0.334044472286759,0.0881456805126528,0.0479891252648752,0.0332914002967276,0.0600440652882813,0.252866897596035,3.99817699432373
"2103009",1993,11.9945309829712,3.52780323028564,17.6390161514282,0.280382270199412,0.230872038235955,0.430098663295038,0.206949497384258,6.5852326965332,0.0859955707711063,0.116656729044402,0.19955824568753,0.107510833499032
"2103009",1994,3.52780323028564,0.470373764038086,18.3445767974854,0.383904642763376,0.0191961136056015,0.0843061965705673,0.284744720769616,0.218894028509576,0.470373764038086,0.075152709824798,0.0408152384989098,3.76299011230469
"2103009",1995,16.9334555053711,0.0286124682394917,10.3482228088379,0.705560646057129,0.107767169877369,0.07828082836255,0.154071846378433,0.135660546477142,0.418258597228535,0.112076478102148,0.103776323433723,0.36412361454509
"2103009",1996,0.318828413058587,0.235186882019043,0.432337472076234,0.308240348018498,0.416393238490115,0.146898806620242,0.143235535997941,4.70373764038086,0.194140298142324,0.0807085342242502,0.0855914013093034,0.02211947102559
"2103009",1997,0.705560646057129,36.6891535949707,12.2297178649902,0.33438152487003,0.470373764038086,0.0798288184132679,0.369183951552876,0.32926163482666,1.88149505615234,0.241364867141221,0.264637047518592,0.323372400152595
"2103009",1998,8.09042874145508,3.2926163482666,0.0961830807530108,0.194366837566918,0.107354093144256,4.46855075836182,0.0106070458337824,0.379228221721689,0.245677900820288,0.114047577886914,0.291635564128165,0.248962978857187
"2103009",1999,0.284243562346584,25.8705570220947,12.9352785110474,0.033608984295689,0.0531479827255791,0.453789062905788,0.43175824831757,0.321593767278357,0.0362967038023472,0.107113551478648,0.250323489968554,6.11485893249512
"2103009",2000,24.6946226119995,0.0752200582231678,0.453757167050571,0.350613391519865,0.313340641254556,2.35186882019043,0.27875495963384,0.390174921177616,0.0082998070601141,0.404973727116107,0.318377549637416,0.172158628075404
"2103009",2001,13.1704653930664,34.5724716567993,35.0428454208374,0.00797148575364942,0.0995749252479183,0.0976939482293432,0.403859124133751,0.44452261462976,0.0340119205912723,0.0517881298139438,0.0187820632625687,0.0257121176928204
"2103009",2002,0.398499237580618,3.2926163482666,13.1704653930664,0.26175603665422,0.0598879785335045,0.0940747528076172,2.44594357299805,0.110867365961645,0.447555839603199,0.0051788808602952,0.150399991232675,0.00386706546781392
"2103009",2003,0.116372529351998,0.0118852257962475,0.0849336171962404,0.0658506597333647,5.64448516845703,0.0348792861220976,0.432397446666296,0.13285357946851,0.0329847760351623,0.303046757325098,0.0298393344689972,0.337343743234511
"2103009",2004,0.242609421639756,20.4612587356567,5.17411140441895,0.174639851379714,0.303938872370527,0.130002464014049,0.292321215826473,0.940747528076172,0.241207451173442,0.330992477669224,0.14314447959569,0.151857327795754
"2103009",2005,18.4856889266968,4.70373764038086,0.423346104305079,0.0558875608143922,0.0182489710912893,0.147462053976767,0.0440397452948087,0.00428185680575266,0.940747528076172,0.263058134017884,0.31633581133176,0.125717772568753
"2103009",2006,16.8864181289673,21.7312678985596,1.17593441009521,0.470373764038086,0.381861289513753,0.100205814509515,0.205976459474512,0.114725275663108,0.362256133797021,0.142262292633502,0.117575369758053,0.121084116767803
"2103009",2007,10.818596572876,2.82224258422852,0.102751522221982,0.151677423519672,0.403606452098979,1.41112129211426,0.0100862345086118,0.0147542438453417,0.155886023242874,0.00378987868097502,0.458211692644607,0.127788718952951
"2103009",2008,6.11485893249512,NA,NA,0.139027541139483,0.355602405741882,0.297312865037766,0.367219058996794,0.423792002534697,0.0371583038977856,0.380360968127497,0.125854019365626,0.345288524587498
"2103009",2009,1.41112129211426,0.0520608658792735,0.234621625893886,0.218622385209125,0.378181242793065,NA,0.199422089242533,0.129690236950474,0.0953463914913443,0.0736308257715251,0.290150534222065,0.397916921487906
"2103009",2010,0.940747528076172,6.11485893249512,0.238265523321556,0.0641522764103085,0.318230545381832,0.468969292303275,0.232037958236793,0.214792403656045,0.175917699723413,0.343498334448787,0.00397000856295568,0.0139306883514998
"2104008",1981,0.363613436904712,6.78167541503906,0.16264479184847,0.036386610933074,0.308180489819773,0.335237614143582,0.212385217442913,0.379952214814148,0.403068041451792,0.0418211382365824,0.260351031255148,0.333332021869301
"2104008",1982,0.275300189967893,0.208822599770192,0.00798993258489803,0.24785179295431,0.361486895134044,0.0533093709382487,0.0944765928873206,0.0521364000913791,1.27156414031982,0.00624777726808841,0.205790972378023,0.211927356719971
"2104008",1983,0.847709426879883,3.17891035079956,1.27156414031982,0.420904996323459,1.05963678359985,0.847709426879883,0.282961860120682,0.0226391953731912,1.69541885375977,0.1285893237991,0.155809803960188,0.0465485752623618
"2104008",1984,12.0798593330383,0.145812509378452,1.05963678359985,0.111567993878092,0.0680183673008052,2.54312828063965,0.207490266035089,0.26720948143214,0.172783734030238,2.33120092391968,0.210545252292658,0.0777796833408285
"2104008",1985,0.23642302194597,4.23854713439941,3.17891035079956,0.356413995530785,0.218217341357198,0.161395003830563,0.273778919409214,0.348481496239651,0.349184290699879,0.336340588428896,0.410301981112025,0.405695125107782
"2104008",1986,6.99360277175903,0.381680591244513,0.285578398447688,0.344811886954016,0.358536449810869,0.0276154078977887,0.382964085195896,1.05963678359985,0.0212678809183634,0.0914959855567507,0.405002585542564,0.0171788187551575
"2104008",1987,5.29818391799927,1.48349149703979,7.205530128479,0.321456136096384,0.20276704607509,2.33120092391968,0.360339962980836,0.396202241706397,0.00884236004981553,0.0846960493879138,0.206923631127408,0.304828220852717
"2104008",1988,0.847709426879883,0.311715070794671,0.635782070159912,0.181625675353804,0.375593316198752,0.10162667301877,0.161078354119171,0.348016685332028,0.367431493873097,0.147374041211137,0.147225418656146,0.302172617034399
"2104008",1989,0.175829743874665,4.23854713439941,0.211927356719971,0.273586147830838,0.273380552255293,0.333693833619622,0.144723164568424,0.112412006060543,0.373544621786094,NA,NA,NA
"2104008",1990,0.423854713439941,0.0129613109578695,2.11927356719971,0.241272733648695,0.0473467078573188,0.211927356719971,0.0873636532709334,0.298447995724984,0.0386982281271978,0.278290942848979,0.21595178128734,5.72203863143921
"2104008",1991,NA,NA,NA,NA,NA,NA,NA,NA,NA,NA,NA,NA
"2104008",1992,3.6027650642395,0.383923142686884,0.21653988620338,0.35298215081271,0.171562738450342,0.372324833337823,0.376559165877548,0.202714191828697,0.163393739060053,0.418001958943524,0.0422900546943926,0.276573397543314
"2104008",1993,5.29818391799927,0.103777785622095,4.66240184783936,0.303036281915784,0.345907445255003,0.149365544901118,0.0697640511486219,10.1725131225586,0.269687671935125,0.352339795336887,0.347245719317207,0.167295806744734
"2104008",1994,0.0644715266173765,0.253360134008001,4.45047449111938,0.100942547157037,0.132954686272767,0.27124437839927,0.00321932323469563,0.423854713439941,0.343286473640389,0.102277013109759,0.209460993185802,1.27156414031982
"2104008",1995,6.35782070159912,0.328651964858521,2.96698299407959,0.273365283599472,0.257929773311308,0.153197345031483,0.139744302709652,0.250892688377833,0.159546723564503,0.0880662798656532,0.386131928391841,0.054804187925785
"2104008",1996,0.409721737453194,0.123155993758581,0.0483410166115828,0.0837013438157728,0.12084225164963,0.244830328678831,0.267675271703256,0.402446582123112,0.012094791770728,0.0959403766642254,0.196128568004718,0.281826918459599
"2104008",1997,0.0405667716647364,17.5899706077576,0.423854713439941,0.142364859644157,0.211927356719971,0.0785559074639034,0.248674745959743,2.75505563735962,0.211927356719971,0.237906970209301,0.106188568008211,0.0618410134128041
"2104008",1998,0.423854713439941,0.405608081463408,0.0256831675415384,0.103618577671455,0.241550643533781,0.370137352045503,0.0557570180110349,0.369639721605343,0.368231063440226,0.389460849151625,0.412835548383598,0.051743927474085
"2104008",1999,0.18289859387686,1.27156414031982,4.45047449111938,0.0478056464327476,0.371755859267215,0.225018435413164,0.3221007564243,0.30479870978059,0.287997408809548,0.348259824063007,0.239439965991153,0.369398834699857
"2104008",2000,5.93396598815918,0.232996873108866,0.0112649234169018,0.109322539872332,0.377411040501445,0.0954595137284095,0.102966368460699,0.177953774176011,0.287025514689536,0.232594087470293,0.141746507554389,0.0738390520836911
"2104008",2001,1.27156414031982,5.17102750396729,8.05323955535889,0.32299688004087,0.231818573790365,0.373104055750062,0.408024503183208,0.297589334538401,0.206191204704255,0.0294975536731772,0.12190251881805,0.242163725080814
"2104008",2002,0.423854713439941,0.211927356719971,0.635782070159912,0.363083252497023,0.127890735154408,0.373005537151138,3.81469242095947,0.250562861174709,0.3580756028385,0.39911059324844,0.41559964897928,0.356634508438689
"2104008",2003,0.363733234455191,0.320331107678112,0.307398913935083,0.038497328048935,3.6027650642395,0.417491641186811,0.14933616419368,0.32799074864185,0.0764703400749208,0.206112990035593,0.332271556143914,0.137613499464339
"2104008",2004,0.0321112848665091,4.23854713439941,1.05963678359985,0.320241761582139,0.102696818495028,0.197573288832411,0.267344759123323,1.05963678359985,0.335706789850475,0.265687111606034,0.00121634380067409,0.0671753693181346
"2104008",2005,7.84131219863892,0.847709426879883,0.423854713439941,0.308850201846984,0.331855180405913,0.377538688058887,0.0805646204770886,0.212163892444904,2.33120092391968,0.00172275259044033,0.313296828792761,0.267561512475438
"2104008",2006,3.81469242095947,10.2572840652466,0.215922471831459,0.196175608933364,0.0822914274981789,0.415031611442283,0.344623999758627,0.423854713439941,0.145560987438075,0.237933993003401,0.225464908617676,0.217303021257707
"2104008",2007,1.05963678359985,0.211927356719971,0.154486709834764,0.141515803897612,0.0993363396118332,0.145651071806751,0.226919977500308,0.0481957139646223,0.132293246827537,0.380503930514429,NA,NA
"2104008",2008,2.11927356719971,0.397784790379649,0.351407809391064,0.106872951243986,0.250549797764417,0.059445595013539,0.152561734374014,0.0042394260391202,0.0450086391644659,0.334763816855494,0.253051693521944,0.184997044770891
"2104008",2009,0.164579833811957,0.211927356719971,1.48349149703979,1.05963678359985,0.169367977459566,0.401041776969773,0.413292037859488,0.22571914581472,0.397697081490483,0.226800881807262,0.175602931816035,0.132316749380285
"2104008",2010,0.132734926736579,0.138759469622854,0.15588369646209,0.351821585631505,0.264798857832386,0.151613825975196,0.243700848123854,0.386063338407056,0.381921893915658,0.124928471152071,0.279440212092701,0.380673630602101
"2103010",1981,14.2546904602051,2.27166381835938,1.13583190917969,0.228380531737728,0.472128973266344,0.265553592808966,0.295333318138278,1.98770584106445,1.41978988647461,0.382546219907028,0.388607453478658,0.393265909548325
"2103010",1982,0.345634829658013,0.534804766458758,1.41978988647461,0.216033373382215,2.04449743652344,0.13087112291703,0.0586273767232813,0.000216525325233192,8.51873931884766,0.0765373868047261,0.144815922205456,13.6299829101562
"2103010",1983,11.3583190917969,6.81499145507812,1.70374786376953,0.1143414353383,NA,2.27166381835938,0.244169855829749,0.14659157593168,0.435413181901736,0.326368888687867,0.23201709480065,0.0461693884939262
"2103010",1984,NA,NA,NA,NA,NA,NA,NA,NA,NA,NA,NA,NA
"2103010",1985,6.81499145507812,87.402265411377,23.2845541381836,0.206808496988452,0.361985995761407,0.567915954589844,0.550483051227408,0.538815973505244,0.354159278666194,0.196208319327057,2.61241339111328,3.40749572753906
"2103010",1986,20.4449743652344,27.0327994384766,5.22482678222656,0.381297791236351,0.132392776513301,0.113583190917969,0.127489329420172,1.70374786376953,0.152494683175742,0.259590359798688,5.33840997314453,13.2892333374023
"2103010",1987,31.2921690979004,10.960777923584,18.4572685241699,0.147863112544642,0.567915954589844,1.13583190917969,0.549624153456384,0.11881023499277,1.19262350463867,0.113583190917969,0.300373609820875,0.298988064302789
"2103010",1988,2.83957977294922,0.195465221360401,14.1978988647461,0.235800011911178,0.285785161423027,NA,0.267757932596,0.130751622308758,0.273856534793074,0.353426282936863,0.520289649990092,0.454535094190057
"2103010",1989,2.83957977294922,36.6305790710449,4.82728561401367,0.471603011916063,0.091524720324416,1.02224871826172,0.410728247841969,0.319872130210995,0.184891420191087,0.306853333333942,NA,0.145859341836996
"2103010",1990,20.4449743652344,0.305845258706903,11.6422770690918,0.384259847747267,2.83957977294922,1.13583190917969,0.851873931884766,0.022276182244085,0.313487152857905,0.178261723940245,0.217547730624355,37.1984950256348
"2103010",1991,12.0398182373047,0.0927611996615217,0.567915954589844,2.27166381835938,0.508473839963247,0.160125863798277,NA,0.136969070584329,0.196201217216206,0.43783413653252,0.400308659705542,0.132145126512215
"2103010",1992,10.5064451599121,0.166483344686116,0.467444269362672,0.340749572753906,0.39443260715219,0.522077573835591,0.560290458062543,0.263358623508192,0.131632556973345,0.539936793199913,0.261101666403166,9.0866552734375
"2103010",1993,72.1253262329102,16.7535206604004,31.8032934570312,0.413683748741339,1.13583190917969,0.479624596276845,0.567915954589844,6.24707550048828,0.113583190917969,0.207525556570629,0.374638416754344,0.567915954589844
"2103010",1994,12.4941510009766,9.0866552734375,11.9262350463867,0.283957977294922,0.293276107785232,0.561055905774772,0.217740559723876,1.0790403137207,5.22482678222656,0.562890394587387,0.310567685872153,10.5064451599121
"2103010",1995,72.6932421875,0.412098932360699,7.66686538696289,0.851873931884766,1.02224871826172,0.508553304373617,0.124318855687302,0.337454521298031,1.98770584106445,0.129100314562333,0.475773748496169,0.425260421621012
"2103010",1996,0.503140713775245,0.567915954589844,3.18032934570312,0.311991432524664,0.353007128284078,1.59016467285156,0.561788087639302,7.95082336425781,0.16225462417278,0.180929779692703,2.27166381835938,5.67915954589844
"2103010",1997,15.0497727966309,153.621265716553,19.4227256469727,0.267469750805578,1.59016467285156,0.265218916925763,0.0360311764927772,6.30386709594727,2.66920498657227,0.221064181787865,0.422577881322989,0.0635531467196514
"2103010",1998,22.7166381835937,1.87412265014648,0.469704073209417,0.423259491969271,0.363898811953779,0.511124359130859,0.530299630352464,0.100149886787538,0.487873480184089,0.401489961785982,0.0582190534143218,4.3729528503418
"2103010",1999,8.80269729614258,95.5234635620117,62.0732138366699,0.0513425805299014,0.352178306618985,0.0483856421773648,0.130674978062232,0.466970013087772,0.357962438465334,0.259536780916955,0.471829501432342,16.8671038513184
"2103010",2000,80.019358001709,19.3091424560547,2.15808062744141,0.851873931884766,0.292304315660897,4.54332763671875,0.314691193831621,0.567915954589844,0.103714964753068,0.17092097193034,0.125418462270326,2.83957977294922
"2103010",2001,39.2997840576172,64.4584608459473,59.5175920410156,2.27166381835938,0.340749572753906,0.466118062323877,0.397490189176313,0.113583190917969,0.851873931884766,0.4769607073006,0.188931562081588,9.8249460144043
"2103010",2002,4.65691082763672,17.9461441650391,33.3934581298828,0.277948910275223,0.0645892127422331,0.681499145507812,5.4519931640625,0.0377842670570527,0.46803767385759,0.283957977294922,0.90866552734375,0.145821194783919
"2103010",2003,3.97541168212891,1.70374786376953,0.567915954589844,0.288987064088922,2.95316296386719,0.497741511021437,0.227166381835938,0.227166381835938,0.114196488992508,0.176986519315981,0.269771530241782,0.462098803371112
"2103010",2004,12.7213173828125,33.6774161071777,2.61241339111328,0.235967728223881,0.338835811711442,0.192468942462718,0.113583190917969,4.7137024230957,0.0751313514634531,0.532594748394532,0.193673119102605,0.520280823755256
"2103010",2005,31.9168766479492,12.5509425964355,7.83724017333984,0.218586450996571,0.176133285012587,0.258464843753716,0.330475533580239,0.110228003302738,1.02224871826172,0.246102139588807,0.0425349537767103,2.95316296386719
"2103010",2006,34.4724984436035,17.0942702331543,6.5310334777832,0.567915954589844,0.0551433159243117,0.39633606872569,0.465443271348932,0.227166381835938,0.183967077773004,0.114826488577683,0.124667005495653,0.465812965368433
"2103010",2007,15.0497727966309,5.39520156860352,0.851873931884766,0.542454778894614,0.449299138831218,0.0652529846092555,0.567915954589844,0.457318816460819,0.148540360320236,0.316217120912292,0.150517993339997,0.473894258050887
"2103010",2008,47.137024230957,0.526378353052413,0.429711599614988,0.235655671038485,0.0208159740518372,0.246998768819558,0.541289759928221,0.32456000177432,NA,0.0814663510386235,0.111213574006079,0.170374786376953
"2103010",2009,0.0668746630489624,2.27166381835938,2.83957977294922,0.395305208528809,0.215777118099677,0.477926821808884,0.0873542919683295,0.146246910337381,0.488015979381894,0.264784150613918,0.550470009688597,0.454476037224683
"2103010",2010,0.0296924236190926,0.121165092959057,0.255427071106272,0.552628912812063,0.203457646750305,0.258328055625706,0.501076893068163,0.558794558692269,0.543357586886435,0.359843667976392,0.548797152574119,0.337590291665299
"2105014",1981,0.102496708897615,13.8398508453369,0.0877574691551819,0.361383168273905,0.214341610200281,0.31609279546202,0.000864549602964233,0.0838778839111328,0.167755767822266,0.243816423637123,0.238861586507693,0.336184518243721
"2105014",1982,0.379826753958033,0.055297294013617,1.50980191040039,0.175821105658987,0.378620584708932,0.269199411416548,0.385910614945104,0.213870046025051,0.838778839111328,0.396173086175883,0.045344547498699,0.377382497387284
"2105014",1983,2.93572593688965,0.545206245422363,NA,NA,1.55174085235596,1.04847354888916,NA,0.168477579771212,1.13235143280029,0.0480802765649097,0.417039502204102,0.0864202345880675
"2105014",1984,56.7853274078369,4.61328361511231,7.96839897155762,0.0890061245847966,0.381415300687045,8.80717781066895,0.371007806322447,0.0854876338221917,0.0234358269711286,2.09694709777832,0.393838737713169,0.0244595835758476
"2105014",1985,0.23587972573041,38.5838265991211,8.38778839111328,0.412691094684868,0.396886686270996,0.152457355922208,0.275393811016451,0.148256433210315,0.186912889896795,0.203455175135154,0.147672301518943,0.335511535644531
"2105014",1986,26.4215334320068,4.19389419555664,0.15880939304832,0.257195168682951,0.379584688841784,0.167755767822266,0.196507560951674,2.34858074951172,0.221672141557029,0.133120774293643,0.293572593688965,NA
"2105014",1987,24.953670463562,4.40358890533447,8.80717781066895,0.392385001346382,0.280162485672599,3.77450477600098,0.0642679327838048,0.174063311307772,0.0830078536718315,0.32082890123031,0.00883219702452173,0.0362350833289275
"2105014",1988,2.93572593688965,0.0198343246910495,8.17809368133545,0.376581888509038,0.338670756552088,0.185347198551667,0.0423669658931228,0.0492452968075235,0.216670983563196,0.340290517027937,0.0116993396169076,0.0512791479730353
"2105014",1989,0.0663542801868587,31.8735958862305,0.419389419555664,0.25250720010549,0.0185991916705673,0.241439403367504,0.210910801983098,0.00756040625790934,0.221796025350219,0.292612842040969,0.360593450518937,0.15919345678924
"2105014",1990,1.67755767822266,0.0348307716248189,1.46786296844482,0.379950027361648,0.376936617616377,0.362925764121892,0.166929240148537,0.129034784491758,0.00299988050086842,0.0753298102759686,0.365002458366637,2.09694709777832
"2105014",1991,0.209694709777832,0.177395724940318,0.379633420798713,0.306787978213116,0.262474481821201,0.0280701512786968,0.376553637851569,0.195205104431551,0.35381724155933,0.161090506673788,0.413360293845161,0.291123563639341
"2105014",1992,4.19389419555664,0.197405117095044,0.0821749427741808,0.294185695186284,0.375106561966768,0.283674687694236,0.150516400074004,0.0315765519140894,0.198784912444757,0.0472960908865653,0.108215986564464,3.56481006622314
"2105014",1993,11.6170869216919,0.0659524678872628,16.7755767822266,0.23816912126146,0.400389802266408,3.42405018613512e-05,0.359279710531061,1.04847354888916,0.405384042772118,0.0632421678792322,0.277171212143204,0.360455400238926
"2105014",1994,0.0893094955269819,0.267633687555066,11.3235143280029,0.403560154781557,0.119883862263666,0.183450447563693,0.417661605380419,0.0585989501047477,0.389912747901959,0.0433143181472517,0.40296963758133,1.67755767822266
"2105014",1995,9.47820088195801,0.105039945445018,0.58714518737793,0.326689419099844,0.340931567376279,0.0410591212276256,0.358310630712531,0.323180231920331,0.390729281200721,0.204062716843714,0.277444838921514,0.362874287901867
"2105014",1996,0.254785795519992,0.58714518737793,0.0985509695513774,0.0160963470747202,0.122688684285522,0.12052042135165,0.115940492998338,0.0421134182074809,0.0984504463661416,0.400502626007513,0.408135322662537,2.76797016906738
"2105014",1997,36.0255511398315,16.6497599563599,12.8333162384033,0.389809870942815,2.51633651733398,0.418385280565269,0.292705583662357,5.07461197662354,0.16484295572761,0.401612228716007,0.216358203579473,0.0213401400509939
"2105014",1998,6.37471917724609,0.503267303466797,0.251640724616494,0.157754058865127,0.278888233134818,0.214923840222004,0.222412773581043,0.351999001454389,0.0886785899881268,0.0637621219549711,0.250642346879547,0.418415927277671
"2105014",1999,0.323511936617334,36.0674900817871,15.5174085235596,0.226065215121897,0.157443904015516,0.362313627549817,0.283175361778608,0.168803042988254,0.29019780497833,0.259048178241974,0.30060644913292,2.76797016906738
"2105014",2000,50.7461197662354,0.337531426865539,2.93572593688965,0.377070016983663,0.147972634476734,0.180095836002551,0.0459614042150158,0.368379696525425,0.08253651886872,0.209514843271374,0.412411620724007,0.0739173337446821
"2105014",2001,7.12962013244629,54.6883803100586,63.0342297592163,0.226889909830201,0.260806619307339,0.240606121705301,0.390496439206675,0.405579515468468,0.320817687970539,0.195563409166063,0.173327928770808,0.119295409803091
"2105014",2002,0.0529280901677194,0.111391950933597,19.7113027191162,0.352487420916206,0.382880365829659,0.263491698732912,2.76797016906738,0.0574411799349463,0.0474023901675484,0.247827512261848,0.263187125564452,0.219617827059051
"2105014",2003,0.325300007014045,0.276057420097976,0.308838418480288,0.0891907593753243,2.30664180755615,0.141562268382241,0.0913913062639591,0.265380622263086,0.172615784490471,0.247120527243002,0.190882042873149,0.388430777770583
"2105014",2004,0.922656723022461,8.84911675262451,0.922656723022461,0.25453504062786,0.0981742887804405,0.306518120500107,0.206719057671216,0.395807053876154,0.310966552132249,0.139618898219169,0.266248197058727,0.168317610929837
"2105014",2005,56.4498158721924,0.461328361511231,2.51633651733398,0.0125003737465696,0.0343139866730041,0.0352968601632229,0.396033220838854,0.0885451994090444,0.419389419555664,0.0419389419555664,0.325184525134241,0.0846305454042234
"2105014",2006,7.33931484222412,28.0990911102295,0.276383512843348,0.00685351078109464,0.3553176524669,0.112057402022631,0.186961497061231,0.0838778839111328,0.0546985006689647,0.174162785474419,0.338712375532183,0.294143248552687
"2105014",2007,4.69716149902344,1.21622931671143,0.0326541926090181,0.174754596102946,0.402351755867514,1.88725238800049,0.503267303466797,0.356990423778445,0.356926346543629,0.391359597539337,0.167808200745682,0.216168098132102
"2105014",2008,10.6105523147583,0.167755767822266,0.408089086360183,0.461328361511231,0.266943946261413,0.230807813810421,0.32600483472416,0.256685648158015,0.325116751580921,0.0826220948816992,0.386761497621807,0.241436897167083
"2105014",2009,1.25816825866699,0.298500015899575,12.4978047027588,0.922656723022461,0.22885727862482,0.148083674993648,0.159284992864365,0.218850540803606,0.268324254061052,0.402639853009203,0.236270690066573,0.306053456920121
"2105014",2010,0.289645948746458,0.922656723022461,0.149148763008906,3.22929853057861,0.255374728207081,0.298655189506389,0.159035345090614,0.17995478289096,0.184960078761712,0.377773449908195,0.141367223866707,0.367616811695366
"2105016",1981,7.441383934021,71.9829872550964,5.45701488494873,1.73632291793823,0.340026545925127,0.7441383934021,0.00832219206405072,0.178265962260208,4.96092262268066,0.246918841880653,0.44648303604126,0.472481956974974
"2105016",1982,0.410886914662441,2.72850744247437,3.47264583587646,0.496092262268066,2.08358750152588,1.4882767868042,0.244041514188441,1.38905833435059,19.0995520973206,0.247838547687198,0.466908877938849,4.4648303604126
"2105016",1983,16.2222169761658,10.8148113174438,16.3710446548462,2.03397827529907,13.592927986145,0.195610525712321,0.162353350284198,0.0880899539912114,0.208239722757278,0.386941574749455,0.27473943329384,0.251261350589711
"2105016",1984,89.1973887557983,50.2541461677551,23.5147732315063,0.199965392352763,0.0858627840109857,18.8515059661865,0.472674925975354,0.462711219801952,0.121766683904196,1.98436904907227,0.408258194036636,0.352705730392487
"2105016",1985,3.47264583587646,72.3798610649109,39.1416794929504,0.00402481896967813,0.00251689491867516,NA,0.104314617075548,0.0565088732807902,0.354889762540822,0.350760733833391,0.0105179250330899,10.8644205436707
"2105016",1986,26.2432806739807,20.6374381103516,9.42575298309326,0.465218784418904,0.106708590368591,0.59531071472168,0.0992184524536133,4.4648303604126,0.278117707678475,0.287889367162761,12.4519157829285,26.2928899002075
"2105016",1987,64.4919940948486,11.4101220321655,20.5878288841248,0.0659696960813747,0.151926765945724,2.2324151802063,0.21612738297179,0.175596095810033,0.992184524536133,0.167971852312645,0.261082165048401,0.167231210263676
"2105016",1988,15.8749523925781,15.9741708450317,18.9011151924133,1.4882767868042,0.221309241017477,0.156776109008075,0.334159058549825,0.386252929802749,0.43346011587994,0.266432452724075,0.0586146725274741,2.2324151802063
"2105016",1989,NA,NA,NA,NA,NA,NA,NA,NA,NA,NA,NA,NA
"2105016",1990,8.1855223274231,5.45701488494873,1.73632291793823,0.436839102471368,0.992184524536133,1.19062142944336,0.188700699437534,0.29765535736084,0.248046131134033,0.230222775171713,0.176322884478158,46.6326726531982
"2105016",1991,NA,NA,NA,NA,NA,NA,NA,NA,NA,NA,NA,NA
"2105016",1992,12.8983988189697,0.197385553299888,0.418586622395107,0.118526943790013,0.276784776856401,0.325459895522,0.488426103217785,0.216735566800616,0.203161628367176,0.229573167843343,0.0430593906167776,13.3944910812378
"2105016",1993,11.9062142944336,9.17770685195923,7.93747619628906,0.395291991501767,0.7441383934021,0.289676462185428,0.496092262268066,7.63982083892822,0.300693837768449,0.0779451378806414,0.0148408999172675,3.7206919670105
"2105016",1994,7.93747619628906,9.07848839950561,26.0448437690735,0.248046131134033,0.336914374222066,0.245715393164506,0.128731990464524,0.324686625946855,2.9765535736084,0.254423899315162,0.469495110451094,5.35779643249512
"2105016",1995,60.4736467704773,0.412857618814362,18.4050229301453,0.130388744251499,0.214859643212033,0.314074877082324,0.142569406717487,0.194967563414257,0.694529167175293,0.18249719437519,0.184747349830577,0.0621802109812897
"2105016",1996,3.7206919670105,5.10975030136108,5.9531071472168,0.284136423030045,0.213145812738269,0.14882767868042,0.0367416383904062,1.93475982284546,0.358078452120157,0.36367815597813,0.0173540793711439,4.21678422927856
"2105016",1997,14.3866756057739,78.1345313072205,18.6034598350525,0.38220052558315,3.22459970474243,0.00550038404474755,0.220343841127248,0.892966072082519,2.77811666870117,0.47803861263331,0.275196953852693,0.408719265580482
"2105016",1998,34.7264583587646,11.9062142944336,1.4882767868042,0.088474019070601,0.243628195035945,1.4882767868042,0.101088109731259,0.341744646636513,0.101319845951644,0.421476622193611,0.428714581520313,1.4882767868042
"2105016",1999,0.496092262268066,73.6697009468079,51.3455491447449,0.0707865635072556,0.317979966304825,0.360505517155904,0.171186424475608,0.21501091057567,0.291103210370636,0.279102654907725,0.247919533430972,0.155305202500054
"2105016",2000,93.6126098899841,11.6581681632996,15.3788601303101,0.7441383934021,0.0172170405501512,0.171901713071555,0.378748014670992,0.29765535736084,0.208753042858819,0.160387757942832,0.0573879448367395,0.362983172090641
"2105016",2001,20.9350934677124,113.208254249573,57.8939670066833,0.7441383934021,0.296793403070305,0.183276666017123,0.250644816407661,0.467221878733238,0.417126461246454,0.138560091470961,0.127757949262765,0.445215856898904
"2105016",2002,0.7441383934021,11.6581681632996,36.5619997291565,0.423066723080905,0.22126877806151,0.476852745121892,0.465510405264315,0.423922875923861,0.355691274476567,0.248046131134033,0.354975291577175,0.367696169249377
"2105016",2003,3.12538125228882,0.992184524536133,0.476346160606954,0.140979612266234,2.77811666870117,0.118905570293843,0.00104398231146536,0.134886770001841,0.325986083396117,0.328404516822794,0.0993523862331715,0.263295697643033
"2105016",2004,3.47264583587646,48.8650878334045,2.48046131134033,0.0549873883088217,0.0857885696605145,0.101515090641006,0.992184524536133,1.58749523925781,0.471245961239971,0.0764752453952366,0.435200299853177,0.314165222697224
"2105016",2005,47.9225125350952,9.42575298309326,5.2089687538147,0.0637862709143407,0.7441383934021,0.200458146472448,0.097210522710238,0.0387784929931662,1.28983988189697,0.367689555290045,0.162839454753357,2.33163363265991
"2105016",2006,40.2330824699402,54.9174134330749,23.0186809692383,1.19062142944336,0.29765535736084,0.111382980166908,0.111369154969402,0.347264583587646,0.209374891794553,0.486114578083407,0.00264305531798668,0.843356845855713
"2105016",2007,21.5800134086609,7.88786697006226,0.44648303604126,0.181938169101439,0.144229302484549,3.57186428833008,0.0496092262268066,0.0345535133053611,0.694529167175293,0.290563666482276,0.263535108971601,0.114546218460079
"2105016",2008,NA,1.58749523925781,1.04179375076294,2.03397827529907,0.33163836742802,0.0912063704051842,0.0748218599790913,NA,NA,0.262848015841029,0.103216581317746,1.38905833435059
"2105016",2009,NA,NA,NA,NA,NA,NA,NA,NA,NA,NA,NA,NA
"2105016",2010,NA,NA,NA,NA,NA,NA,NA,NA,NA,NA,NA,NA
"2105017",1981,2.94617724609375,30.4438315429688,0.31535491793731,1.02297821044922,0.234322738265983,0.365562029772799,0.129853388278318,0.409191284179688,0.197204650508099,0.234556053576878,0.371642665701684,0.0176808061345851
"2105017",1982,0.208523127573245,0.204595642089844,2.25055206298828,0.130986251692031,2.65974334716797,0.0748602533768968,0.31636797704304,0.409191284179688,5.93327362060547,0.395778639255098,0.12037046659221,0.941139953613281
"2105017",1983,2.45514770507812,1.88227990722656,6.38338403320313,0.176840894075563,4.62386151123047,3.2735302734375,0.00180789907757472,0.322377155720658,3.68272155761719,0.297069625731214,0.288042571186911,5.52408233642578
"2105017",1984,54.0132495117188,13.5442315063477,4.41926586914063,0.263674684730418,0.239343523447504,9.00220825195313,0.172302411518442,0.00196582963314043,0.116430768061236,4.91029541015625,0.374497396761463,0.276069433480854
"2105017",1985,0.531948669433594,36.622619934082,18.4136077880859,0.0172995595692302,0.261515895786174,0.084860075526465,0.0134132986829064,0.219427541539609,0.0610881892403877,0.348818386471797,0.818382568359375,3.88731719970703
"2105017",1986,19.0273947143555,17.1860339355469,0.818382568359375,0.282750092547031,0.314176661764704,0.531948669433594,0.228067951868096,4.09191284179688,0.291196397343733,0.314905812649601,2.86433898925781,13.2987167358398
"2105017",1987,23.7330944824219,12.6849298095703,14.1170993041992,0.141514250159312,0.134062497734605,3.2735302734375,0.308111211949852,0.14204376762477,0.142746748836706,0.329784440099125,0.0712249523211574,0.0428870647496538
"2105017",1988,4.50110412597656,0.146103666701098,12.0711428833008,0.222056487894536,0.274664163686385,0.22207967668871,0.310261313587421,0.102358465084081,0.0107738943861659,0.330321047345832,0.172431837277708,0.197213878484906
"2105017",1989,0.154336052858915,50.0440940551758,0.204595642089844,0.190868447286376,0.102223153022881,0.378709353238996,0.000903460363316667,0.291038873410217,0.176641316676219,0.220309893188224,NA,NA
"2105017",1990,1.63676513671875,1.43216949462891,11.4573559570313,0.0817489813645774,0.204595642089844,2.94617724609375,0.244791468806773,0.19134595095126,0.140482032466976,0.027415476410402,0.258340043252145,10.0251864624023
"2105017",1991,1.02297821044922,0.239624193744966,1.43216949462891,NA,0.0959623241718094,0.0479151637928041,0.0979938351748441,0.279645736516444,0.0563595891534344,0.233802781372827,0.230020519220154,0.165587682231036
"2105017",1992,4.09191284179688,0.190582428213128,0.124998231365968,0.0301406306090941,0.0845557476952596,0.0336046465093547,0.184756903889812,0.00859740194869702,0.0375695195944284,0.0452938396005719,0.400380485779417,1.22757385253906
"2105017",1993,10.6389733886719,2.04595642089844,11.6619515991211,0.22584472056983,0.376752053046379,0.0789501649331991,0.290979794980272,1.84136077880859,0.286433898925781,0.217263470891257,0.0782578986123891,0.28440097053813
"2105017",1994,0.818382568359375,1.84136077880859,16.7768426513672,0.0724329085759641,0.0143303978433177,0.13250080783114,0.198214779038801,0.0579914874792512,0.286433898925781,0.378822889489059,0.0632661963164061,3.19169201660156
"2105017",1995,28.4387942504883,0.376806636721166,7.36544311523438,0.21342312418896,0.159101027898582,0.309597195077715,0.0538352632789927,0.0479530080344669,0.409191284179688,0.335669541507447,0.407862619387783,0.111172273040091
"2105017",1996,2.04595642089844,1.22757385253906,1.43216949462891,0.110245095121501,0.098303593715988,0.254611352792206,0.151051603942026,4.91029541015625,0.0393418414340066,0.0247460196193342,0.161629330628121,1.43216949462891
"2105017",1997,12.2757385253906,22.8737927856445,2.04595642089844,0.333455858205543,3.2735302734375,0.266504497709048,0.0665301395920631,8.79761260986328,0.941139953613281,0.262951618218505,0.324933546716133,0.313792532069912
"2105017",1998,10.434377746582,5.11489105224609,0.0655519651901987,0.0354656525415304,0.382303129018374,0.402578994876321,0.324973748565391,0.226489471656115,0.389217986474117,0.027673658927053,0.282630571292962,0.289879448182879
"2105017",1999,0.350058408990903,28.847985534668,17.5952252197266,0.380545493780316,0.280882098865479,0.068024681027947,0.0180868902760203,0.089549610076525,0.399525886466713,0.125149734092016,0.226969666286267,1.84136077880859
"2105017",2000,72.4268572998047,0.306418204084565,0.071395303713117,0.0623272032072432,0.0160169391985456,0.161018570305992,0.126916122469887,0.239930724080511,0.16833162050104,0.216830883719188,0.375952336468117,0.247322784426582
"2105017",2001,3.2735302734375,64.8568185424805,0.276654590333124,0.244001529735773,0.101577246569777,0.382170890916968,0.328352501500272,0.319321427990529,0.338378059167066,0.0895630488018528,0.157863608694255,0.15278500248621
"2105017",2002,0.167986443636046,6.26062664794922,25.7790509033203,0.00732573665053124,0.0826821418100943,0.309288912399307,2.45514770507812,0.103455897502732,0.089343887806306,0.273218814467524,0.156868055487062,0.0542942356298967
"2105017",2003,0.204595642089844,2.04595642089844,0.0124894468145369,0.320385828179333,4.29650848388672,0.285964980988278,0.338181881368135,0.0425693469725234,0.324431532163783,0.230781941395275,0.0330885801546194,0.149111090056489
"2105017",2004,0.531948669433594,24.1422857666016,0.409191284179688,0.187959912260069,0.388377645418808,0.184817501912464,0.0100861795075139,0.818382568359375,0.0915096970783146,0.349121100581292,0.151597598079687,0.248261959124691
"2105017",2005,43.3742761230469,1.63676513671875,2.86433898925781,0.126594280737274,0.252625034095208,0.211648700928922,0.0210633046034921,0.28958100465289,0.392500218310009,0.0984349729378796,0.190274601603076,0.230973459046388
"2105017",2006,4.70569976806641,12.2757385253906,0.818382568359375,0.409191284179688,0.613786926269531,0.0157003918412528,0.3216196888691,0.0526481998519241,0.00514856120615818,0.144252130542024,0.340524239398,0.0294669695335451
"2105017",2007,11.0481646728516,2.65974334716797,0.176061326058067,0.110101342889895,0.356985263511983,2.65974334716797,0.262394833638808,0.174581264292333,0.314328917903864,0.359998471990157,0.397623537890389,0.308299786259453
"2105017",2008,11.6619515991211,0.123570424820741,0.384116023983247,0.0974237173362222,0.0567505978872146,0.301673262421487,0.360293210857924,0.0470034715242638,0.389113802626446,0.245737122781427,0.0166748454798817,0.337160600456043
"2105017",2009,0.39308676480361,0.335939654017756,4.91029541015625,0.204595642089844,0.0670617069356835,0.0512814241512719,0.37569607540261,0.250200598623587,0.25474132322304,0.351458260746645,0.351452467239903,0.264133462058985
"2105017",2010,0.305243871033495,1.63676513671875,0.1536678802283,0.613786926269531,0.290186184687617,0.12138463285699,0.0783219244360465,0.339547951577627,0.304582723208443,0.116429816577075,0.187238632484309,0.0674350022679229
"2105018",1981,0.201607532501221,10.080376625061,0.187474684192484,0.604822597503662,0.27132743876805,0.0722315719342286,0.0791475913586789,0.17225516347857,0.403215065002441,0.0665190723671152,0.252269160675523,0.20349287056735
"2105018",1982,0.256412421067195,0.244661239678593,0.604822597503662,0.0622195025642143,1.0080376625061,0.392447236324064,0.246119565139299,0.223228066195822,1.20964519500732,0.0331002280780177,0.303377547314893,0.31351230878159
"2105018",1983,0.806430130004883,0.0936284185141367,0.604822597503662,0.201607532501221,3.42732805252075,0.181117307393904,0.273134574953452,0.0236884104412488,2.21768285751343,0.293864904208881,0.209417290226788,1.61286026000977
"2105018",1984,23.1848662376404,1.61286026000977,2.01607532501221,0.319684018039579,0.0496048903267404,5.04018831253052,0.337254742191454,0.320542665848274,0.264121952752574,1.41125272750855,0.391184014365479,0.260756013559553
"2105018",1985,0.278798094454244,5.44340337753296,5.44340337753296,0.0807122438926254,0.0759539245087627,0.0958969453358164,0.0806430130004883,0.229886266536362,0.0211178654441356,0.346417227289079,0.281074247121305,0.604822597503662
"2105018",1986,20.5639683151245,1.0080376625061,0.166717081525251,0.0195859618271204,0.135596768838305,0.604822597503662,0.00193988873885147,3.62893558502197,0.389655535614772,0.399992969912716,0.604822597503662,2.82250545501709
"2105018",1987,15.3221724700928,8.66912389755249,6.8546561050415,0.219032690587741,0.0410227978824431,2.21768285751343,0.104796232260008,0.120297388120565,0.250188630202132,0.225378679830239,0.142179910146432,0.0429134644363307
"2105018",1988,0.201607532501221,0.401253259503791,3.62893558502197,0.2469143288316,0.271392340834209,0.184812330697545,0.164173722818538,0.389619277526553,0.185342522646089,0.383827749927469,0.0621573692312904,0.206409957095783
"2105018",1989,0.27002162448823,17.338247795105,0.248747982782061,0.231033320552185,0.201258884002588,0.135587473979651,0.302068798602185,0.0284032165330016,0.249130439736594,0.0915874720448851,0.198902123946469,0.277104407892371
"2105018",1990,0.403215065002441,0.201607532501221,0.806430130004883,0.159202214261385,0.401536625906692,1.61286026000977,0.225864017586877,0.325374384639358,0.366760975687057,0.241806443264059,0.270948182961823,2.41929039001465
"2105018",1991,0.201607532501221,0.357890900625905,0.399866438465891,0.00791531356784495,0.225014563996594,0.0449433401972783,0.0195834220692126,0.335141240397462,0.244268010369011,0.0202042269433008,0.193077206506074,0.0115424400070686
"2105018",1992,1.20964519500732,0.210023959183697,0.0111239021174293,0.254646712048133,0.11054854264733,0.0520191991396675,0.318123810293203,0.0657339983962109,0.402236954409617,0.247146037217701,0.0682726448488885,3.83054311752319
"2105018",1993,6.24983350753784,0.195929569435792,8.87073143005371,0.0726228092805059,0.0977404448498395,0.25034003518528,0.286387473519205,3.83054311752319,0.185828524797313,0.25128254175758,0.21759556069435,0.373005349077661
"2105018",1994,0.200189726473175,0.806430130004883,18.7495005226135,0.0880857725446026,0.387311683702427,0.255283196615656,0.211762670518933,0.201607532501221,0.403215065002441,0.262901596496181,0.103045830509155,0.806430130004883
"2105018",1995,6.24983350753784,0.260246302088094,1.20964519500732,0.258668163104502,0.38357521182762,0.171079855559625,0.395609365413548,0.140292144134455,0.220128245057594,0.248944728072017,0.0707553819855718,0.348670129149845
"2105018",1996,0.11128280681467,0.323715857760073,0.258509486206677,0.229855243524482,0.0141372090729703,0.351489580185522,0.0706628166205499,1.81446779251099,0.183210095510846,0.186904721510843,0.0980373886729031,0.194463607239529
"2105018",1997,5.64501091003418,9.3142680015564,3.38700654602051,0.0910899391693244,2.01607532501221,0.132572645779252,0.121708422430959,1.20964519500732,0.115552525238365,0.00376995127842379,0.337020521742288,0.349751872999571
"2105018",1998,4.23375818252563,0.241547830981073,0.165329160110224,0.291863003243367,0.043421868335685,0.219558000733484,0.217849203395964,0.0262613086550743,0.243350178024045,0.290761357222425,0.0521281215482624,0.381644571100892
"2105018",1999,0.132872159026564,2.25800436401367,4.27407968902588,0.294349984262659,0.0669202417411932,0.0708276197114878,0.0365718718205415,0.0842313569712644,0.371305881616343,0.376273176332751,0.0250757792737518,0.12525167668162
"2105018",2000,22.0155425491333,0.317355566055816,0.0104694467888653,0.300268876313112,0.251197985741102,0.329376067398566,0.0942736607542437,0.119520241352484,0.0271855492111444,0.0690089591856446,0.290372737085735,0.314246760616697
"2105018",2001,0.186922810186198,21.0075048866272,38.3054311752319,0.0167563808628669,0.128871444460285,0.0547995365141298,0.388194155084319,0.00280720775589265,0.39003403990501,0.334298710799526,0.0145490914694165,0.0969618551335069
"2105018",2002,0.0654984423045744,0.00576601858346999,25.8057641601563,0.146012129664523,0.150695475447522,0.326240870182452,0.287491284056404,0.287763710245345,0.0858438809328915,0.223886132086962,0.00366141791195976,0.0507972169612992
"2105018",2003,0.263000139628734,0.0635652659506949,0.0117776200121277,0.271963292925845,2.01607532501221,0.218653979196407,0.214986123876406,0.169634481991156,0.365813905286303,0.014297718618344,0.248933905021324,0.270471690562458
"2105018",2004,0.270711378630762,2.82250545501709,0.256388278862485,0.353419575387711,0.0602410030837168,0.373055011282043,0.25093617568952,0.402001452581096,0.149266763941421,0.282352198981037,0.00449205280960692,0.220059243122008
"2105018",2005,10.8868067550659,0.25657597826573,0.604822597503662,0.213040978186984,0.114017244164857,0.00653664636107495,0.379192527078875,0.0399680097518156,0.0840127026197364,0.0605476301503998,0.361452713143798,0.336740183465337
"2105018",2006,0.291727143328553,5.64501091003418,0.32755192733072,0.33269907301356,0.227380280095476,0.159497901865154,0.147779261822983,0.318318570191512,0.361532354123663,0.0585250916451832,0.305449718076509,0.247719945898099
"2105018",2007,0.0512533136579616,0.399451593753952,0.307489787980515,0.240444002324875,0.0240854418302864,1.61286026000977,0.300612409057932,0.257986778061828,0.0828791759855967,0.359429029198659,0.356118350041858,0.213395776442816
"2105018",2008,NA,NA,0.391229890262384,0.0896885831268662,0.285115487785782,0.236934743634596,0.130156752539674,0.235250861328723,0.229760864757481,0.326694959894878,0.140347708250663,0.175405746916664
"2105018",2009,0.24621626708115,0.049096120855461,4.23375818252563,0.320025708185484,0.363098523396188,0.0205569726826967,0.108408773656195,0.395766514025454,0.338156973421234,0.124061774237676,0.158774335980892,0.0404452505691023
"2105018",2010,0.124915962331749,0.201607532501221,0.23504228320594,0.604822597503662,0.604822597503662,0.0813155444056012,0.229862137381085,0.382685246690665,0.0866696978666964,0.00153614027080081,0.140111164438886,0.0542423725112232
"2105020",1981,1.10098076248169,21.8157299232483,0.208196331724259,1.59030554580688,0.133686924647929,0.0708998102926554,0.0269098553801062,0.122331195831299,0.815541305541992,0.296071604619467,0.218743214357511,0.213307044917809
"2105020",1982,0.0841745105265237,0.0754199052097381,1.63108261108398,0.00951842689724016,1.63108261108398,0.0591026195486308,0.270858963717038,0.215829218747033,2.03885326385498,0.0333858415409587,0.27762999607563,0.203885326385498
"2105020",1983,0.611655979156494,0.530101848602295,2.44662391662598,0.163108261108398,1.83496793746948,0.978649566650391,0.203885326385498,0.283884479056572,3.66993587493896,0.035901051505839,0.342834672584677,3.83304413604736
"2105020",1984,47.9538287658691,12.5185590400696,1.59030554580688,0.331779469913419,0.227735968188492,7.13598642349243,0.301060202911856,0.023395011830978,0.236739415850667,3.26216522216797,0.0724858288066696,0.147220781956956
"2105020",1985,0.0624014342449429,20.470086769104,7.42142588043213,0.312154108487036,0.199964467205395,0.271571461629622,0.329683696510456,0.172732209562482,0.0320856866723442,0.142716084937744,0.407770652770996,1.63108261108398
"2105020",1986,32.1323274383545,8.56318370819092,0.163108261108398,0.105935289699741,0.192026292549951,0.244662391662598,0.108578206240576,6.52433044433594,0.0136278872791998,0.370053548792314,0.815541305541992,5.70878913879395
"2105020",1987,12.6408902359009,10.2758204498291,13.6603168678284,0.213409212134368,0.366730768202144,2.32429272079468,0.328624313104955,0.266948817641253,0.180938743023609,0.21729526632892,0.193018931413866,0.107553071273533
"2105020",1988,0.815541305541992,0.233969546189651,8.27774425125122,0.297537070209936,0.0572217183261458,0.206866184929615,0.334779096209133,0.0650009125794252,0.0622471616121734,0.324793095224023,0.253352695605486,0.121670751990561
"2105020",1989,0.291705672392893,41.5110524520874,0.203885326385498,0.308149999564722,0.150329020858021,0.341362772238863,0.0968842667551965,0.071493785320923,0.297459437491901,0.356551813042182,0.37979756781014,0.358165428203032
"2105020",1990,1.42719728469849,1.63108261108398,5.50490381240845,0.0423420018783447,0.297494021833398,2.73206337356567,0.386600618905979,0.296042174652197,0.281842569101641,0.349202703325266,0.0925963465379647,7.58453414154053
"2105020",1991,0.407770652770996,0.0709212948903181,0.693210109710693,0.320039944360053,0.195400824329582,0.179493573742944,0.398143365091314,0.356370639398972,0.0336093075415138,0.129893072229957,0.308581639717622,0.15311356999455
"2105020",1992,3.87382120132446,0.18614771298307,0.215768669708204,0.0100969010161064,0.140742016193704,0.396252318799526,0.00846093453660766,0.134600780577493,0.19406197690567,0.379904603342175,0.330122078459522,2.36506978607178
"2105020",1993,12.8447755622864,0.285439456939697,19.1652206802368,0.347122949781962,0.0443573668534745,0.396488424742215,0.0361648649870398,4.07770652770996,0.326144848521219,0.222001494728298,0.0184727194504269,0.105929475482064
"2105020",1994,0.129260568800251,0.36495669259603,14.8836288261414,0.318097260618725,0.224801714244812,0.337846173411218,0.406006743121316,0.611655979156494,0.407770652770996,0.144275033065676,0.237655394102602,1.83496793746948
"2105020",1995,16.9224820899963,0.0793016760234158,3.05827989578247,0.19172456493884,0.401706051467969,0.323175237791969,0.32313605068638,0.0673494182710613,0.0407770652770996,0.196067534138659,0.202437157048262,0.398601508639637
"2105020",1996,0.366993587493897,1.01942663192749,2.81361750411987,0.37841605282006,0.0124760849659012,0.346322162727102,0.108132107920808,7.13598642349243,0.102467219841867,0.107662132477488,0.112725655471408,3.66993587493896
"2105020",1997,6.93210109710693,11.4175782775879,3.58838174438477,0.352036183983543,1.30486608886719,0.246192101453191,0.0149336383797994,6.52433044433594,0.611655979156494,0.0132681457572878,0.136136066434496,0.335344209684913
"2105020",1998,2.65050924301147,11.0098076248169,0.0290800445031996,0.294987903751722,0.0450531574349711,0.216945977201958,0.264204068647602,0.055152799032519,0.193702548975544,0.0948576116212891,0.0815256303300853,0.0673405093401343
"2105020",1999,0.358790972515469,18.6351188316345,9.01173142623901,0.172628071455252,0.279603430040777,0.156405977658437,0.0545752095785829,0.113117517792684,0.121420328964079,0.231245455232932,0.0272830812538841,0.530101848602295
"2105020",2000,46.2819690895081,0.106108289733968,1.22331195831299,0.25855886213223,8.74111232524298e-05,0.0815541305541992,0.113209443004664,0.111437723561843,0.369910409854724,0.0588581863816074,0.0302876645404397,0.177985981752877
"2105020",2001,3.71071294021606,51.2567710533142,77.2725387001038,0.157559735766709,0.00231838103738512,0.335952371347348,0.289415752349793,0.130261567358496,0.207812917108086,0.378575505841029,0.384352256752753,0.138628729786055
"2105020",2002,0.312952953703325,8.03308185958862,23.4468125343323,0.110137400361943,0.0671122809788199,0.294958486411672,1.10098076248169,0.152145599781502,0.314911282190432,0.00206993991478973,0.235519159194247,0.318858406937492
"2105020",2003,0.0930023443199376,3.58838174438477,0.0737591879549719,0.404389813457635,2.24273859024048,0.00145137627134288,0.251612758780394,0.0608786045233225,0.0480515204390386,0.0403594095709415,0.25191762249925,0.0498842615394927
"2105020",2004,0.0968105510387724,7.38064881515503,0.111354355237695,0.0810112552078073,0.271832387464992,0.381429778118933,0.276507594677501,0.407770652770996,0.171290304845416,0.374971643998876,0.373079051299878,0.382328820705465
"2105020",2005,30.3789136314392,0.611655979156494,2.24273859024048,0.399497419770557,0.0342460027335422,0.322950706832569,0.310234183268465,0.364656275082727,0.134127428539599,0.289920752663185,0.0815541305541992,0.249523534632228
"2105020",2006,2.85439456939697,19.5322142677307,0.652433044433594,0.0407770652770996,0.326216522216797,NA,0.265414814443963,0.856318370819092,0.163108261108398,0.0407770652770996,0.18918973208424,0.652433044433594
"2105020",2007,0.774764240264893,0.978649566650391,0.287490969259309,0.307620512508383,0.163108261108398,1.71263674163818,0.0815541305541992,0.121147919763972,0.0407770652770996,0.00919474074048146,0.0407770652770996,0.298253316033314
"2105020",2008,NA,NA,NA,NA,NA,NA,NA,NA,NA,NA,NA,NA
"2105020",2009,NA,NA,NA,NA,NA,NA,NA,NA,NA,NA,NA,NA
"2105020",2010,NA,NA,NA,NA,NA,NA,NA,NA,NA,NA,NA,NA
"2105021",1981,1.28202735900879,28.4182731246948,0.0708908503419026,0.854684906005859,0.41786997323305,0.315351017972096,0.238500230178652,0.381696063078698,1.28202735900879,0.319367683653492,0.279190144797011,0.277236097049658
"2105021",1982,0.135974133418718,0.304931823785496,1.06835613250732,0.200067639163334,0.940153396606445,0.0503454964521865,0.109569695863309,0.173633000952488,2.73499169921875,0.250471452136032,0.275477323206771,0.0482190146623102
"2105021",1983,1.36749584960938,0.598279434204102,2.13671226501465,0.170051525831391,4.01701905822754,2.39311773681641,0.0408509405702235,0.313346425824187,4.05975330352783,0.212314807049334,0.101113767654031,2.56405471801758
"2105021",1984,47.6486835098267,7.9058353805542,0.854684906005859,0.0274440694656309,0.00639030383102471,12.392931137085,0.249443387016447,0.0353099775262497,0.297791120892163,3.41873962402344,0.366942497696384,0.270872146469228
"2105021",1985,0.166149323329512,11.3245750045776,9.18786273956299,0.140665147242813,0.4257559349014,0.0900208531597527,0.29580350267694,0.141461113396796,0.114721013549007,0.387518056221474,0.358816712403222,0.120639067638817
"2105021",1986,27.8199936904907,0.42734245300293,0.192047711331982,0.269218727024148,0.133107079428328,0.213671226501465,0.410485567769063,4.48709575653076,0.00475637314115601,0.380630782068189,0.854684906005859,10.0425476455688
"2105021",1987,19.6577528381348,9.18786273956299,11.965588684082,0.0499570345280985,0.178346608479438,2.56405471801758,0.0124063533161207,0.0281615251985999,0.0535950803704585,0.423675412724459,0.282277302820673,0.265029359350988
"2105021",1988,0.641013679504395,0.383934974797911,5.98279434204102,0.158311792914307,0.0251133803057936,0.174606875253479,0.270616811339483,0.0382627454241493,0.338589501024877,0.0116494392963727,0.0981422739547928,0.241869763519732
"2105021",1989,NA,NA,NA,NA,NA,NA,NA,NA,NA,NA,NA,NA
"2105021",1990,0.641013679504395,1.92304103851318,5.12810943603516,0.377599898857495,0.222669024291294,2.56405471801758,0.0794566829121634,0.267495082789348,0.142824329187894,0.321334986082651,0.257111852405575,7.2648217010498
"2105021",1991,0.42734245300293,0.012893268726212,0.350083185596595,0.328184421882907,0.20696085377019,0.216223257852891,0.393046092231933,0.254329235956982,0.190470947856395,NA,NA,NA
"2105021",1992,2.13671226501465,0.252626911148792,0.188589029596986,0.143316782381458,0.0644408237792184,0.403723967083098,0.407055616998365,0.143971444861576,0.203345533963582,0.0439209901393375,0.32492658765528,0.340104429118886
"2105021",1993,8.11950660705567,0.17800337107397,16.6663556671143,0.248796207812377,0.381844297314897,0.141552586770254,0.254973900637023,0.221176871882746,0.381020873179379,0.206511714626115,0.150776141794991,0.177797430242563
"2105021",1994,0.278424649735165,1.28202735900879,17.7347117996216,0.16321962453791,0.18934657045677,0.113607178404804,0.207540902386355,0.415654402151318,0.174598422763338,0.0941264991822354,0.249781863223598,0.172295825290461
"2105021",1995,23.9311773681641,0.265721344284836,4.2734245300293,0.0307213020044062,0.202205061898795,0.0693447039226331,0.0334489673669902,0.315620608240244,0.19163485388818,0.22239464695524,0.101743417127251,0.252221216994124
"2105021",1996,0.194196391417999,0.18604828922658,0.193172198677359,0.33160681554973,0.365205344262824,0.0421834467714748,0.0225240030190105,3.54694235992432,0.088956582157689,0.0510194128712477,0.338032983386668,0.0442508426195693
"2105021",1997,0.171678498994855,21.580793876648,12.392931137085,0.0586560593626616,2.99139717102051,0.00640519784877242,0.208621641471145,12.1792599105835,0.0452128716338509,0.191792607138067,0.364318105821686,0.39407376662123
"2105021",1998,5.98279434204102,10.2562188720703,0.340005765492223,0.00563093687676802,0.423472561617439,0.395178917941468,0.0222958490661995,0.248341619935914,0.0327729466558784,0.257957644681032,0.104174625260758,0.32293855214369
"2105021",1999,0.265951834162016,18.1620542526245,4.48709575653076,0.246500266883189,0.321940261328818,0.404521712567297,0.383434068716212,0.0983781762474379,0.207885514063978,0.247288027502106,0.0967980576851824,1.88030679321289
"2105021",2000,61.3236420059204,0.415094409232353,0.160841609751352,0.197848024565378,0.217777237583644,0.427066635327771,0.404057059331331,0.372456680243556,0.229803879662578,0.411013287878531,0.279811004679448,0.227385111219331
"2105021",2001,7.94856962585449,55.9818613433838,55.5545188903809,0.276396964501839,0.0326173011804874,0.234139285343348,0.213343610546682,0.356579839008608,0.0100223175817698,0.0572071423003538,0.423613938920134,0.0737502762860469
"2105021",2002,0.133431699087739,5.55545188903809,57.2638887023926,0.173120698620442,0.342830941692795,0.170369979175821,4.2734245300293,0.239152494945883,0.010243165067223,0.37533247596599,0.0768277278410004,0.342726202095714
"2105021",2003,0.228659949032767,3.6324108505249,0.379560362859856,0.221299561392499,1.92304103851318,0.281335111602053,0.423933350732829,0.303905256216607,0.301273617772598,0.220683150979834,0.141633519480264,0.00496202701912361
"2105021",2004,1.96577528381348,0.373863012579782,0.177913988261781,0.403573841182968,0.247323963544874,0.371976592016941,0.284910178627012,2.13671226501465,0.303127496183722,0.351405116011457,0.383418880780137,0.417739162861385
"2105021",2005,31.4524045410156,0.0582406749575279,2.35038349151611,0.286143287102269,0.055088063690298,0.10431483266105,0.252267232326174,0.154530916992845,1.70936981201172,0.14279771355997,0.0408951306037877,0.116194581244973
"2105021",2006,3.0341314163208,2.60678896331787,0.384013572379539,0.240004780687122,0.419359769220554,0.230295261556671,0.243049803916549,0.278585644643523,0.151561387093891,0.135358776594806,0.139569341013027,0.854684906005859
"2105021",2007,4.91443820953369,1.70936981201172,0.412776319855731,0.313999398920659,0.31655936726092,3.20506839752197,0.369773720714337,0.271411069304619,0.383628593895079,0.390837254009178,0.209131651160635,0.0767054273700639
"2105021",2008,NA,NA,NA,NA,NA,NA,NA,NA,NA,NA,NA,NA
"2105021",2009,NA,NA,NA,NA,NA,NA,NA,NA,NA,NA,NA,NA
"2105021",2010,NA,NA,NA,NA,NA,NA,NA,NA,NA,NA,NA,NA
"2104010",1981,0.251047938595792,0.971710052490234,0.13996241461276,0.531907033163148,0.567501727123153,0.368691377551298,0.632233452804962,0.325950609500846,0.012664937813665,0.0949457802185467,0.0877808592590009,0.388595910378541
"2104010",1982,0.506752152498945,0.154586946572234,0.499185748506748,0.610563161027649,0.647806701660156,0.0997458345655235,0.387344361679453,0.272129593880551,0.214631870162022,0.506662737600524,0.0141895566882521,0.204307507155857
"2104010",1983,0.500031903774017,0.271329271097879,0.112881439281123,0.0706328818287155,0.46797821321494,5.18245361328125,0.589632735747521,0.295839516440906,0.971710052490234,0.577806662416774,0.401946424152871,0.0827213568803576
"2104010",1984,3.56293685913086,0.28447515000042,0.622627374138413,0.279551148850422,0.375830923450092,4.21074356079102,0.334635520083598,0.0125113750838327,0.0196657852053424,1.29561340332031,0.273087747257551,0.040519956042543
"2104010",1985,0.011055221527976,0.971710052490234,0.647806701660156,0.342382716462853,0.0147413955191938,0.0313733613447478,0.186307666476116,0.48416419066983,0.222813895658955,0.490157427471344,0.139221730168544,0.175902257634197
"2104010",1986,7.12587371826172,0.323903350830078,0.119963270517731,0.458290746481066,0.0334076179307354,0.323903350830078,0.1275985484251,0.562509539537711,0.27583336904208,0.181719707468186,0.275694549569905,0.0949004501461871
"2104010",1987,0.561329640464507,0.647806701660156,13.6039407348633,0.428151624067209,0.59772397515731,1.29561340332031,0.426875277380084,0.447488312817507,0.512317697121296,0.472795785021993,0.12467389925741,0.0232618746162637
"2104010",1988,0.0640691828561122,0.379080956259975,1.29561340332031,0.0826290911582579,0.185157169755504,0.403903953597058,0.507648715656147,0.58951210311564,0.179230511247957,0.145145679179421,0.555305499503545,0.321421735589678
"2104010",1989,0.227149714010785,0.647806701660156,0.520195409822442,0.133101515951863,0.545744734016479,0.245853710703342,0.0441268301974208,0.248842536661659,0.287119970183029,0.399498302056017,NA,NA
"2104010",1990,0.617422623039928,0.201823369597887,0.118532316759037,0.638448902270043,0.62840709328104,0.0156148137769532,0.607368315283356,0.381720751566078,0.435871590789238,0.575192160723629,0.614376064018257,0.362836187976193
"2104010",1991,NA,NA,NA,NA,NA,NA,NA,NA,NA,NA,NA,NA
"2104010",1992,0.0795715188863145,0.175353372341655,0.45686680386929,0.154208933777721,0.323903350830078,0.588144972603809,0.439453200893692,0.520087102353661,0.307286711368067,0.211344256283394,0.296426913267844,0.165264287884609
"2104010",1993,1.94342010498047,0.416607661466456,1.94342010498047,0.613562556345752,0.528255015511695,0.554215553789189,0.300494624028202,0.971710052490234,0.293496624896107,0.0786968837381554,0.0597453754900514,0.0722574627896089
"2104010",1994,0.348971360331184,0.527637664598763,2.9151301574707,0.416561485996142,0.397675602801137,0.0392210777277105,0.324555212833173,0.414156645257927,0.291980478100566,0.153472474060834,0.595958974878372,0.0179638790646672
"2104010",1995,0.462655765074292,0.179076198745916,0.398598336945051,0.187750963044932,0.562538748678032,0.393787871759832,0.112706648993291,0.0147610642568817,0.0167942047064095,0.103255854621648,0.641097364677414,0.327997219756662
"2104010",1996,0.155371170745596,0.305411758676534,0.491588049254856,0.293424764561758,0.456889517095416,0.580388416515363,0.64238409837176,3.10947216796875,0.24705384336978,0.590337770793215,0.158108843225264,0.438826700376717
"2104010",1997,0.243389531022735,0.323903350830078,0.520336584493377,0.501416112380314,0.323903350830078,0.559050343056938,0.047985710016218,3.23903350830078,0.323903350830078,0.303219832883517,0.563479228185022,0.432904679868648
"2104010",1998,0.0879982883728618,0.540646879831617,0.619150625808494,0.557056867080603,0.116409717821435,0.485260464425425,0.398227916442562,0.107588943416517,0.486784634733819,0.466175254643301,0.346291645499625,0.604805382262063
"2104010",1999,0.357739194724697,5.83026031494141,0.12655859732853,0.161359657933987,0.524693042470785,0.197863507936215,0.572836762718969,0.258549856295737,0.316441916907819,0.32507257315307,0.64544394575213,0.365580239628216
"2104010",2000,5.18245361328125,0.267285071450386,0.36824256354544,0.388824243542296,0.129561340332031,0.971710052490234,0.6031526051301,0.237398387127912,0.481026299860783,0.388386935545874,0.222398882940803,0.0398160927893031
"2104010",2001,2.26732345581055,5.83026031494141,5.05289227294922,0.567166646668392,0.230644471202481,0.071591240484326,0.373032217461393,0.577741075975964,0.245565685053429,0.219592045143849,0.320769240254557,0.645374211959396
"2104010",2002,0.0506257271921493,0.461619344287178,2.26732345581055,0.615734085046626,0.0806329509340274,0.647806701660156,1.94342010498047,0.30195594273177,0.335757673122133,0.639306844843301,0.306762409735196,0.511457720012267
"2104010",2003,0.159690306477256,0.452064433237501,0.215187368864747,0.531201203699788,4.21074356079102,0.160204049760877,0.290514849451141,0.279681138476567,0.273155955563237,0.314469532592329,0.25582236946624,0.180152671184912
"2104010",2004,0.243287065321686,2.26732345581055,0.00466897829773458,0.533344037889746,0.0157651575089041,0.248181381615904,0.129561340332031,0.971710052490234,0.310547018063233,0.337958130873407,0.478160051175884,0.529493979018053
"2104010",2005,0.129561340332031,0.346470713305025,0.0610761722910464,0.647806701660156,0.545029784209951,0.634383063904011,0.487211292676805,0.0409223764789905,0.712587371826172,0.129721403470771,0.454633116473171,0.390181681615609
"2104010",2006,0.646105730208352,0.971710052490234,0.516586895097798,0.0748576397762694,0.385257980163334,0.45220485753291,0.389884529438528,0.379067807569163,0.0449827368774445,0.139870611333145,0.617117972688277,0.429564815268293
"2104010",2007,0.323903350830078,0.0647806701660156,0.46185329071235,0.156195683372764,0.570621821739667,1.61951675415039,0.103480100916009,0.546957988827782,0.638403753041956,0.363719803950462,0.3092713638332,0.399802870054896
"2104010",2008,0.302747310932621,0.596571809058544,0.430787020739856,0.283570327584245,0.554746712873971,0.348377802883476,0.173291222600564,0.288186824542327,0.102987743259444,0.294858731436406,0.630604537313045,0.062645779006422
"2104010",2009,0.61728249044829,0.249881062421805,5.76547964477539,0.647806701660156,0.413899981383411,0.014604291578923,0.571178796004957,0.499958430924142,0.0313225136367167,0.27024346594813,0.420439670299985,0.117988852571446
"2104010",2010,0.212049572927299,0.323903350830078,0.301801424046143,1.29561340332031,0.364555178696993,0.592329230634947,0.578505130356866,0.470847666719771,0.298409763172595,0.274096039595929,0.391658104360403,0.593457747612083
"2105022",1981,13.0610884857178,39.027156829834,1.56108627319336,4.42307777404785,0.413847009318117,0.36326769208306,0.179246479403623,3.9027156829834,3.64253463745117,0.0635369778936952,0.225104357206512,0.432117110762112
"2105022",1982,0.506894813576435,0.154172259359247,0.0815724360465283,0.373992386889869,4.94343986511231,2.08144836425781,0.47380670054952,4.78733123779297,10.4592780303955,0.0638226158465233,0.078603517757575,7.8054313659668
"2105022",1983,8.3778296661377,6.29638130187988,11.0316763305664,0.0520362091064453,18.9932163238525,9.62669868469238,0.0681216785753838,0.137546985578172,7.54525032043457,0.282609389200856,0.467527367176371,17.171949005127
"2105022",1984,93.1448143005371,46.7285157775879,15.6108627319336,0.170135273501916,0.0624837078122646,8.53393829345703,0.197359037632128,0.395722194803158,0.102871821391727,3.9027156829834,1.45701385498047,0.385539642430079
"2105022",1985,3.17420875549316,67.9072528839111,46.5724071502686,0.302496149724143,0.238619367709043,1.76923110961914,0.499897034358305,0.2855487132607,0.161248078098539,0.00778163331925527,1.82126731872559,13.789595413208
"2105022",1986,28.0995529174805,23.2081492614746,8.06561241149902,0.444754435895646,0.0461712130415668,0.832579345703125,0.260181045532227,4.99547607421875,0.436254326926973,0.239992163143797,7.38914169311523,24.4570182800293
"2105022",1987,83.0497897338867,16.131224822998,40.3280620574951,0.261611861842508,3.64253463745117,3.64253463745117,0.219970038145267,0.0751184846665906,0.312217254638672,0.104072418212891,0.495645963797156,0.217043628250264
"2105022",1988,16.6515869140625,4.42307777404785,17.7963835144043,0.116701646692947,0.0225650554012677,0.442894916466641,0.355096431925048,0.151029347745081,0.0162570993509039,0.17974688411825,0.0724512639536254,0.520362091064453
"2105022",1989,0.238307398506978,60.3620025634766,6.24434509277344,0.362590851896879,0.247945384836889,2.44570182800293,0.127419305593396,0.269032124017969,0.136432226644983,NA,NA,NA
"2105022",1990,5.46380195617676,3.22624496459961,8.06561241149902,0.110359775739622,1.82126731872559,7.70135894775391,2.1855207824707,1.04072418212891,0.312217254638672,0.254651679828958,0.227681533995685,36.9457084655762
"2105022",1991,31.7420875549316,4.42307777404785,5.20362091064453,1.30090522766113,0.434450875213741,0.0966341240875971,0.396980208390602,0.208144836425781,0.362567863832944,0.237215034820238,0.109411183075035,0.0268418316819833
"2105022",1992,19.4095059967041,0.127200975384249,0.264981493614325,0.0647917921082941,0.156108627319336,0.78054313659668,0.40548532826023,0.335806996262614,0.0358041305061867,0.090749926406309,0.261118624731075,3.07013633728027
"2105022",1993,26.5384666442871,6.50452613830566,16.3914058685303,0.225356184450746,1.6131224822998,0.260181045532227,1.82126731872559,10.1470607757568,0.237605238120387,0.406516814570758,0.241334297084118,1.30090522766113
"2105022",1994,14.8823558044434,10.9276039123535,26.3303218078613,0.208144836425781,0.414720396427167,0.78054313659668,0.149904110614424,2.60181045532227,0.520362091064453,0.446847784203562,0.0827496725875549,4.42307777404785
"2105022",1995,80.395943069458,0.452381443078216,9.36651763916016,0.78054313659668,0.068664946914058,0.48851740744252,0.196891724079183,0.367366210338893,3.38235359191895,0.44862411012493,0.400286978368143,0.248806738465811
"2105022",1996,2.08144836425781,2.34162940979004,5.46380195617676,0.432728645553799,0.091030007891631,0.78054313659668,0.374303144529528,0.180790325641975,0.329750658946594,0.428393423623776,0.204542144220623,0.159808586274494
"2105022",1997,19.7737594604492,67.1267097473145,9.88687973022461,0.402162042869752,0.10677838842321,0.443251013194657,0.277392855695555,0.312217254638672,0.278154410869442,0.0364308803408809,0.282136997868712,0.472400635732255
"2105022",1998,24.4570182800293,13.789595413208,0.391254403956987,0.207614641523942,0.20728042718801,3.3303173828125,0.0540807094474281,0.174490664068998,0.195710835889064,0.342612832858488,0.477251141211342,0.329449776509793
"2105022",1999,0.78054313659668,83.778296661377,41.8891483306885,0.131668502109815,0.471675913267072,0.28681990804134,0.516224482474529,0.0806632894307541,0.1256191025636,0.135799273004989,0.193289374794648,0.126418246945756
"2105022",2000,98.3484352111816,16.7556593322754,8.8461555480957,0.440592642096974,3.12217254638672,0.430212286168499,0.260181045532227,0.361498546849759,0.340126994911006,0.106390253623557,0.407427286393491,0.453704650596412
"2105022",2001,31.7420875549316,80.1357620239258,107.194590759277,0.260181045532227,0.104072418212891,0.1211788356287,0.406641698425408,0.502842422530302,0.481296885747273,0.477976542878411,0.319183749061975,0.470090129765289
"2105022",2002,2.08144836425781,12.2285091400146,21.2828095245361,0.310380299396379,0.936651763916016,0.155962496561317,0.676470718383789,0.460270466623698,0.467913223027139,0.0880819988678363,0.31500912784633,0.362290127084346
"2105022",2003,NA,NA,NA,NA,NA,NA,NA,NA,NA,NA,NA,NA
"2105022",2004,NA,NA,NA,NA,NA,NA,NA,NA,NA,NA,NA,NA
"2105022",2005,30.493218536377,14.8823558044434,9.10633659362793,0.103664145404475,1.04072418212891,0.284479178923219,0.0174910686343083,0.315308785635851,1.82126731872559,0.0137345624512083,0.0183112559169562,0.357548895689871
"2105022",2006,NA,NA,NA,NA,NA,NA,NA,NA,NA,NA,NA,NA
"2105022",2007,7.54525032043457,15.3506816864014,0.156108627319336,0.00680281556501434,0.19052595408815,2.80995529174805,0.394257598315655,0.487089015832082,1.92533973693848,0.444091349971678,0.395718401522421,0.481101039470943
"2105022",2008,60.0497853088379,0.208144836425781,3.3303173828125,0.468325881958008,0.276943980910866,0.232612704088199,0.21730543695138,0.320015649608807,0.395746616024262,0.440773927816308,NA,NA
"2105022",2009,5.20362091064453,4.05882431030273,8.3778296661377,1.45701385498047,0.461026683290155,0.0585350740013279,0.362637597245719,0.0197513125713949,0.387047453652415,0.275234670988953,0.0073465795538688,0.000104024263550429
"2105022",2010,0.446594989284434,4.57918640136719,0.0341912747635986,0.161382931294447,0.209364951202299,0.0729820997235148,0.202160275895227,0.452440061859791,0.316913439949045,0.249124716775097,0.0604290806753739,0.299645227678719
"2110013",1981,0.511850082061449,0.188510995354939,0.326015410655494,0.21488803614654,0.117292364416388,0.377535867690186,0.167400137267415,0.126477238907488,0.396352288663722,0.0496102833448582,0.369480528908289,0.381675177376119
"2110013",1982,0.198036273707252,0.477441559757103,0.324054698988987,0.0346624130949693,0.276382884979248,0.276382884979248,0.314071922719302,0.274474069983865,0.273046530766606,0.0266783682554777,0.0909231593162031,0.0916622488143388
"2110013",1983,0.299280533606664,0.180015443560556,0.101934112972168,0.551628609498505,0.101394341388886,7.62816762542725,0.468653429837309,0.124157458416096,0.221106307983398,0.110943008925504,0.169019579559762,0.542771413833431
"2110013",1984,0.276382884979248,0.321812249151494,0.829148654937744,0.161151476775479,0.376080943385873,3.42714777374268,0.29899290570051,0.454217254960297,0.0306967985370277,1.38191442489624,0.0167616729018887,0.393997730510748
"2110013",1985,0.390939344178864,0.283391819380049,0.180805581977581,0.494869090624027,0.291597350977621,0.235381450167532,0.0245952005996649,0.00768050436518723,0.319862453115487,0.0199377182864884,0.522436820215613,0.322181835792675
"2110013",1986,1.10553153991699,0.0442335831960126,0.550087064401023,0.305668883383769,0.463267119598981,0.221106307983398,0.193337868654918,0.209202771558571,0.129676731520458,0.457332948416658,0.0220850580966839,0.291624447903562
"2110013",1987,0.229325390437775,0.238487146788476,0.0639350046074101,0.394920402447904,0.362339552881852,1.65829730987549,0.053048780697962,0.425484509291505,0.432763743707504,0.330468367947743,0.15867510459284,0.484951070681702
"2110013",1988,0.455763973315539,0.140930050552107,1.71357388687134,0.319454260478429,0.373705268003992,0.450032085958238,0.33836543356231,0.275419001498318,0.128830297824726,0.0711769181051211,0.502847119601556,0.54577941920363
"2110013",1989,NA,NA,NA,NA,NA,NA,NA,NA,NA,NA,NA,NA
"2110013",1990,NA,NA,NA,NA,NA,NA,NA,NA,NA,NA,NA,NA
"2110013",1991,NA,NA,NA,NA,NA,NA,NA,NA,NA,NA,NA,NA
"2110013",1992,0.272523294277293,0.34667447407334,0.189470739689119,0.209494298069663,4.42212615966797,1.93468019485474,0.203961077272417,0.197705033472412,0.200413390152101,0.488294052857357,0.185363903276764,0.228352059159083
"2110013",1993,0.297042600910201,0.193367452080509,0.405088703766635,0.352463924026225,0.208736446438743,0.372858961207259,0.14842185700718,0.466740908001196,0.101105863413882,0.120385517856388,0.268913589068051,0.294832525246662
"2110013",1994,0.247670942766788,0.140413467251167,0.151263338587222,0.390329897838068,0.151909250243321,0.393733209676723,0.239750684107949,0.42445686485528,0.120882554335705,0.506987035082203,0.400780772596043,0.408290488026229
"2110013",1995,0.153112798699541,0.520918007413502,0.274239452396944,0.447076500556655,0.238337462341001,0.112741121533055,0.379479579781502,0.074048695212336,0.0366971396964068,0.407626500083962,0.416267928583655,0.0682682854617475
"2110013",1996,0.156032319431441,0.263930380448839,1.10553153991699,0.231604761834943,0.0601504713169466,0.30946174207223,0.213147964000681,2.92965858078003,0.231496459202415,0.0828428122938103,0.0863472383099521,0.0719321654751507
"2110013",1997,0.52383152335171,0.157174750575704,0.108624821364038,0.00795082716042828,0.405604070201417,0.322958147624279,0.17410098663961,0.442212615966797,0.276382884979248,0.315479888988674,0.201015941861804,0.314110717390566
"2110013",1998,0.519298194334122,0.213139280299628,0.00939759221948948,0.107347486030723,0.118338064675353,0.276382884979248,0.470575810670272,0.155860163565137,0.0337689432429036,0.116538377670793,0.358736685160544,0.244858490040545
"2110013",1999,0.0804267493107416,0.307431068388,0.105097194195474,0.422681436666398,0.507041154287615,0.513033756023784,0.136432699588556,0.511704493131151,0.173137676263386,0.230174993777057,0.107665379090659,0.18853246754068
"2110013",2000,0.829148654937744,0.0195935597078442,0.0829943985531548,0.200119386793921,0.165829730987549,0.239102811051506,0.253410125529504,0.0703928748297577,0.376912818445977,0.296391217796566,0.265027313025346,0.40143341131478
"2110013",2001,0.325253718721104,6.19097662353516,0.0189747241281548,0.379382574634776,0.211507547337327,0.149530313840317,0.111937951901616,0.111845396070593,0.13231966803401,0.144214680681411,0.0371447183849501,0.328487541245538
"2110013",2002,0.351246573051636,0.386936038970947,0.0552765769958496,0.153129865585255,0.0516698346594359,0.20241237023226,2.15578650283813,0.101269847679655,0.258043650315598,0.11155541692934,0.362996491108549,0.418431410049442
"2110013",2003,0.215079656852051,0.0847287670652166,0.220707970301985,0.0618776248616,4.14574327468872,0.214739550032308,0.128731951872962,0.0418460566574445,0.424757511877973,0.530096879684925,0.251338963728753,0.0634088988622381
"2110013",2004,0.248770614868736,0.276382884979248,0.237093930018033,0.0368853544636814,0.318452261866512,0.134964645742409,0.353538269095772,0.344981692654016,0.430147260873245,0.0855737286810844,0.371623105630207,0.538843325214167
"2110013",2005,0.309091631103948,0.829148654937744,0.829148654937744,1.93468019485474,0.428094917833634,0.00830214742434621,0.40728470123467,0.49248251286783,0.276382884979248,0.204523318344016,0.0212871973736571,0.39783829382755
"2110013",2006,0.483935726567991,0.276382884979248,0.480648573388008,0.228230126081168,0.490884512516534,0.439011268672194,0.190635922562576,0.042266344596627,0.546519142939358,0.247101941427742,0.433776286519384,0.0642315553407229
"2110013",2007,0.402043902706153,0.294136838037489,0.294555970500799,0.522937474860802,0.1345332792375,0.494791548772099,0.281300629030544,0.424232554272727,0.187527609068063,0.116577803104726,0.234765669172868,NA
"2110013",2008,0.221115633978714,0.257800951862217,0.536935932748838,0.16900707151414,0.158986433911465,0.0753128361386085,0.0713290164649885,0.409171735677171,0.356850429229242,0.314289917309603,0.270534469334549,0.19433292617475
"2110013",2009,0.506046644775832,0.401477378085495,0.532772961032882,0.0733252184094616,0.384719194519968,0.41584392543819,0.110553153991699,0.281828154860453,0.174396524883651,0.461868210906515,0.282149334295573,0.245668121997057
"2110013",2010,0.214987453146445,0.367386240987688,0.0374556727981159,0.40341276580842,0.00669105935897896,0.0171237408417497,0.082435645788311,0.0382905128674811,0.411957872948791,0.00445904046473536,0.448879831982052,0.0394415719853464
"2510007",1981,0.385724445049509,39.6122368583679,0.0458598499973319,2.25664828491211,0.0675788686844599,0.0612129269560821,0.286183326531983,0.967134979248047,2.86110764694214,0.0696732798866808,0.402596365578781,0.325100656398529
"2510007",1982,0.0825971257114102,0.129175465080186,1.08802685165405,0.116098719849301,0.161189163208008,0.40297290802002,0.00817150134569134,0.038317029924404,2.0148645401001,0.323614872151461,0.354350265705575,0.322544812089194
"2510007",1983,2.21635099411011,0.190620082769001,1.89397266769409,0.133130393284884,4.83567489624023,12.1697818222046,0.155627433983688,0.204585663526215,2.78051306533813,0.0867437182976576,0.234313575856439,5.68191800308228
"2510007",1984,53.0312346954346,3.50586429977417,2.78051306533813,0.37841035357787,0.261959710070198,24.9440230064392,0.0489151887996845,0.0282545240745487,0.0617459923034094,1.53129705047607,0.0947056899622364,0.0531304817061718
"2510007",1985,0.145273574157245,16.2398081932068,21.679942451477,0.152179681866686,0.250892678466361,0.370821758061102,0.40297290802002,0.148264363057354,0.084726066747557,0.380248181203298,0.22454413186948,0.322378326416016
"2510007",1986,28.5707791786194,10.0743227005005,0.765648525238037,0.316284347891831,0.0432577128961864,0.644756652832031,0.125083725546324,1.9745672492981,0.187257191856998,0.0698365986847189,3.26408055496216,1.49099975967407
"2510007",1987,27.1603740005493,6.56845840072632,19.866564365387,0.215615118722685,2.17605370330811,3.70735075378418,0.395294116346681,0.10541419463733,0.20148645401001,0.0698683191333915,0.0280771012111589,0.169411493156783
"2510007",1988,2.0148645401001,0.0842915674475816,1.61189163208008,0.369242021771244,0.0600976264369405,0.386121899551403,0.056046189379595,0.0556751441123865,0.386605730523027,0.330377771862788,0.0934170149167089,0.058776734986743
"2510007",1989,0.359373146675583,34.8571565437317,1.93426995849609,0.386029282442768,0.384853595293327,0.190150939169281,0.23225058683499,0.335955852210304,0.0534653812949225,0.14215565173147,0.396157639821344,0.297061520403223
"2510007",1990,0.241783744812012,0.388835371361976,5.27894509506226,0.2380265151577,0.240961081262401,3.18348597335815,1.57159434127808,0.219585180997455,0.388836653754443,0.392658352378035,0.166925807293335,15.5144569587708
"2510007",1991,3.02229681015015,0.348011923656397,0.846243106842041,0.27349553240003,0.402349156658713,0.101002720077731,0.038634449362923,0.0324350327890494,0.274056125744683,0.397044183779513,0.186292732329589,0.120727800967062
"2510007",1992,2.25664828491211,0.386599718158988,0.401844268573847,0.362675617218018,0.20148645401001,0.20148645401001,0.0904964315623562,0.314095498260915,0.136261604535438,0.11535059086765,0.299321498812399,0.24355338340411
"2510007",1993,5.80280987548828,2.1357564125061,5.72221529388428,0.316132776007699,0.0362529975751657,0.325626511618996,0.295988145335787,1.61189163208008,0.245791229190472,0.378260961516989,0.365693887353351,0.0426696996399637
"2510007",1994,0.389679570473185,2.29694557571411,13.8622680358887,0.322995459232331,0.0149517876642815,0.0222040204001336,0.172667732043412,0.926837688446045,0.165794593585961,0.0590227736345512,0.316161840661729,0.282413225252654
"2510007",1995,27.2409685821533,0.0331826370105989,5.52072883987427,0.0428824578201097,0.346695156165703,0.262460536025866,0.0959070029122751,0.232627525403022,0.0626660572951084,0.186130687385993,0.152338677609755,0.205426986542993
"2510007",1996,0.967134979248047,1.20891872406006,0.241783744812012,0.113488857149813,0.0444029655547503,0.362675617218018,0.380745586226003,5.35953967666626,0.33763074205875,0.203981784369277,0.35835596175265,0.381405938877256
"2510007",1997,5.03716135025024,25.5081850776672,11.8474034957886,0.12077667590133,3.82824262619019,0.196289944624677,0.105917373053221,5.80280987548828,0.0311775006089322,0.240834113149226,0.32313300304891,0.202006287202521
"2510007",1998,9.46986333847046,2.0148645401001,0.0652534929506833,0.371774221195414,0.311001663571668,0.188976312048381,0.00260521838963047,0.00421143193689315,0.136171022103642,0.215943236493152,0.106492074591502,0.644756652832031
"2510007",1999,0.0921129992935149,20.188942691803,8.09975545120239,0.184882836293229,0.293119533309922,0.252013203130407,0.108573569076679,0.00281644160191291,0.0644997586154206,0.0278025561647481,0.210145740276941,0.139515304157381
"2510007",2000,32.9228865852356,0.564162071228027,11.7265116233826,0.0257111945383508,0.0187465708703264,0.20148645401001,0.191140546743232,0.359796377941601,0.0356738148877327,0.0596293118699868,0.10491722298972,0.102844644828872
"2510007",2001,6.40726923751831,38.4033181343079,33.4870486564636,0.286481165935444,0.00856726635086617,0.139584023993105,0.0739174558969033,0.060952114805532,0.331854507023941,0.282299739054958,0.155295177054158,0.103495538099928
"2510007",2002,0.20148645401001,0.805945816040039,29.2558331222534,0.208884240167366,2.21635099411011,3.02229681015015,5.15805322265625,0.0362072633202547,0.365975741323758,0.379890034826488,0.132752228149929,0.376861817573981
"2510007",2003,0.765648525238037,4.95656676864624,0.765648525238037,0.207973544672049,2.21635099411011,0.235137966845372,0.0385325199908148,0.0412062441087937,0.356271410467166,0.115423990385045,0.319869251451597,0.244624905157352
"2510007",2004,0.040297290802002,16.7636729736328,0.443270198822021,0.333213263485488,0.255131488469122,0.18394742706471,0.0361366108886837,0.213488108218248,0.401711353867566,0.080209272469655,0.33333126723622,0.347139814963858
"2510007",2005,18.3755646057129,0.300819661224216,5.03716135025024,1.24921601486206,0.016168667121242,0.378942644685906,0.291866351300037,0.161454599177156,2.41783744812012,0.133457697315969,0.223307854866001,0.291645665892824
"2510007",2006,0.344159296556243,1.81337808609009,0.309319681721335,0.121445240443005,0.370533886660135,0.053988925056448,0.0737879492696374,0.272851230483641,0.211979446757598,0.345474488171617,0.122450964053632,0.0202843458675409
"2510007",2007,0.294797782917795,0.397382407005282,0.356700256000118,0.361757631526062,0.305329493728555,0.0365120649664008,0.128264363231212,0.198187831057804,0.232070202403103,0.243645676724598,0.399366225461759,NA
"2510007",2008,12.2906736946106,2.0551618309021,0.295160321967309,0.10767786438151,0.138486581549046,0.37878598367024,0.142505053670326,0.288439399686429,0.259717940170393,0.330604839208515,0.181320717342323,0.177314330184411
"2510007",2009,1.16862143325806,0.235575358565231,5.68191800308228,1.41040517807007,0.297542849264639,0.242961573917158,0.271576917333031,0.0480524853506398,0.333344900959646,0.246220210112093,0.311851207110717,0.395143519392321
"2510007",2010,2.0148645401001,4.79537760543823,0.158345368272349,0.0372419225763045,0.363138071472823,0.0414508005180741,0.0846060524328666,0.276171133851259,0.241369315254385,0.175963192079869,0.00316612182406309,0.061486162682411
"2500016",1981,0.168309368133545,54.981060256958,0.136294782898963,0.841546840667725,0.212559099053864,0.515652643025247,0.304277899706837,0.561031227111816,0.472357662096472,0.446710181587779,0.325852937432934,0.277653047027398
"2500016",1982,0.501008569668402,0.45184893497119,0.221436826952991,0.321456715773495,0.280515613555908,0.537187211347136,0.292220422063697,0.0461468914403103,2.52464052200317,0.0837633113978751,0.370114632425474,0.515503956469842
"2500016",1983,0.182565875058744,10.3790777015686,0.380542488999161,0.404528978651174,2.80515613555908,14.8673275184631,0.29659651972594,0.411487885200785,3.64670297622681,0.275906616146406,0.0639653485860423,0.251871879400851
"2500016",1984,44.3214669418335,0.0452453930834598,0.00336010861475163,0.20939454377092,0.234505514195922,10.3790777015686,0.219395626192029,0.202017039165113,0.311390546180728,1.40257806777954,0.0371927337861753,0.540855482588692
"2500016",1985,0.280515613555908,13.4647494506836,2.24412490844727,0.3756000968648,0.0696271686237105,0.0462710886328995,0.541545875631326,0.518111260075662,0.0390319152648753,0.387548493140011,0.191196109495123,0.0931933374029513
"2500016",1986,23.5633115386963,16.999246181488,0.264493420175387,0.528987174098318,0.285229431729177,1.68309368133545,0.342008702850452,4.48824981689453,0.318531333385378,0.369107653124784,1.68309368133545,0.383670456799424
"2500016",1987,12.9037182235718,10.9401089286804,15.428358745575,0.426997696028456,0.0760382248575344,0.841546840667725,0.244651481062944,0.197194767017047,0.153081655908457,0.496371170016369,0.463380238646348,0.0691735008197499
"2500016",1988,0.556418296314433,0.0600638823841364,0.0068610427566587,0.122626964736249,0.195189935986455,0.445029502761027,0.486989732428644,0.0465178648323358,0.049919457940205,0.386725655225763,0.133913500967245,0.0841727275431741
"2500016",1989,0.176795111462799,20.1971241760254,0.0242056320773329,0.360501239119257,0.10324883948372,0.0366747713140202,0.462656413112979,0.263763691425191,0.202576773897837,0.558109499487897,0.368575438914075,0.302931777908521
"2500016",1990,NA,NA,1.68309368133545,0.144912608196728,0.112206245422363,0.0561031227111816,0.418225952372303,0.380995317013314,0.00601986022253087,0.297418413742047,0.425090494318472,21.319186630249
"2500016",1991,NA,NA,NA,NA,NA,NA,NA,NA,NA,NA,NA,NA
"2500016",1992,0.095755145928244,0.393956090025029,0.520151135773969,0.280515613555908,0.841546840667725,0.445323643157861,0.0275761316704037,0.225670414283453,0.508769968333373,0.00952140242503122,0.17491050191433,0.136366696024297
"2500016",1993,0.45023660228575,0.475519308093588,1.40257806777954,0.238091849305187,0.429516464836265,0.124574547025264,0.0749819742306251,0.196537756043797,0.25839557392848,0.00379693137683666,0.245496429653992,0.501386689829747
"2500016",1994,0.226166582191942,0.528803146486479,3.70280609893799,0.0286828761453565,0.318207216058483,0.318952798404817,0.0637962803098003,0.437689156731545,0.126675346868138,0.424438026230574,0.405690850644079,0.42510377446633
"2500016",1995,11.108418296814,0.397396820551313,2.35633115386963,0.372677553877997,0.841546840667725,0.354604200997185,0.1774876843798,0.315166542377495,0.225496938710881,0.421403526944457,0.369009593132688,0.549712471898767
"2500016",1996,NA,1.12206245422363,1.68309368133545,0.476148977893308,0.532121559125814,0.554983637366852,0.166975279821715,0.394222473468125,0.478824115066914,0.50317758659483,0.195486802924377,0.296920998492935
"2500016",1997,0.405003625394667,7.46171532058716,12.6232026100159,0.477700482313123,0.436799854986006,0.456134657194859,0.0494670313374814,1.12206245422363,0.292496681299079,0.0612025919056339,0.102220410078178,0.479674169538192
"2500016",1998,0.252468688848482,1.96360929489136,0.393394599427537,0.0543171270581687,0.167382459270658,0.46075573247731,0.332272577575206,0.503949366098653,0.226350523591108,0.547733962903413,0.199321901435184,0.0785359811551179
"2500016",1999,0.187307594918542,5.04928104400635,10.0985620880127,0.486356111737258,0.329508184029644,0.166894476210444,0.0224166730073825,0.22680927075837,0.441723893879219,0.502888429290479,0.440662109051847,0.336997722656795
"2500016",2000,8.97649963378906,0.48521744440772,0.280515613555908,0.371666417689603,0.551234044715488,1.68309368133545,0.428363549948181,0.484390853760328,0.25279434467971,0.418801902010639,0.0479242242088415,0.327689415360592
"2500016",2001,0.0812908986216945,16.1576993408203,23.6755177841187,0.066014535775506,0.479531622631338,0.487780513336163,0.488418564836426,0.454123787227792,0.022610835049527,0.195782490054935,0.415951179143984,0.336999212699155
"2500016",2002,0.20607449949144,1.96360929489136,43.7604357147217,0.398516299291155,0.152466827750973,0.114651473618577,1.5147843132019,0.240123936602889,0.404876298551432,0.126421069121172,0.47927556237205,0.230064979353323
"2500016",2003,0.236429747741906,11.3328307876587,0.0412987142128419,0.345822976428911,6.45185911178589,0.412584540180523,0.502321153430771,0.197681049597604,0.467701960016519,0.190205012658754,0.429758575754479,0.26847493915456
"2500016",2004,0.190244777209051,0.561031227111816,0.474036295462251,0.132657628815378,0.0151534711224652,0.505447106466998,0.463409521695019,1.12206245422363,0.300800309474826,0.121726717246905,0.151759352712239,0.0597874735828288
"2500016",2005,0.0630860784687281,0.316899754765752,0.187117954731082,1.96360929489136,0.202122547409632,0.415010868756245,0.54462328165841,0.0917462881267956,1.68309368133545,0.118759594862659,0.19017560812859,0.00319719527021646
"2500016",2006,0.122443403325969,0.267524884122297,0.332899819312562,0.316477990483838,0.462609098422555,0.189896541625707,0.417739657643596,0.276450250531872,0.106517752594504,0.182672579438785,0.0690915168786137,0.425105769636577
"2500016",2007,5.04928104400635,0.0807950843157901,0.411371848690797,0.104803218834921,0.284786904953789,0.29463546422493,0.279450392108525,0.130335622406799,0.0132152416021893,0.519916310349103,0.34845582628654,0.0455201991128062
"2500016",2008,NA,NA,NA,NA,NA,NA,NA,NA,NA,NA,NA,NA
"2500016",2009,NA,NA,NA,NA,NA,NA,NA,NA,NA,NA,NA,NA
"2500016",2010,NA,NA,NA,NA,NA,NA,NA,NA,NA,NA,NA,NA
"2710002",1981,0.0469662323183165,0.421416638226214,0.0371411683596733,0.340743012779843,0.157666560516879,0.170386961339162,0.459204375719099,0.222252432017712,0.187381782402624,0.482119868251218,0.228691126080989,0.0193269407314091
"2710002",1982,0.506557287333842,0.381783262744347,0.507481020663149,0.0966246931418989,0.459947166084976,0.510902811042839,0.335703788659462,0.289381310444217,0.152349202743248,0.143001520989569,0.208519472224363,0.159270759427358
"2710002",1983,0.432505293012971,0.113816531389859,0.415149459155537,0.484376305754922,0.0852880355545456,0.533818817138672,0.266909408569336,0.253704057064656,0.178026613208188,0.192826618323346,0.315026313696532,0.114148311819097
"2710002",1984,0.136744101618073,0.00446425349958339,0.800728225708008,0.529252411814424,0.0394572242468586,5.07127876281738,0.0790957482919521,0.0415531842762455,0.203292472331954,0.110870436981131,0.234670655903577,0.0828876095512508
"2710002",1985,0.217796771015753,0.0366944100633271,0.345912902075567,0.0419445766259164,0.0393493976177371,0.496960013366992,0.51319493463727,0.0703068743196754,0.51359203746245,0.297199371637686,0.374597583548659,NA
"2710002",1986,0.378321255553204,0.0299962478771283,0.511583073410878,0.303648037064955,0.389864962590843,0.0533818817138672,0.26912017879946,0.266909408569336,0.460341043849355,0.298626686627269,0.337046498128853,0.232693398072534
"2710002",1987,0.348293703904556,0.20995714847372,0.0171599902132499,0.0355273073171763,0.423501876183761,0.212381520317311,1.92174774169922,0.204208887378348,0.408860449276924,0.402175939657538,0.324500769000813,0.172824169168347
"2710002",1988,0.454682770252856,0.408935619617504,0.480605171986745,0.139644698656802,0.297044879691272,0.377746033494993,0.263202620282584,0.138685578898461,0.18700411582621,0.497414241206424,0.340638478203498,0.320409463431378
"2710002",1989,0.205392819652123,0.330287359324841,0.034364570111166,0.225892308495947,0.0926587611275038,0.503644179077666,0.390574423392615,0.0309723113850328,0.0515030255737788,0.429802883716109,NA,0.0521432834166244
"2710002",1990,0.0757416737487707,0.326627286816869,0.0931338361487299,0.146496456290125,0.339543364984146,0.228493665556278,0.228798782433662,0.158023147366071,0.0636701631638477,0.295397995706567,0.0129061399885494,0.0926721433649179
"2710002",1991,NA,NA,NA,NA,NA,NA,NA,NA,NA,NA,NA,NA
"2710002",1992,0.203391051955583,0.195081173464408,0.1303757774667,0.283614203350339,0.417262839335677,0.120629994098394,0.19024173047573,0.0656246631124769,0.181992378426237,0.375550598585582,0.0806377365153771,0.297003590635349
"2710002",1993,NA,NA,NA,NA,NA,NA,NA,NA,NA,NA,NA,NA
"2710002",1994,NA,NA,NA,NA,NA,NA,NA,NA,NA,NA,NA,NA
"2710002",1995,NA,NA,NA,NA,NA,NA,NA,NA,NA,NA,NA,NA
"2710002",1996,NA,NA,NA,NA,NA,NA,NA,NA,NA,NA,NA,NA
"2710002",1997,NA,NA,NA,NA,NA,NA,NA,NA,NA,NA,NA,NA
"2710002",1998,NA,NA,NA,NA,NA,NA,NA,NA,NA,NA,NA,NA
"2710002",1999,0.428934016814465,0.529078604801389,0.478736175549071,0.230374423622156,0.348932193482409,0.180266495988085,0.25260225222944,0.37253968428287,0.375846184456243,0.423305420911544,0.492481154746796,0.415940854250173
"2710002",2000,0.238869261115167,0.176330967890107,0.249485113636278,0.485433007963206,0.500356675541525,0.533818817138672,0.336280057482822,0.256969966315547,0.315611643837052,0.0141262471831786,0.354060390527465,0.0381048090198785
"2710002",2001,0.324854471963549,0.0189058471974677,0.0809203832402595,0.340351016259502,0.163957740985204,0.20543663290104,0.453917269607397,0.0815116309223932,0.205243783015123,0.411619929646448,0.169880334216236,0.123176028091885
"2710002",2002,0.331606037940001,0.0056312080927947,0.285311513027492,0.497720619869582,0.524293283374126,0.199980195188255,1.60145645141602,0.529257113805913,0.459531620083168,0.361552715608476,0.0099990204918006,0.0250867936756936
"2710002",2003,0.436491881052095,0.117096136211688,0.456163111690138,0.192342792832695,0.509697351600079,0.470098492770175,0.0435851639864026,0.344999115128088,0.117864900323366,0.174715047372604,0.519135016502502,0.220609774990491
"2710002",2004,0.424341296321493,0.0707946878836231,0.0556596408616392,0.154803147753049,0.435342206038349,0.459782191945224,0.39941919713445,0.06513143127735,0.107323625903946,0.103498423273051,0.482219366497645,0.376669917410031
"2710002",2005,0.341731206931118,0.466166282950033,0.282358818852749,4.00364112854004,0.283646157031021,0.174701988909021,0.225039157489093,0.0865149511970554,1.33454704284668,0.365944220546024,0.335618069506435,0.071220807804332
"2710002",2006,0.33439336186474,0.48159686127964,0.317840039295403,0.494478959600782,0.0914185416741778,0.0778181366275962,0.0552742941959318,1.60145645141602,0.424779876003847,0.508435141005517,0.158283671327265,0.0889921385692691
"2710002",2007,0.168506313145094,0.0033522312074048,0.0227013640559754,0.213498426809208,0.214137311378707,0.06910394279859,0.126926249674923,0.359062386374506,0.494586699848785,0.371103173495018,0.143571966358375,0.4241002233995
"2710002",2008,0.124517050581537,0.521736886877968,0.267698758606534,0.09908240958861,0.397073083725345,0.33773603037163,0.217894568486321,0.281385187066541,0.468686285030294,0.513758705417856,0.29547176518156,0.0138849011974205
"2710002",2009,0.00715428693013058,0.290205174771879,0.235789995857221,0.230135554848006,0.329497667367563,0.393639096456045,0.430168481296685,0.180424833696457,0.329436860901909,0.417396371866987,0.0607979195153661,0.0135585778176482
"2710002",2010,0.353018569237924,0.436873059797775,0.0866545307795125,0.321106349752408,0.514722141746323,0.402637996236362,0.317364227486739,0.0936882711812068,0.27550419547922,0.376811323922067,0.174089916168604,0.244523724620759
"2500017",1981,0.458886817684769,57.6055009460449,0.530698079905924,1.22564895629883,0.570697282070622,0.432057824787861,0.403887390700153,0.535070567196561,0.330304592522528,0.152950743573597,0.134114591416518,0.106333494747183
"2500017",1982,0.577662840525928,0.443012070551115,0.536718646260566,0.56015929197838,0.0125819840362981,0.550040410958134,0.353895959252231,0.35506958085593,6.43465702056885,0.287617039457071,0.359569629210744,0.313547724136432
"2500017",1983,0.131758441140586,2.45129791259766,0.336301202608282,0.573678827270858,3.06412239074707,39.8335910797119,0.0530157880788926,0.246036111144678,0.110420480420647,0.0385589249738745,0.279434903428117,0.497820065977003
"2500017",1984,56.9926764678955,0.319043671074724,0.021271184316574,0.472803204579843,0.396665925495429,19.6103833007813,0.281932814283472,0.0190110424655415,0.552017341703346,0.213298007036893,0.576493507156712,0.605071902818729
"2500017",1985,0.349926033647899,9.19236717224121,12.2564895629883,0.376846638723195,0.194664806913038,0.22796950887686,0.504725348298404,0.192100734195675,0.175150830621803,0.347088053127598,0.185315582367238,0.487684399002886
"2500017",1986,17.771909866333,7.35389373779297,0.591027724566987,0.483248893043075,0.0793978962611001,6.12824478149414,0.610156301955071,1.22564895629883,0.122855090391097,0.289090048573058,4.59618358612061,0.521461419303723
"2500017",1987,8.5795426940918,9.25364962005615,16.8526731491089,0.23878180129418,1.53206119537354,0.919236717224121,0.327128750234411,0.23737758214265,0.183847343444824,0.311825189684451,0.0697026592485208,0.310366474398043
"2500017",1988,1.83847343444824,0.449853006811135,0.0612824478149414,0.383639298743113,0.221932212215231,0.601246078387367,0.0514583032833522,0.125714287356018,0.560042655967039,0.162228276812024,0.3390838599954,0.278510206459433
"2500017",1989,0.420609187851698,24.8193913650513,0.419694735046287,0.31722660954643,0.00704367840461214,0.1094061099254,0.0679770470958076,0.602083611075899,0.337269910697443,0.145116866718689,0.568474025114504,0.161595713284915
"2500017",1990,0.612824478149414,0.1666290425649,0.612824478149414,0.46820175033776,1.22564895629883,0.306412239074707,0.919236717224121,0.151426444867403,0.509556608761092,0.453260996912194,0.0607445693727595,11.9500773239136
"2500017",1991,0.612824478149414,0.612824478149414,0.115279641374816,0.179932849156927,0.394782471384584,0.364743640662078,0.0296178687519597,0.491125770670807,0.144572304315255,0.111237008550771,0.376173288170452,0.340194900828096
"2500017",1992,0.674106925964356,0.261277944175855,0.378118060866826,0.612824478149414,1.83847343444824,0.383513913757465,0.101099243403763,0.157613954442065,0.304616239749285,0.286540869102092,0.231624403202996,1.83847343444824
"2500017",1993,1.22564895629883,3.67694686889648,6.18952722930908,0.434655604677699,0.347986039592009,0.100323255598088,0.363395625005972,1.22564895629883,0.144936551409783,0.314362276802177,0.173660328408467,0.49072787176532
"2500017",1994,0.482136693185666,0.271319878682623,6.98619905090332,0.245191358629671,0.142309122289466,0.107849704394039,0.208069549675561,0.0834316330033056,0.612824478149414,0.46031540132502,0.106888765323291,0.0130398244809647
"2500017",1995,13.4821385192871,0.322221952979305,3.98335910797119,0.528227637636623,0.198385246847616,0.00481858624279971,0.141727957648752,0.348832062568181,0.581756557474763,0.433026185726077,0.0841274453493932,0.407397604840359
"2500017",1996,0.0226942460737302,0.0745397225397246,0.335938646608287,0.290615113208669,0.283936535150805,0.443278033691245,0.606133539349108,9.80519165039063,0.33880657713761,0.444275951257818,0.259693156736123,0.39359383867724
"2500017",1997,0.612824478149414,31.2540483856201,5.20900806427002,0.412284252786858,0.152367410559307,0.554711987978886,0.194260997595059,0.0199641267645994,0.370215972347001,0.499414692071176,0.357138476495163,0.559521907005491
"2500017",1998,0.340528542707216,0.37326538077705,0.23065158395059,0.588341715971988,0.223590759742258,1.22564895629883,0.379169705071753,0.348594017184336,0.247940679538171,0.125901432820527,0.238448222909582,0.314241794877738
"2500017",1999,0.479607371376562,11.0308406066895,3.67694686889648,0.143364658637211,0.00931928395394337,0.582314961683856,0.521004521574343,0.419204824731691,0.392616301853238,0.416013865753535,0.367307594380719,0.919236717224121
"2500017",2000,22.980917930603,0.498228266832912,0.566841256363156,0.269535969427492,0.439836776456147,0.245129791259766,0.0612808324001702,0.564954598275957,0.201871522839842,0.490314718051374,0.519495683427393,0.451695596561445
"2500017",2001,0.186857717611935,9.80519165039063,50.5580194473267,0.0397899788703428,0.55191532427109,0.125136578672162,0.0981082203977237,0.506758467699871,0.394221469750171,0.0110223505576176,0.347835792577424,0.428053996390855
"2500017",2002,0.0191561143199239,0.0612824478149414,35.543819732666,0.319961795575682,0.517319777403576,0.4992711068447,0.42897713470459,0.0947007844825546,0.0526025145101206,0.567191741269874,0.235577290302214,0.108776138258922
"2500017",2003,0.225473925345412,4.2897713470459,0.0949096188194596,0.344802852485955,6.12824478149414,0.49361487134028,0.330235749907559,0.213826374912953,0.123002992674289,0.327450767194116,0.394646982922399,0.0803179321611775
"2500017",2004,1.83847343444824,0.169262312610447,0.174759057439443,0.0939759019189483,0.140618060145492,0.250641862610358,0.0679204951652795,1.22564895629883,0.196659789650072,0.430401946456366,0.571930605361164,0.343585185660226
"2500017",2005,14.4013752365112,0.405296543732705,0.919236717224121,0.919236717224121,0.460054088552173,0.577409633078432,0.117345671484896,0.574372674425839,3.98335910797119,0.0443873494872539,0.534704312390999,0.330671277663992
"2500017",2006,3.67694686889648,4.2897713470459,0.541089551039435,0.0295726376805663,0.122564895629883,0.26791301136446,0.326238063785061,0.122564895629883,0.506274167589963,0.270138732478745,0.284421995426901,0.546880637207138
"2500017",2007,0.367694686889648,4.59618358612061,0.343359729599099,0.430043070284924,0.0318344223988327,0.372956514032117,0.207087324958301,0.303108769944942,0.400070382590097,0.528371542190602,0.2207132598038,0.179916246552405
"2500017",2008,0.735389373779297,2.45129791259766,0.362066722913011,0.103401998497012,0.159345356581706,0.112327979692709,0.403966084668469,0.530807385938496,0.535245894547088,0.314335103858031,0.112056034655245,0.589189230284648
"2500017",2009,0.467041783480579,1.22564895629883,2.45129791259766,0.258906484871424,0.439451427777875,0.493136249352795,0.451936464383778,0.438076445927199,0.247917025902721,0.576789883459158,0.419140951383453,0.601179519149533
"2500017",2010,0.417578982590545,0.180567172267042,0.528156814563324,0.562187578947374,1.22564895629883,0.16761755138488,0.411078118278422,0.356493069381881,0.0219510454120496,0.139604951122298,0.604414084167387,0.484637549616075
"2500019",1981,0.325483906795572,NA,6.52471464157104,9.21136184692383,0.605156936679553,0.47653001813991,0.749805419869908,3.83806743621826,3.07045394897461,0.0931335215659183,0.208533905588572,0.179938201891322
"2500019",1982,0.639150988118151,0.212514372848556,1.91903371810913,0.56387043277604,0.530469754655737,1.22818157958984,0.314737112467363,0.19637112936344,7.67613487243652,0.645642306043554,0.610953491909085,3.83806743621826
"2500019",1983,0.04737429194173,1.15142023086548,0.5409646132808,3.45426069259644,11.130395565033,21.8769843864441,6.14090789794922,0.345660549674494,2.30284046173096,0.349425256208324,0.129065726030907,1.5352269744873
"2500019",1984,79.0641891860962,0.703214918023986,2.30284046173096,0.500782754702874,0.0134853035513455,25.638290473938,0.312436192731823,0.384711088914614,0.634865542569802,7.67613487243652,0.172930454879269,0.462646857578031
"2500019",1985,0.229513206986065,30.7045394897461,6.14090789794922,0.431443195169822,0.509794082002121,0.047698180116811,0.755780405577039,0.242953737866449,0.112526011896878,0.561583934275405,0.747961198964601,0.35930116165085
"2500019",1986,16.1198832321167,5.75710115432739,0.566027025600481,0.364563136590151,0.152631598066458,3.07045394897461,0.474990956570321,1.84227236938477,0.738263261998283,0.441992036110593,8.98107780075073,0.330519275146279
"2500019",1987,16.8874967193603,16.6572126731873,30.3207327461243,0.0156490101248625,4.60568092346191,2.30284046173096,0.767613487243652,0.408895570089114,3.07045394897461,0.428481906552592,0.733869214846389,0.759060668890726
"2500019",1988,0.654587104606341,0.0854954346902397,0.537938405514937,0.189758757065086,0.62947638302633,0.178189446201077,0.104274965703516,0.14052368347883,0.166548648619727,0.130569185969911,0.531401679912406,0.732890814751932
"2500019",1989,0.543497663783266,30.7045394897461,0.471426072876365,0.278856515434337,0.128915618293894,0.226186183591177,8.8483185531816e-05,0.737632252992217,0.0454151199073784,0.336764477334995,0.674971868120332,0.690609147699241
"2500019",1990,2.30284046173096,0.124732054328861,3.45426069259644,0.568225552602231,2.30284046173096,0.383806743621826,0.767613487243652,0.55046214244378,0.0604908456425109,0.388361846781992,0.41257108980125,16.1966445808411
"2500019",1991,0.614090789794922,0.561396384587374,0.634487264767149,0.0982251838478035,0.720769066931168,0.29929544195394,0.477214881137893,0.240211569985489,0.483627471166708,0.0505410541137176,0.573495818187767,0.22898364419179
"2500019",1992,3.45426069259644,0.133136072489136,0.699554922273478,7.2923281288147,0.767613487243652,0.25902123617885,0.318001656831601,0.254739452862804,0.751082304139562,0.241877798644304,0.244616949843842,1.15142023086548
"2500019",1993,3.07045394897461,3.45426069259644,3.45426069259644,0.246169001069558,0.503729881056191,0.158513588702133,0.26152315725994,0.614090789794922,0.388397427323151,0.289775606613168,0.331901882670388,0.18812162877473
"2500019",1994,0.643224843106091,0.684818590623937,5.37329441070557,0.0170687312841076,0.217494266181189,0.36573005612875,0.661974054496173,0.347296543782712,2.30284046173096,0.228095120972168,0.684681145656961,0.455963413559329
"2500019",1995,NA,NA,NA,NA,NA,NA,NA,NA,NA,NA,NA,NA
"2500019",1996,0.00349744471645933,0.0103861351317884,3.45426069259644,0.198186380904937,0.756166718629414,0.181712417522045,0.368751983456194,15.352269744873,0.480519934356,0.032778062348016,0.343377733959415,0.278131917635879
"2500019",1997,0.5471126441557,39.5320945930481,0.515627458474419,0.479097604542092,5.37329441070557,1.15142023086548,0.27466608900609,0.0863948155680821,0.383806743621826,0.0515900607101001,0.456016347480392,0.415794479403292
"2500019",1998,0.545738707781101,10.7465888214111,0.115348628964715,0.000284013433759487,0.0537067498399412,0.180111674924209,0.308220907411717,0.598473578627068,0.383958264707775,0.447388256679578,0.417393992916577,0.751025523185641
"2500019",1999,0.555882714149906,17.655110206604,0.455799623074741,0.657771018736349,0.744614543638271,0.59997246144591,0.192126931156289,0.434352742490856,0.535933426712895,0.709105335314817,0.0607351551950378,0.145046795946941
"2500019",2000,51.4301036453247,0.167255138823245,0.738056381528651,0.767613487243652,1.5352269744873,0.333883149809556,0.695601176566281,0.0415416480588713,0.648507608107981,0.188417361316111,0.0451794634532425,0.722758618818682
"2500019",2001,0.188436065670294,4.22187417984009,30.3207327461243,2.30284046173096,2.68664720535278,0.264227272668894,0.521857315782896,0.383806743621826,1.5352269744873,0.31042575963251,0.176184833068221,0.767613487243652
"2500019",2002,0.604648205233099,0.733278723272941,22.2607911300659,0.659886976706542,0.0687653355915582,0.65609407182399,3.83806743621826,0.243587795902971,0.0874402117621061,0.692877078926957,0.55168156196171,0.709685024634468
"2500019",2003,0.691329205552116,6.14090789794922,0.641813701410972,0.466746084216822,12.2818157958984,0.495635152363217,0.524449686549054,0.0284680002574735,0.00686360615257766,0.268890147796066,0.179699015103154,0.346659123770111
"2500019",2004,1.15142023086548,4.60568092346191,2.68664720535278,0.652034789628858,0.684959789329874,0.146708335425681,0.740673550777978,1.91903371810913,0.0979850367758932,0.121097410212123,0.565204203982912,0.0359916462609626
"2500019",2005,4.60568092346191,0.649086113738962,1.5352269744873,2.30284046173096,0.138197758833969,0.523867216821033,0.547852670655926,0.645437420490565,4.60568092346191,0.31368072671685,0.566556204853175,0.740365598523213
"2500019",2006,3.07045394897461,2.30284046173096,0.33098357832281,0.332833549492237,3.60778339004517,0.299330157828667,0.192275956541108,1.91903371810913,0.541853850145125,0.101140512888372,0.269855972516493,0.664750385816154
"2500019",2007,0.161253798126133,0.579805610315615,0.709624667414461,0.713704217440824,0.73709411180616,0.265664120943531,0.0128871255973105,0.115206217080658,0.210443620954883,0.202424313944289,0.396043357856486,0.253997940094274
"2500019",2008,1.7655110206604,1.91903371810913,0.511495645456674,0.462279327697097,0.606617289476016,0.594625912728592,0.561273079543818,0.628989019278246,0.693074901488469,0.391166535157556,0.535232459079194,0.400532978530151
"2500019",2009,0.767613487243652,0.383806743621826,0.921136184692383,0.844374835968018,0.365485753010285,0.251889299975898,0.652541099008446,0.682403082032784,0.736202381206668,0.112101732338713,0.398792262736451,0.520568202506213
"2500019",2010,0.519220607181128,0.383806743621826,0.727332866172653,0.421222405420919,0.507632392864465,0.552569885010518,0.519377630462364,0.494127247559767,0.101420785808743,0.432991121625673,0.439241863541704,0.167840124269479
"2710003",1981,0.24852037179771,0.322203444981744,0.173281753979834,0.0839344119581596,0.124049687490931,0.305303041232593,0.656678852302282,0.53618638420105,0.541475472867942,0.179899755576522,0.27729046199098,0.651956734413524
"2710003",1982,0.52449212786373,0.459618994166591,0.0931660998014425,0.344149720617248,0.203099758842187,0.745743971234076,0.437819616884667,3.06392219543457,2.29794164657593,0.382990274429321,0.592241143251555,0.00926974514989195
"2710003",1983,4.59588329315186,0.486141502508084,0.290925412114702,0.408339674538509,0.628523440409424,2.60433386611938,0.355189977211418,1.91495137214661,0.765980548858643,0.103426951965916,0.728466026619166,0.13047711149758
"2710003",1984,0.334588954858918,0.495423622573699,0.612784439086914,0.21717908736,0.312593232706954,1.53196109771729,0.614932155254661,0.559852620245896,0.363429968257357,0.286765955184825,0.683521397779397,0.630102546213659
"2710003",1985,0.0630939468997677,0.10116676299486,0.680435885144759,0.609263985866454,0.270864705319995,0.510627533417767,0.711640798860109,0.265523172142634,0.493607802187828,0.268851505848711,0.4109015706535,0.519481180854463
"2710003",1986,0.228280827246613,0.670436925953387,0.351028965124091,0.238711950425722,0.765980548858643,0.583373096162606,0.467817510126406,0.314395659655978,0.585900754915645,0.244631909970608,0.269499988670809,0.0728655629382299
"2710003",1987,0.48588208869137,0.6836074352602,0.0416288505332857,0.385906132761991,0.0480809849574153,0.119402977439134,13.9408459892273,0.178120347632908,7.43001132392883,0.448353352633824,0.595058651786352,0.585761252655481
"2710003",1988,0.248689093361895,0.300027785227521,0.416011000683418,0.221709664424156,0.175834531379184,0.187139357351025,0.196562764540996,0.645030471183612,0.221798875888576,0.464620055047085,0.297877087366384,0.455622949507634
"2710003",1989,0.239771518075052,0.0145058769960761,0.657203318094838,0.584512172128265,0.0640663142670819,0.651254115704557,0.721785189527765,0.382990274429321,0.270256467725561,0.0681735239703407,0.268908179032029,0.61444691688202
"2710003",1990,0.215289451925148,0.132902672558961,0.180135036274456,0.163988739251571,0.207007676545033,0.440651157148572,0.118389715494583,0.249006076004211,0.310641030719756,0.650596097912518,0.762153560515079,0.649288071210963
"2710003",1991,0.154946764744544,0.283707484277092,0.281506310142716,0.338874078141283,0.396415396182567,28.3412803077698,0.349775927505878,0.477867765080521,0.119515267475774,0.701534472632812,0.233181811070071,0.726029662563823
"2710003",1992,0.332584823453653,0.168213094934938,0.279385066464311,1.83835331726074,2.29794164657593,1.22556887817383,0.598360991535021,0.342151621689131,0.297958845489045,0.158751449419456,0.255195876054471,0.0503630390498559
"2710003",1993,0.384936185340943,0.704853129228984,0.679744766932137,0.332913954871825,0.531097592786919,0.0763694674999888,0.0913317553858903,0.0647558332713488,0.0802446325525533,0.143250095452033,0.543114385711768,0.286873504488056
"2710003",1994,0.370321324087869,0.227157684689407,0.741219603742406,0.252535884994817,0.076860363292884,0.0675504430044195,0.612784439086914,0.0285411833224108,0.601760655783379,0.688459225458628,0.213572244750861,0.492643803779055
"2710003",1995,0.427898105426003,0.539408037637292,0.099629255690621,0.0784521227641135,0.765980548858643,0.196425711832159,0.0638677575779264,0.202128232187282,0.689382493972778,0.176456737212352,0.76342161110968,0.396530059261067
"2710003",1996,0.289083096803847,0.598424035870258,0.0689125380005653,0.382990274429321,0.155413589303938,0.0480179233228352,0.269281385431428,0.382990274429321,0.0126119443687067,0.109704929265224,0.0943313070491907,0.397005902663606
"2710003",1997,0.253030719509303,0.042506205449212,0.5249433346831,0.504238694793553,0.22955580899249,0.719187289021003,0.684652774110586,0.0236646586300974,0.201566582794119,0.675280063983408,0.521742529059856,0.0341131931522664
"2710003",1998,0.135667542580965,0.0227050023564648,0.273981172543285,0.262909715067752,0.429946466971552,0.322304478139593,0.731482073295369,0.0734938611720445,0.348552357624522,0.0832678739720856,0.33291732842209,0.0885717568232603
"2710003",1999,0.236996760497526,0.0118600833468675,0.133997058079131,0.378006059898906,0.661320271251875,0.521746602074287,0.601986115804693,0.124870111873515,0.438694624083544,0.0321873207654015,0.647743923455752,0.251252276048657
"2710003",2000,0.184286948372234,0.607939158827507,0.0238337652384265,0.194623221214418,1.37876498794556,0.144764565738145,0.689711143791503,0.598747238607341,0.157818410414617,0.379185473652632,0.104045669395447,0.49977774312714
"2710003",2001,0.496900161998916,0.0359105851007037,0.0952144319202739,0.764944662940075,0.136357587520934,0.692235024510664,0.665427510203507,0.64724984315696,0.691989058703984,0.665024203838679,0.30388923778628,0.359299573153974
"2710003",2002,0.485986558176483,0.21898035953328,0.059485642763644,0.131809497992814,0.228980624557547,0.264932339292542,3.44691246986389,2.91072608566284,0.590429527319453,0.420168841818973,0.702155203028185,0.747825973403409
"2710003",2003,0.107913624010433,0.731009585608721,0.731595532196909,0.127061831114291,0.0324771767891902,0.626169139622889,0.268003552147425,0.224719149477322,0.0073404412510445,0.716081942421884,0.311006057918357,0.733932720366156
"2710003",2004,0.715230513514398,0.460981438359788,0.435176093016291,0.656999525055008,0.18144238509144,0.227816003525686,0.0765980548858643,0.631425812744844,0.517194485722766,0.25125334361431,0.0787311905964712,0.641767648663442
"2710003",2005,0.0298706014643662,0.232179796908781,0.314440021057258,0.382990274429321,0.507532932385923,0.0758018325340822,0.389984253352163,0.645801864412317,0.707179958658535,0.734394403275404,0.361544349836999,0.642611963795658
"2710003",2006,0.407241916181448,0.391992695147382,0.150013818333591,0.0446153882752267,0.175532008490962,0.194673321895731,0.102383391737691,8.80877631187439,0.252947352904412,0.700565908980875,0.494572931474283,0.00799766559176486
"2710003",2007,0.275743497653015,0.671483773413505,0.186868703954863,0.411210970654843,0.275670434857947,0.498307462853971,0.750113357655333,0.433373224309813,0.503045822864202,0.424847306509458,0.581791875023222,0.164971101715687
"2710003",2008,0.255484213481278,0.719449231395322,0.662688050241492,0.44701095873607,0.447187527068313,0.536952634852222,0.104922353382207,0.254091863895676,0.333003588654231,0.455540386697999,0.16459207435482,0.763749824414256
"2710003",2009,0.55188833400433,0.145146876585686,0.526736409286177,0.539355061876478,0.601143570199107,0.493899168426443,1.22556887817383,0.477231711033957,0.66302483831329,0.109261103380053,0.0880323909459055,0.435830989079431
"2710003",2010,0.329860464748179,0.11719342114878,0.34037726854226,0.394732744178784,0.75845716972853,0.549771335442069,0.293339557214672,0.580250056258967,0.133093133690535,0.678219047257672,0.607163052508672,0.629406440261542
"2500020",1981,0.468719570995608,0.343052778241042,0.0378052660020825,4.75563457489014,0.494079047427259,0.0218753749437894,0.264780008258885,2.37781728744507,1.98151440620422,0.277435063214619,0.557462787485731,0.197907997334589
"2500020",1982,0.588980990641517,0.342693148030971,0.419923227504656,0.196319235682375,3.96302881240845,0.256493970892344,0.694892910568584,0.415260724313309,0.792605762481689,0.380027631782957,0.429989691313229,0.778381427884191
"2500020",1983,0.339336380781816,0.204042102712777,0.516416219042323,0.322689046681958,3.17042304992676,19.0225382995605,6.34084609985352,0.584932746460926,3.5667259311676,0.0452311307806422,0.618638455203621,0.66881027063425
"2500020",1984,28.1375045681,0.738932381344926,0.792605762481689,0.295222314993171,0.718771397853741,8.32236050605774,0.329900839839671,0.113990212357339,0.293158887938951,2.37781728744507,0.63057162959898,0.321810931355939
"2500020",1985,0.39942471447774,11.9683470134735,9.59052972602844,0.725792002711428,0.493750365432255,0.570423847434622,0.455495029907191,0.392761795301481,0.667818244536244,0.41982835491742,0.789571539145813,0.686898182120575
"2500020",1986,3.5667259311676,4.75563457489014,0.114662150254566,0.123217791340753,0.019026026325907,1.58521152496338,0.513578420411539,1.58521152496338,0.118629046997784,0.0895552206104915,0.792605762481689,0.455643960095378
"2500020",1987,5.15193745613098,20.6077498245239,28.5338074493408,0.19805656950953,0.177549004837429,0.792605762481689,0.0179500380020394,0.599408922522999,0.0880074487066974,0.698128162586068,0.727832142849483,0.219139534730033
"2500020",1988,0.263408420024746,0.541105608726675,0.552792593468617,0.542838005108279,0.474223095280838,0.670881928117705,0.165687578326358,0.60339138472249,0.384132482286628,0.670016060535527,0.384729116342235,0.309327816136563
"2500020",1989,0.717923099125665,9.51126914978027,0.363686101524484,0.0793498199813857,0.221090585117476,0.743119914084837,0.295480734120681,0.676904192188098,0.639475443179594,0.315977219574648,0.525665702530964,0.598043654883522
"2500020",1990,2.45707786369324,0.694374243862412,0.792605762481689,0.227742678637557,2.37781728744507,0.403095471891762,0.564175200701324,0.577745707520052,0.610523745813692,0.299936033455572,0.110371714358155,5.54824033737183
"2500020",1991,NA,NA,NA,NA,NA,NA,NA,NA,NA,NA,NA,NA
"2500020",1992,0.109055065286449,0.38995748271986,0.281883191581118,2.37781728744507,5.54824033737183,0.400968290983021,0.792605762481689,0.775123137529843,0.205706859319807,0.065160240165555,0.23006604453015,0.792501265981706
"2500020",1993,3.17042304992676,3.5667259311676,1.58521152496338,0.0359325027769387,0.426892958864759,0.270262595781906,0.0536848111709701,0.287971264575875,0.238352892962778,0.630418316147599,0.676116988235755,0.248967247139097
"2500020",1994,0.0152925320733411,0.396759968192517,1.18890864372253,0.358511456141543,0.56905456174237,0.62880247374608,0.586891192774566,0.407762649555015,0.679680390949206,0.356424265865909,0.645691084228924,0.669391468413621
"2500020",1995,8.32236050605774,0.0136540700628204,5.54824033737183,0.569389057761748,0.29276556628346,0.267771261516376,0.434792941506511,0.483264265625591,0.646133205857866,0.460676302595109,0.64183879822895,0.304402374177301
"2500020",1996,0.630035534660403,0.560020369703209,3.96302881240845,0.207473213442249,0.54404095784686,0.155644652596851,0.48432527164878,5.15193745613098,0.639426011331221,0.209395236890861,0.216873291511581,0.662412648315208
"2500020",1997,0.792605762481689,15.8521152496338,0.729598095960183,0.280826520286338,4.35933169364929,0.420512557536435,0.422843429896429,0.249494305565008,0.175749899884777,0.660605883355454,0.673033553949369,0.320314324158442
"2500020",1998,0.692570943511248,6.34084609985352,0.203285950504073,0.512150413903546,0.514859850760703,0.792605762481689,0.2588395657166,0.392362558123015,0.74482353358325,0.399456209493449,0.110650484324134,0.0309655825841747
"2500020",1999,0.0764573012406037,12.681692199707,0.575341423067809,0.445739255344455,0.111600715697547,0.494459187551786,0.555466867150646,0.147153479915331,0.632260544164709,0.417007598270732,0.0631217778916357,1.98151440620422
"2500020",2000,2.77412016868591,0.292099513275085,0.320017689516076,0.162996404573732,0.462495457027658,1.58521152496338,0.230474508115937,0.0831794985521902,0.277373699559866,0.748352339299221,0.490347947249863,0.313523745394328
"2500020",2001,0.221747032851936,1.58521152496338,28.1375045681,0.443956439256283,0.770937368835607,0.585361210438195,0.426986973512006,0.190835963505157,0.279091923415079,0.182600425383181,0.0792082975301426,0.314860050315906
"2500020",2002,0.0632240524949849,0.267358691112673,55.0861004924774,0.191910240562622,0.792605762481689,0.198658945064149,6.73714898109436,0.789666546449372,0.637718739359536,0.462608949994497,0.76143428260486,0.239143567982713
"2500020",2003,0.774984712077713,32.1005333805084,0.207868521333079,0.319139658710709,5.94454321861267,0.449740761449528,0.779356425654276,0.612609136057784,0.272177062013817,0.446904548042339,0.588363149099253,0.261954300325924
"2500020",2004,0.243110472845819,0.50675501755368,0.311040163591897,0.302522616037702,0.121652618332362,0.608399136694943,0.348554548630457,1.18890864372253,0.639482904433982,0.321347350339269,0.437565605163638,0.293476810159597
"2500020",2005,0.284267290360797,0.176504932471647,2.37781728744507,4.75563457489014,0.270835280227761,0.381897800519331,0.591203329809917,0.424733152614988,6.73714898109436,0.325642597453883,0.686006469488416,0.146328054358216
"2500020",2006,0.160547231350469,1.58521152496338,0.0910922733393671,0.252907200986564,0.119309145197941,0.774218440274005,0.415927313972466,1.58521152496338,0.051230098523183,0.526783862785132,0.702958101190429,0.75983056983972
"2500020",2007,0.628753346024423,0.351477099884386,0.402971788834528,0.586785394508897,0.175972684330026,0.475899581804303,0.248723380142742,0.646932928647584,0.198887283512812,0.133960589043208,0.084976780589979,0.534259735370486
"2500020",2008,0.545966239585087,0.650540547842233,0.684259962217756,0.613044982120533,0.707222309110321,0.768114450637816,0.162788959519692,0.581560525403956,0.0285102140708861,0.238958589551604,0.722206060849684,0.39473611747257
"2500020",2009,0.704729017951774,0.474054047885506,0.175352999204092,1.98151440620422,0.565525866198517,0.693115374806691,0.140280998424228,0.22111208861096,0.289791038149887,0.333580317644354,0.00281283569591257,0.560692061420194
"2500020",2010,0.397598181096941,0.197783900901236,0.472900730915214,0.540493904527965,1.58521152496338,0.357606458265305,0.0211108068402247,0.70687242147409,0.577784389559385,0.697001799768643,0.483800238765848,0.61707470354472
"2942001",1981,NA,NA,NA,NA,NA,NA,NA,NA,NA,NA,NA,NA
"2942001",1982,NA,NA,NA,NA,NA,NA,NA,NA,NA,NA,NA,NA
"2942001",1983,NA,NA,NA,NA,NA,NA,NA,NA,NA,NA,NA,NA
"2942001",1984,NA,NA,NA,NA,NA,NA,NA,NA,NA,NA,NA,NA
"2942001",1985,NA,NA,NA,NA,NA,NA,NA,NA,NA,NA,NA,NA
"2942001",1986,NA,NA,NA,NA,NA,NA,NA,NA,NA,NA,NA,NA
"2942001",1987,NA,NA,NA,NA,NA,NA,NA,NA,NA,NA,NA,NA
"2942001",1988,0.344026661744505,0.016357742214107,0.865331448181505,0.789872825748719,0.570284908797036,0.141559062324473,0.900095309743098,0.785282463924792,0.743253416859727,0.737070525306209,0.0790233259418628,0.910200297676295
"2942001",1989,0.729473257504323,NA,NA,0.133089244769957,0.51205029540872,0.666107670577284,0.270280676766973,0.26464279334957,0.583080723930502,0.916825182061219,0.88388728692932,0.469441953848925
"2942001",1990,0.645320970832837,0.30687547800818,0.645492946328006,0.0266883714331034,0.682256151386141,0.702179656516281,0.28367817649206,0.342199825904384,0.275886858547916,0.165292633205071,0.887279937576813,0.207325104054568
"2942001",1991,0.149670187594569,0.0492527321123265,0.0240205128680798,0.448944591031307,0.691695225001964,30.8420359954834,0.797727014804532,0.0955887991167558,0.298349029092948,0.340501450798084,0.517016325033522,0.167112773858246
"2942001",1992,0.173206639963803,0.0107530032526838,0.145612210999149,0.461748140882773,1.83583547592163,0.690508049549694,0.660204933070091,0.410472956438747,0.438338830171363,0.381407969958017,NA,NA
"2942001",1993,NA,NA,NA,NA,NA,NA,NA,NA,NA,NA,NA,NA
"2942001",1994,0.133750059742977,0.530131158440998,0.168336789188255,0.0340959637146744,0.902326265203696,0.656238610670977,0.382480838242254,0.101197249742613,0.734850566348755,0.435896589810447,0.917172284343782,0.874896024868682
"2942001",1995,0.672025659099273,0.595965745104803,0.27144711460058,0.267791251228118,0.41799639808738,0.547956995055352,0.615495311564465,0.620924720063927,0.462524837494482,0.852763371989531,0.356891267588966,0.874003755870225
"2942001",1996,0.349954592491948,0.8842880526516,0.755318207426229,0.658249139171154,0.423108930422155,0.509482547274623,0.181059764483396,0.326633879362304,0.436030753004707,0.398475033963716,0.231561466441436,0.46338777072999
"2942001",1997,0.330545934137018,0.857053467063933,0.282910656562993,0.683151578943281,1.83583547592163,3.67167095184326,0.138909360930343,0.165817669479054,1.37687660694122,0.37066321798307,0.280101475845713,0.549432524539031
"2942001",1998,0.0787466256006827,3.21271208286285,0.00762801304413047,0.80100533926297,0.867081471994947,0.26211053631022,0.416526128878745,0.567070995298386,0.178524334779883,0.557623203214267,0.109145477889268,0.223530867854524
"2942001",1999,0.174483205683011,0.87619527262545,0.870239630168611,0.163213280867397,0.447392194167629,5.9664652967453,2.29479434490204,0.833256668801462,0.807935544219545,1.37687660694122,0.75694360976075,0.415801154493646
"2942001",2000,0.236715451573001,0.845951674641637,0.368142923244731,0.290057072651545,0.458958868980408,0.491220199730901,2.29479434490204,0.812184171109363,0.525001366129276,0.666046766111329,0.0640227158819517,0.238994348778135
"2942001",2001,0.789140654363575,0.744613871922808,0.0843439670932838,0.577509398497755,0.404391045581462,0.449816025596223,0.351886814639555,0.550788581257318,0.583884339352716,0.846544824136188,0.849911798323919,0.237750574236775
"2942001",2002,0.14730484624412,0.197103444789582,0.519756180741364,0.867368120118284,4.58958868980408,0.515129777709011,0.458958868980408,0.910223046394302,0.168379606583271,0.335642042137614,0.0143151573033038,0.689248122525203
"2942001",2003,0.601741303339562,0.102136818472595,0.375836458375692,0.274418334785439,0.570257863892099,0.0875257237332003,0.13991537800694,0.146423840256871,0.912220929118896,0.883320131695246,0.41582811155992,0.719521686957848
"2942001",2004,0.63438053418983,0.267560722607587,0.704471038993744,0.585474497652091,0.452728297488591,0.184339186604557,0.48809652774347,0.60344017662573,0.263459445825076,0.255841993296559,0.864543019871993,0.781503196418983
"2942001",2005,0.885778177031586,0.484652303618054,0.285881690811993,22.0300257110596,0.0416548596983208,0.506248677942794,0.221238257986674,0.0879632295262714,0.437479833860512,0.661951465136339,0.169320372355488,0.597009241934956
"2942001",2006,0.714247930067482,0.110338821923938,0.148548224122314,0.57692690483766,0.748716157460782,0.458958868980408,0.682365168144696,28.4554498767853,0.171157954005924,0.139159759896301,0.491549410068318,0.451368564369568
"2942001",2007,0.122688900931096,0.557817069130421,0.674819456509463,0.556266564751833,0.458132081462101,0.0681759905890692,0.131286406623884,0.513783035094926,0.917917737960815,NA,0.40585164163734,0.200627931013593
"2942001",2008,0.321765984973939,0.418725218993839,0.554136344637623,0.556033708940999,0.318540560549602,0.917917737960815,0.753329703135369,0.187772272317163,0.676540550840494,0.705158668695933,0.87753401080768,0.591085215413107
"2942001",2009,0.848099935022244,0.40682460252406,0.506338120570979,0.578142523774475,0.81184149580999,0.909131433852038,0.847456567885503,0.576820480067718,0.0266583526230239,0.155119529914114,0.523105118509648,0.803092316680603
"2942001",2010,0.771461193937323,0.685879140443918,0.307210480140733,0.653796442333491,4.58958868980408,0.38911677833059,0.145914473887663,0.209475287695855,0.868173882779086,0.887195132445405,0.142575975242385,0.662933148338305
"2943001",1981,NA,NA,NA,NA,NA,NA,NA,NA,NA,NA,NA,NA
"2943001",1982,NA,NA,NA,NA,NA,NA,NA,NA,NA,NA,NA,NA
"2943001",1983,NA,NA,NA,NA,NA,NA,NA,NA,NA,NA,NA,NA
"2943001",1984,NA,NA,NA,NA,NA,NA,NA,NA,NA,NA,NA,NA
"2943001",1985,NA,NA,NA,NA,NA,NA,NA,NA,NA,NA,NA,NA
"2943001",1986,NA,NA,NA,NA,NA,NA,NA,NA,NA,NA,NA,NA
"2943001",1987,0.116456557977251,0.500680907582088,0.771810328688744,0.337618787651473,0.29432483896998,0.570105580156737,43.2542315292358,0.347183670072748,2.77779468536377,3.57145030975342,0.396827812194824,0.793655624389648
"2943001",1988,0.702454407725911,0.241730684516833,0.0741958773285096,0.663640847684507,0.15873112487793,0.427164524752886,0.123343468862542,0.00521861890727562,0.238096687316895,0.450260870172089,0.396827812194824,0.772314179670619
"2943001",1989,0.701215242236444,0.630619745556227,0.624773395890813,0.204449768125229,0.559868154012319,0.567698560648776,0.666679563671922,1.42858012390137,0.571699149304512,1.98413906097412,0.0598150716147068,0.242487686591742
"2943001",1990,0.265253219784021,0.352163085451369,0.129464042585584,0.713360805099636,0.465407968144816,0.354981512188899,0.0689253607092367,0.171354751611364,0.00487069555653978,0.0807953882637667,0.793655624389648,0.34285643374259
"2943001",1991,0.489922421209903,0.0407435096133193,0.0269439096378554,0.775110567375292,0.0942103515226109,28.1747746658325,0.210549914161104,2.38096687316895,0.793655624389648,0.618082548818626,0.305885557262339,0.430109508835379
"2943001",1992,0.0408925182517171,0.46711010115415,0.61768442022323,2.06350462341309,17.0635959243774,1.98413906097412,1.5873112487793,0.0430895871772309,0.77631094138034,0.339903228101326,0.6009581097863,0.459807497266283
"2943001",1993,0.244068848562486,0.683238236503351,0.265579517471202,0.289626072335565,0.15601246516321,0.0747064192755355,0.662803369425219,0.793655624389648,0.587337694593042,0.0397416308533265,0.426853197982428,0.296746450211023
"2943001",1994,0.178956858281532,0.735499146188899,0.514493137218552,0.792710073803153,0.0128159976083096,0.379026336150157,0.761850055666236,0.159430573047893,0.0793655624389649,0.394385415887881,0.732821408593702,0.24726288201321
"2943001",1995,0.684992314345457,0.253970641378019,0.74026115389157,0.353507210525135,0.238096687316895,0.766256572421832,0.783135310617494,0.15873112487793,3.17462249755859,0.354505032463649,0.0761739200256753,0.753430453271221
"2943001",1996,0.384332982576864,0.0238889994414603,0.366879042938222,0.0624185027055644,0.521730360755014,0.28029445862763,0.190582664406922,0.396827812194824,0.396827812194824,0.607328640553034,0.654903421950175,0.425269061120139
"2943001",1997,0.00584300464480707,0.526268634402023,0.236463548766913,0.722845664250326,0.101905392555497,5.79368605804443,0.623482409745673,0.612185376718803,0.396827812194824,0.704453674358933,0.451638618412887,0.0761444009856836
"2943001",1998,0.567389881696255,0.271925282298157,0.281544700825211,0.539227287474855,0.634821874013393,0.417796464881573,0.655882051689745,0.204778934451229,0.396827812194824,0.181265906862766,0.712526397266953,0.577700055848504
"2943001",1999,0.603023134845645,0.758285777846424,0.00548313904201143,0.140907259406634,0.341384741645781,8.73021186828613,0.120551570012171,0.469785323793516,0.0389624631662254,0.490331428975735,0.746575957043693,0.359061469228851
"2943001",2000,0.723977019441049,0.424685399927495,0.019607911534483,0.238964377236119,25.3969799804687,9.12703968048096,7.53972843170166,0.185286889943946,0.0592728770729476,0.637895696086323,0.419047609026209,0.331053418026978
"2943001",2001,0.0139022831643996,0.645333378233431,0.170592389594584,0.0982713142708703,0.071896401471148,0.69914236223643,0.393166288553846,0.396827812194824,0.0793655624389649,0.251446477038335,0.7612715698129,0.451472441920963
"2943001",2002,0.767828353108397,0.121063378306906,0.23861338955676,0.700378203771048,1.19048343658447,0.0793655624389649,1.66667681121826,9.52386749267578,0.0793655624389649,0.499814011731063,0.13526727045982,0.221105971904706
"2943001",2003,0.724132559388327,0.243379192976384,0.626676640734074,0.449547822540155,0.728612275587251,0.396827812194824,0.622764042825086,0.396827812194824,0.561516296962494,0.396827812194824,0.396827812194824,0.252803951335043
"2943001",2004,0.0997843680593497,0.620486227556088,0.227685581427169,0.107029037971648,0.281903884377898,0.769013930820766,0.238096687316895,0.532068464960833,0.227407305167747,0.730583853314194,0.559047642927497,0.0772590521391275
"2943001",2005,0.0959167294669452,0.173142372422792,0.574075772771719,0.555558937072754,0.352160074711078,0.66663392988151,1.03175231170654,0.238096687316895,0.192067776685016,0.752522730133542,0.283579268309614,0.754298647622953
"2943001",2006,0.598990959194685,0.19625713264056,0.00913627832656448,0.295421395930912,0.15873112487793,0.715553939532896,0.720425751574604,0.396827812194824,0.490954340849364,0.0148506879763009,0.488077508558948,0.506962514610744
"2943001",2007,0.266478746119194,0.622719225794761,0.162985227881674,0.214458923869333,0.318417710414013,0.306472470157978,0.531071062120028,0.528497454413928,0.165114641169143,0.585114334492964,0.268412230673113,0.600451569039761
"2943001",2008,0.216319032323217,0.745638276180854,0.136012245465277,0.538223936698833,0.447770695432752,0.757061416780278,0.0963294688285205,0.491217609604166,0.653309365702945,0.494222899777438,0.568048249273065,0.44826619698301
"2943001",2009,0.304351390779987,0.321244382547882,0.301730382531624,1.26984899902344,0.395380298044446,0.445439508957429,1.5873112487793,0.460129127964156,0.573661837281628,0.538787594660854,0.035600014524833,0.543497180409815
"2943001",2010,0.524757254047784,0.289018859440819,0.669922615662945,0.477456321774737,3.17462249755859,0.154796430615048,0.347203413861932,4.76193374633789,0.0384320146323605,0.352888297080183,0.396850021601617,0.0475242285674759
"3210001",1981,NA,NA,NA,NA,NA,NA,NA,NA,NA,NA,NA,NA
"3210001",1982,NA,NA,NA,NA,NA,NA,NA,NA,NA,NA,NA,NA
"3210001",1983,NA,NA,NA,NA,NA,NA,NA,NA,NA,NA,NA,NA
"3210001",1984,0.153666681272748,0.705775446300275,36.6790628051758,0.273287437352145,1.10838273729305,22.9244142532349,NA,0.830400369772434,0.654814291667956,0.866666417561994,0.631754431770416,0.0991299478329118
"3210001",1985,0.986958955898658,0.0933530926295679,0.837307946025406,1.03989302866596,0.160640529603032,0.125688321756394,1.09383734109212,1.14622071266174,0.411503055985756,0.431980473496871,1.02171903460791,0.745669741272801
"3210001",1986,0.399649932034801,1.05821778512142,1.08126078437086,0.180398767268729,4.58488285064697,0.797145566534569,0.294065988418877,0.520220757799611,0.460434411747809,0.0222948530251492,0.918386839646365,0.914912999309991
"3210001",1987,0.34686869208353,3.43866213798523,30.9479592418671,0.448066458376597,42.4101663684845,0.22699083553968,234.975246095657,0.164895441637734,2.29244142532349,0.809702389428175,0.95926214689482,0.744241581556172
"3210001",1988,0.141156105200971,0.890550937367887,0.0882730523203483,0.971176816294538,0.596013148368141,0.474576393364484,0.480233554726078,0.663883295296643,5.73110356330872,1.12673509719519,0.785284816888611,0.114622071266174
"3210001",1989,0.316005917836047,0.151738763118162,0.417136994925698,0.882059906390676,0.276149509015754,0.797597310635545,1.14622071266174,9.16976570129395,4.58488285064697,0.335690343396404,0.119660437501813,0.704057225951362
"3210001",1990,0.00208785038752002,1.08501155827695,0.834175472298324,1.26084278392792,1.02330577830342,0.295851819491637,2.29244142532349,0.478564006561777,0.439953592110288,0.654252483920656,0.778447068826407,0.316802603341045
"3210001",1991,NA,NA,NA,NA,NA,NA,NA,NA,NA,NA,NA,NA
"3210001",1992,0.954458748994359,0.0900345974733608,0.845740334089686,0.064365366670367,14.3277589082718,10.3159864139557,5.73110356330872,0.573699113146601,0.302719902736157,0.414337334187468,0.528679546770443,0.627069731999937
"3210001",1993,0.564857347436219,18.3395314025879,0.203398893000209,0.733126439883463,0.410302418409635,0.283496222180232,6.87732427597046,16.0470899772644,1.0823841065695,0.315697951205087,0.70868996883596,0.284994909834682
"3210001",1994,0.716704870781706,2.29244142532349,0.837471894197947,0.0203678678666326,0.250934084459229,0.86738644980714,0.777608233302408,0.333596967088792,0.866525063052883,0.882126446677671,1.02571030239565,0.476816648766923
"3210001",1995,0.842665387203004,0.329690377234491,0.678801498686705,0.285136260607539,29.9163606004715,0.0792017412877628,0.668097405833267,0.492977102265242,0.0372886429744638,0.691685578225285,0.264878724863788,0.403252586676519
"3210001",1996,1.12910964451863,1.05104257456878,0.278084023260412,0.877060394103881,0.236182747790057,0.451925097943989,1.02160094014987,10.3159864139557,2.29244142532349,0.974447860487535,0.821921134683762,0.805962465604535
"3210001",1997,0.717461649888403,0.628765327994759,12.0353174829483,0.336690340114121,8.0235449886322,40.2323470144272,0.498883380249627,45.8488285064697,0.334862952553039,2.29244142532349,0.119619991748519,0.144360982999277
"3210001",1998,0.310765933551381,3.43866213798523,0.729869659641838,0.645906868227217,0.0832880054757796,13.7546485519409,0.647101439994502,0.328641587971398,0.694481476288572,0.761106349945347,1.05007317056805,0.786008772734509
"3210001",1999,0.55936233737573,0.564782797420656,2.29244142532349,2.29244142532349,0.0293112890499361,19.4857521152496,0.430585947007594,0.675091191883932,0.261636060457738,2.29244142532349,0.193790238145903,0.824275017318487
"3210001",2000,0.0794530297417969,0.761294104996463,0.911900951997375,3.43866213798523,33.2404006671905,18.3395314025879,17.1933106899261,0.847099518549025,0.913927026355869,0.414015692332062,0.615231281120198,0.786233871380361
"3210001",2001,0.349202007172151,0.64929091943429,0.573110356330872,0.323447912690507,0.779548987625478,0.37280723476437,0.5333152610447,0.828240062205503,0.00445041634408692,0.994747610033486,0.835447096304044,0.796723083976551
"3210001",2002,1.06828599311504,0.205466287929252,0.467867103862841,3.43866213798523,17.1933106899261,0.927243977641266,19.4857521152496,13.7546485519409,0.586467678110727,0.338513759239398,0.965431950633534,0.294990147180803
"3210001",2003,0.944992509478505,0.468540870071136,0.509553958101475,0.0164097371850523,0.532381224960812,0.660427322262024,0.0298438109686228,0.334638698567533,0.78169315137138,1.12106630514087,1.10375813517279,0.657778482366895
"3210001",2004,0.589514333813063,0.52830585222092,0.11714935837292,1.06613802025789,0.338706885156053,0.128322186744336,30.9479592418671,0.342777385286601,0.94408937168383,0.353142897975819,1.05741571327212,0.23703617632268
"3210001",2005,0.562484563891675,0.626603536067375,0.488878331499746,10.3159864139557,0.801628909687071,0.235002070618719,10.3159864139557,4.58488285064697,5.73110356330872,1.11114286072153,0.292429929102386,0.345530772248597
"3210001",2006,0.729111649973105,0.683639549545063,0.424659053706423,0.887210039897844,8.0235449886322,5.73110356330872,0.899705291989533,18.3395314025879,0.588945797071792,0.564348904075168,0.576873871664713,0.943472834749968
"3210001",2007,0.817375770243826,0.873885905663578,0.761616236834931,0.177316541891818,0.245561445533562,0.748798483549349,0.778797944202865,NA,0.21075254038577,0.0365220348502365,0.181402543207659,1.08104209873862
"3210001",2008,0.696669491650428,0.22836552465369,0.917427154443665,0.705024493882141,1.08357713392938,0.193437845316454,1.11449610704574,0.467052805655128,14.9008692646027,0.794424083181064,0.290335576831779,0.886671626439895
"3210001",2009,0.794321074116589,0.955843031475004,0.483484252612598,NA,0.864584958037434,0.44923074246537,19.4857521152496,0.81881898573086,1.06951146263779,0.143610109309358,0.765228294294316,0.251170250690907
"3210001",2010,0.762152794441999,0.618782646598049,0.572859106040007,1.13344633115032,44.702607793808,0.183339624525887,0.910722005245524,8.0235449886322,0.572201136447966,0.679781834166856,0.547541890171028,0.0572152805596871
"3441001",1981,0.0717295576209434,12.8196346664429,1.07147565115681,0.21170317676414,0.994273808845096,1.03705862171916,0.374324491000226,46.3948683166504,0.816020366773313,0.806267626702757,0.460667198839001,0.220762523035663
"3441001",1982,0.0580975087136762,0.400734811842971,0.690529041491354,1.02751024661589,0.540946642775637,0.758072612488229,0.758250783385979,0.749842904085305,23.1974341583252,0.916393072342627,0.860387108316213,0.179838245248801
"3441001",1983,0.749246824270665,0.655486028484818,0.670479100448094,0.897139721988929,10.3777994918823,61.6563381576538,9.76734069824219,9.76734069824219,1.04821381335381,0.547006185622382,0.495027391074332,0.992935701691257
"3441001",1984,0.143755455658781,0.892991164235863,30.5229396820068,0.839723683778076,0.421587729350302,12.2091758728027,NA,0.0022140566695221,0.0417097291886772,1.18161464439469,0.466416408224412,1.10065464700066
"3441001",1985,0.602417699252758,1.08911865495119,1.16311061396652,0.747212875210152,0.851180954328106,0.340491363093483,0.394666879991972,1.14654841217307,1.11429182152671,0.0119129679357133,1.07361825588759,0.311266141451192
"3441001",1986,1.08150168014672,0.768297647727681,0.271280896013197,0.114664736666247,6.10458793640137,0.716464752663063,3.66275276184082,17.0928462219238,0.601699140146566,0.11988136438433,0.0462582654315956,1.06064089128539
"3441001",1987,0.850922953573769,24.4183517456055,20.7555989837646,0.950720929203559,26.860186920166,1.01045423206088,103.777994918823,6.7150467300415,0.464386860754556,0.120762814182732,0.617321765788329,0.389866286165465
"3441001",1988,0.640705067196796,0.615540846220371,0.727748454314254,0.847268157129928,0.793416857294406,0.654369003473628,0.876398594764375,0.467573170070603,1.02360798520656,0.634341765700801,0.300492261059223,0.279984040632866
"3441001",1989,0.776143396087763,0.742357129884802,1.03105193548355,0.912698124886727,0.930396160503527,0.212176865125739,0.417185860680323,6.10458793640137,0.295084668153009,0.18020793622392,1.15513756912583,0.965553380346842
"3441001",1990,0.708631753963439,1.19913356733708,0.450204360586064,0.267499321023277,0.112368635699993,0.667676993654663,10.3777994918823,0.385441235519377,0.553043169890609,0.178240868088348,1.06230965585598,0.781257652142497
"3441001",1991,0.732942001823825,0.443248269950542,0.20294850306036,1.01347095107941,0.0864440265770517,26.2497281265259,39.0693627929687,0.833193575811565,0.550224303281759,0.306724711599698,0.919525667413923,3.66275276184082
"3441001",1992,0.988150170890282,1.16848969545839,1.58719286346436,18.3137638092041,20.7555989837646,12.8196346664429,0.782334961922981,0.591818146184057,0.79605829096271,0.976097381100191,1.11027286537557,0.931248435124075
"3441001",1993,0.356948854558751,3.66275276184082,1.14668076690116,0.270337057277426,4.27321155548096,0.217379527941819,3.66275276184082,12.8196346664429,0.516432632878335,0.24192148356208,0.584682862710821,0.720126468166357
"3441001",1994,0.603312932306533,1.46510110473633,0.289872521336083,0.0194874317432555,1.0108948934264,0.874882949206923,1.46510110473633,0.583522300783005,1.0431206018714,0.980305305463588,0.218402514009044,0.0866682529972931
"3441001",1995,0.0525380671836761,0.378725937249403,0.920058685431139,0.650415923363491,23.8078929519653,0.646610652158409,0.188096905111428,1.088994312005,0.400916024682183,0.286337390224488,0.704688423075284,1.14171390216322
"3441001",1996,0.888572652299946,0.769386174400811,0.922964215960188,1.20755328721226,0.45755775845418,0.622339352007755,0.240719335073714,12.8196346664429,0.244183517456055,1.01355214257506,0.918039226882363,0.459983290177881
"3441001",1997,0.374335073124599,0.3942674111929,38.4589039993286,1.14471962999712,5.49412914276123,57.3831266021729,0.208917727734264,61.0458793640137,14.0405522537231,0.164489560634952,0.402452599115281,1.16467607732057
"3441001",1998,0.950140614269742,20.7555989837646,0.384378210157035,0.590689809050767,0.189180169717607,8.54642311096191,1.83137638092041,1.11198076214519,0.0950506474746662,0.97321669664643,0.261254401962431,0.463724033904745
"3441001",1999,0.320080549322569,1.04480840380483,1.83137638092041,8.54642311096191,1.07967662556431,6.10458793640137,0.66790580444926,0.282629258463844,0.339989958696683,9.76734069824219,0.131464434180529,0.118553305217119
"3441001",2000,0.692955416351061,0.343572732109319,0.920720397669934,1.22091758728027,10.9882582855225,20.7555989837646,11.5987170791626,0.23846653053418,1.12818556438553,0.996147209857975,1.22027269682711,0.287558483973183
"3441001",2001,0.524564670541746,0.435987290135801,12.2091758728027,1.22091758728027,0.248322870585911,0.530523637439956,0.389456726171178,0.030859145593159,0.189736628678195,6.10458793640137,0.741844262135843,4.27321155548096
"3441001",2002,0.0411492242554848,0.963019463006554,0.415708066130411,9.76734069824219,20.7555989837646,9.76734069824219,32.9647748565674,19.5346813964844,0.324440102002805,1.01463659257474,0.614025710637968,0.69199764767813
"3441001",2003,0.176509517583345,0.529989909607972,0.0717474451236612,0.817259627743479,0.0520050881110425,0.805804081841506,0.853367237256221,0.168077388031073,0.48786731781068,0.155922891762478,1.08016777161688,1.07596708440774
"3441001",2004,0.375932145550799,0.727456614128674,1.13642594161427,0.380869470964825,0.895296801223828,0.716274549594832,13.430093460083,0.0637056073780058,0.575116197014187,0.220664616638785,0.0360455983662516,0.161820665918971
"3441001",2005,0.499958673824151,0.860930031049475,0.659366472399771,13.430093460083,0.350750331003763,3.66275276184082,6.10458793640137,0.167883736235263,15.8719286346436,0.166398013477947,0.340282295781027,1.16592285317389
"3441001",2006,0.229511257548433,0.191657328313277,0.953244526513674,0.654972014855471,0.506342052531778,20.7555989837646,0.761984948321019,10.9882582855225,0.830948540289899,0.834537479170098,1.02794126621237,1.1059288720511
"3441001",2007,0.639330633275221,0.0423078773302109,0.220489352655662,0.607118525870424,9.76734069824219,2.44183517456055,0.237215804506252,NA,12.2091758728027,0.871351408956421,0.135721740843443,1.1104736451671
"3441001",2008,1.19755736807019,0.0974355912678871,0.688583299921,0.725379939733899,1.83137638092041,1.21953027805221,0.490969262358247,0.649193343751042,2.44183517456055,0.759598402114563,0.0128174737799311,1.0387146184362
"3441001",2009,0.723352282071243,0.300454317380633,0.0724937114527763,0.216099047115568,0.461529537933665,2.44183517456055,7.32550552368164,0.804614047676792,0.435889909348658,0.780081859187336,0.982503357046649,0.00494980956908159
"3441001",2010,0.203204475569454,0.604621493882581,0.525076470868015,0.967734458914215,53.1099150466919,0.629571064826393,0.244183517456055,0.142656501218275,0.366275276184082,1.2011968627042,0.212772757608408,1.05726840355369
"3450004",1981,0.62172348498828,0.777861347836175,0.852004317545226,0.314344308885742,1.0996575077606,0.804803248097643,0.169744801210331,11.3558417320251,0.0170871157787363,0.611903786489907,1.12710001805459,0.610552523837964
"3450004",1982,0.283998558645015,0.0920819281661871,0.472784654787879,0.00469505550274804,0.319697282185061,0.681350503921509,0.801744604586957,0.120268359896443,1.70337625980377,0.985182715313751,0.483523674767253,0.737560945986649
"3450004",1983,0.189512051416688,0.0899801922758566,0.263859398749489,1.07156202234111,0.280414398735421,32.9319410228729,4.54233669281006,13.0592179918289,0.567792086601257,0.739351117510952,0.426568221255372,0.541438284875633
"3450004",1984,0.264579154135993,0.159268311254251,12.4914259052277,0.741099169778576,0.493374594268416,4.54233669281006,20.0998398656845,1.03199017004637,0.661063834193795,1.03014938756932,1.12734329032732,1.07295097292594
"3450004",1985,1.03308828724581,0.21554747574816,0.960867101757124,0.14633499729874,0.876755396444319,0.143494195655987,6.13215453529358,0.908467338562012,0.225071204385773,0.798059386170332,0.205156855381592,1.02805760470719
"3450004",1986,0.283532151240488,1.09967258827462,0.172861504845383,0.633664616558337,6.24571295261383,0.717200672023715,0.454233669281006,5.11012877941132,0.918102896308805,0.728790416010193,0.351174886382544,0.866449365712704
"3450004",1987,0.778429058316618,0.444378085679359,3.9745446062088,0.982227426084823,0.340675251960754,1.00017250537404,65.0689731245041,0.353023170910969,0.386532528604001,0.259124777553616,0.469302682103768,1.03330546547277
"3450004",1988,0.567792086601257,1.00682827967035,0.758121314312873,0.604147987092453,1.13558417320251,0.302271593703492,0.0774471373770022,0.982460499967279,1.13558417320251,0.813466151636627,0.610890195734106,0.0384338137857907
"3450004",1989,0.875765219259318,0.795305439267001,0.088765758643781,0.904559395677803,0.171331886170193,0.44061264734665,3.40675251960754,12.9456595745087,0.0703221538421412,0.019099079024556,0.385095611847561,0.0223186755654707
"3450004",1990,0.29196718241449,0.617970173306257,0.673272686199871,0.260822743700104,0.569914643896613,0.664904773188515,1.13226174721145,0.433218778434685,0.857862282493873,0.774589536499434,0.715845586694009,0.36670282713811
"3450004",1991,0.28733615821847,0.109262741325132,0.354640357409126,0.691658261283008,0.887002040034022,62.5706879434586,10.7880496454239,0.232491276011416,0.874626992762831,0.248423964786362,0.59916401086519,3.5203109369278
"3450004",1992,0.324536681978996,0.852380860294462,5.67792086601257,0.113558417320251,29.2980716686249,12.6049843225479,0.736851259435018,0.330412696111313,0.315512480660838,0.579539036293857,0.176529960907267,0.945938220718204
"3450004",1993,NA,0.41996960865632,0.840929279219766,0.574902856056954,0.374224349638596,0.0575288260924967,0.35110731609796,0.567792086601257,0.837979017533907,0.120396319923164,0.697473857646914,0.800602450446385
"3450004",1994,0.560976664082763,0.2626363962169,0.77618191498755,0.000845876519614197,0.646823907932673,1.1203193198229,0.0350201535536792,0.226199108753343,0.157244489458122,0.0577746463764106,1.04409161956075,0.0633696416065687
"3450004",1995,0.101380489767277,1.04798183746709,0.581616211122619,0.45174960284608,1.70337625980377,0.683433310814741,0.465592323327819,0.800409480572999,0.921676535525988,0.118284097976666,0.442692112662165,0.372394709191128
"3450004",1996,0.120152509070085,0.298900614311096,0.512733811564775,1.01152321778004,0.0327283582918867,1.11445536333318,1.08437222983855,1.08525913153264,0.183535450464788,0.652950674444007,1.07805436063812,0.989109449073126
"3450004",1997,0.318040269296568,1.08876626969396,0.524668274204052,0.0240848510484282,0.238906790859252,87.0993060846329,0.139065969300924,81.9891773052216,0.908467338562012,0.832664005027033,0.135298151379069,0.530774444049336
"3450004",1998,1.05830259917751,1.108890628545,0.493954529755895,0.869208291245326,0.406412420364153,3.06607726764679,1.07017777091604,0.493028368278092,1.00717459423427,1.03280473064403,0.657079999020083,0.930261830351377
"3450004",1999,0.425577815101017,0.75612057849744,26.1184359836578,0.374945272345775,0.70728219069873,1.02115564499223,NA,0.220336066554656,0.485591294752401,1.13558417320251,0.876397386464147,0.558112847053793
"3450004",2000,0.859248816738127,1.01576846906493,0.142681730418772,0.648334307459529,7.9490892124176,26.6862280702591,6.24571295261383,0.0692010595943066,0.209372846445148,1.03807195439088,0.889183575710753,0.858751751235844
"3450004",2001,1.0936208155728,1.01393959537396,0.919044252785297,0.91022071296584,0.814090078853043,0.725145426927666,0.595622186490486,0.39155493916195,0.395671260340939,0.953499218487428,0.0193362500307229,0.960909288699892
"3450004",2002,0.176112015157687,0.354659250553747,1.09478701942768,1.70337625980377,1.13558417320251,1.13218813329923,6.01859611797333,22.7116834640503,0.860513699775284,0.272509388786977,1.0066254159941,0.286220486789899
"3450004",2003,0.0227992584469373,0.712780421258272,0.963037054387091,0.924299567746074,0.0803425862844856,1.70337625980377,0.702842718140965,0.75497469263229,0.818072834486479,1.10779220940213,0.518086051157441,0.717793261373075
"3450004",2004,0.393231524435564,0.261969223933743,0.957911845049248,0.989889669555424,0.159063232709296,0.388802554062294,10.1066991415024,0.785825270595094,1.11296694407127,0.804066150265445,0.474854866674403,0.506505498730635
"3450004",2005,0.736846340824254,0.361325804124492,1.04156697462668,2.04405151176453,0.439821336128141,1.10509171758937,11.5829585666656,7.60841396045685,0.0949722794649228,0.156734391474886,0.0078528282024663,0.210797576532377
"3450004",2006,0.782890861467725,0.653864599545624,0.403834739147203,0.740808442945899,0.869950200077978,0.623296163915454,1.10862252922551,0.610149189294536,1.08858551636685,0.329989084295578,0.6165287223749,0.789820562168549
"3450004",2007,1.11252980429124,0.23676478914779,0.296068163439853,0.843227917386745,0.0403288144083244,0.567792086601257,0.846709228280676,0.472647807788893,0.409117621383834,0.580965400894429,0.628956724494142,0.42733819046763
"3450004",2008,0.144255902141536,0.712087834963038,0.905534690119091,0.310767338772554,0.552248637534432,1.13558417320251,7.9490892124176,0.0908096559759364,1.70337625980377,1.05779499315291,0.416903535010725,0.757047873452871
"3450004",2009,0.920813891892456,1.08891831539322,0.403006059125148,0.859555851424017,0.289031322002141,0.374419150209231,4.88301194477081,0.929841665502719,0.191961887355992,0.383528181236447,0.972435317071804,0.431791877897756
"3450004",2010,0.52961297637006,0.951096216299695,0.56852147509342,0.154783514662026,14.5354774169922,0.653691754122042,0.349273094941386,3.9745446062088,0.115336336710201,0.28814163142958,0.916246188563603,0.812458332970897
"3431004",1981,1.16142216655979,0.113105314680959,0.260709012337497,0.879302692114784,0.212250484295649,0.36416597934841,0.180737869173932,1.05078598259732,1.16465373204025,0.551320487931759,0.770246804768545,0.286845833643637
"3431004",1982,0.330410108901076,0.627972513835537,0.930793557622718,1.07056073064745,0.880911958912987,3.65747217178345,0.282110179824852,0.717238497711882,1.82873608589172,1.20529135384115,0.804592837894758,0.541578287420258
"3431004",1983,1.14118071355891,0.401493842093691,0.79738298395175,3.04789347648621,0.609578695297241,44.4992447566986,10.9724165153503,37.0623846740723,0.502718469223756,0.931604408204142,0.0551801138219033,1.14620411682758
"3431004",1984,0.00760652252295751,1.07166131029888,6.09578695297241,0.107009329731912,0.630018303616137,3.65747217178345,53.6429251861572,0.715801397118031,1.0274285740441,1.07959052708005,0.420468773659475,0.0456545221849837
"3431004",1985,0.410344197061901,0.497070825935485,0.626465387941313,0.96275639098516,1.19725819735293,0.663950714507275,7.31494434356689,0.652198112692294,0.580641533866118,0.556019615289908,0.852649426980023,0.216229835803413
"3431004",1986,0.978955144918537,0.524011756782265,0.0742894719257329,0.559776671127948,7.92452303886414,0.773564381819164,0.609578695297241,3.41364069366455,0.642827496016126,1.0319530852264,0.736446153577059,0.772202189437242
"3431004",1987,1.08279498022391,0.699470176964432,0.548996501631472,0.441014949351526,3.65747217178345,0.557129752697119,96.9230125522614,1.13931727619828,1.17857421913325,0.63848986335685,0.886833406882346,0.00138354184964592
"3431004",1988,0.858530296994933,0.081523636250917,1.2049570376176,0.471756803328029,1.21915739059448,0.204330331074877,0.949132202837057,0.212167378571644,1.21915739059448,0.000929071144209179,0.420298157315434,0.140730607637714
"3431004",1989,0.709621962410052,0.0380963178346046,0.707415354184382,0.215314069330024,0.98104759599724,0.00516280014629543,0.609578695297241,34.1364069366455,0.605437356988173,0.387280684602376,0.529418488194067,0.904433524071954
"3431004",1990,0.508902271358614,0.859299652195436,0.853845319350486,0.740384159012791,0.323966425848504,0.258812602692237,0.609578695297241,0.0777218374217325,0.0206802153327336,0.149862719830325,1.07619663757593,0.439147038117571
"3431004",1991,0.822098805044423,0.580629878689486,0.686368055288365,0.863949199351897,0.732703930980861,67.6632351779938,13.4107312965393,1.16455804037185,0.658760580331909,0.585157321265095,0.16971012794336,0.111747304083307
"3431004",1992,0.845559392283552,0.0797129250813273,5.36429251861572,4.26705086708069,49.9854530143738,24.0174005947113,0.496473428304292,1.17319120739679,0.388394264061993,0.432286456266263,0.728441285445814,0.764449214198248
"3431004",1993,0.943968144919508,0.349842444836458,0.0289117184587191,0.287940674270199,1.01093773616138,0.384127748134025,0.387878458912074,2.43831478118896,0.795456707135767,0.162767403211669,0.509046495795632,0.968862566407685
"3431004",1994,0.1303498649616,0.0107441471662285,0.415448866092215,0.917774503633793,0.135541482006979,0.757727758424789,0.855910161910205,0.188014799141005,0.0782215614935596,0.0315057298814756,0.0265068498878741,1.12803165212082
"3431004",1995,0.671745446559671,0.968835471954092,0.761165259465251,0.280322044386091,0.840117282613489,0.683363953949529,0.311492387902375,0.319417460368423,0.212647552546537,0.150495188586288,1.17331246807019,0.0972846261782181
"3431004",1996,0.498729281212442,1.18153779872136,0.694364602145793,1.0972049608914,0.0870972546908666,0.989149398807559,0.697248995226259,1.15909895746052,0.98096136017989,1.00970857856565,0.597974912999631,0.627316890563915
"3431004",1997,0.549800537936953,0.250537617184932,0.416814533453978,0.514237522701891,0.559653178485388,132.888155574799,0.0155814337846041,112.162479934692,0.110377058104907,0.207202279855696,0.105129948963935,0.197641562593424
"3431004",1998,0.106195318968281,0.667006804859999,1.12289466821915,0.601193683900656,0.115887352829116,4.87662956237793,0.980429460326732,1.01867410291561,0.397101318264513,0.971806386128393,0.993304592186558,0.146619634289265
"3431004",1999,0.0367446994172386,0.26178869896358,20.7256756401062,0.0233350110847195,0.818432282621742,1.21915739059448,1.82873608589172,0.994622031926191,0.147250848112546,1.21915739059448,1.11258237401667,1.04156415790438
"3431004",2000,0.987233926448177,1.20613510602676,0.183628944252884,0.0246269454033631,14.0203099918365,43.2800873661041,9.26559616851807,0.416984611037054,0.771994159294959,0.229669666364283,0.942990749074004,0.140997612803433
"3431004",2001,0.048288787964982,0.0649993469326162,1.21915739059448,1.15562613379781,0.589456342248746,0.953096815059712,1.02103856469789,0.0254759847131847,0.502154102635638,1.1918188311627,0.799666606609773,0.0115536048603722
"3431004",2002,0.30863272644817,0.344682091823084,0.77631808449005,4.26705086708069,3.65747217178345,0.76280611956981,12.8011526012421,30.4789347648621,0.677346596025588,1.05813224440163,1.01057154731599,0.414759067265288
"3431004",2003,0.826818512333428,0.229940302347448,0.508638266563498,0.0295506790288455,0.271868350901401,0.117402533455247,0.231679942770595,1.16226112950673,0.38792967157652,0.569953032646084,0.517081015649984,0.931669753267004
"3431004",2004,0.142423401971723,1.03332684507308,1.21757610558748,0.351068003122891,0.0488078756395621,0.100295376588106,23.7735691165924,0.927680377909937,0.176704871210088,0.73356652163341,0.580282809613516,0.986634045066485
"3431004",2005,0.0865153099617828,0.0795410682813221,0.96562454828536,2.43831478118896,0.100140272188471,0.0465580058734734,21.3352543354034,8.53410173416138,0.552218697553472,0.216667922555126,0.473254873893717,1.13731078474387
"3431004",2006,0.82733084619365,0.893671878244776,0.071864382503391,0.854417424169733,0.850474197464665,1.16488742514427,0.873397255678503,0.474839821510171,0.350028229941552,1.12926501449325,0.276130071061977,0.352262047015267
"3431004",2007,0.50857125355573,0.792657953204817,0.237169575813077,0.227815377721212,1.82873608589172,21.9448330307007,0.778583917533493,1.12622048706357,0.325428670796984,0.927810391320095,0.97558331707986,0.010097391877391
"3431004",2008,1.14259212422459,1.1298809062726,0.764592158439294,0.27955537532627,0.400685880326992,0.609578695297241,9.75325912475586,0.815471319345442,4.26705086708069,1.05388981546022,0.219851077325557,0.883969823373211
"3431004",2009,0.39112506059227,0.853809671711743,0.804873243391174,1.18340417003001,0.590745977040213,1.01840062410258,5.73003973579407,0.365008519747638,0.0264777712724523,0.119451790835402,0.0368790791188464,0.136251363446946
"3431004",2010,0.159354667008762,0.537294337550782,1.15481749276083,1.15909591280819,39.0130364990234,0.432009885964477,0.682217086556073,2.19448330307007,19.5065182495117,1.00443497192278,0.587243326798359,0.0200016720115006
"3430007",1981,0.83870526477915,0.545799196161866,0.169786282118195,0.0288265326445987,0.726858715944202,0.405944636338072,0.0246528016704563,23.4021159172058,0.292611027072768,0.667675331038813,0.765130476722819,0.462971748690218
"3430007",1982,0.910526682872704,0.603678808161473,1.09678114286826,0.41869571919675,0.322869015287463,10.2230295848846,0.414677244327018,0.458153066492395,1.84753546714783,0.346276083347478,0.823016561239773,0.596463111038447
"3430007",1983,1.08126964578433,0.802373586157896,1.00225548721312,NA,6.15845155715942,NA,18.4753546714783,46.8042318344116,0.493247054115038,0.104052211815611,1.04563363458936,0.167347906172525
"3430007",1984,0.581658324808826,0.324763848899096,11.085212802887,1.14622761996135,0.319481032433407,6.15845155715942,98.042548789978,0.102936723493102,0.583541609407672,0.0974599689569011,0.661021086224388,0.960343418929775
"3430007",1985,0.354272600071179,0.314732402546063,0.0293138191385616,0.901614004977466,0.807031807280557,0.154693509301933,15.3961288928986,0.679471255593855,0.887748280643586,1.10159837025525,0.98781895882981,0.967993807966282
"3430007",1986,0.414274492867107,1.16837950201197,1.18040428698013,0.269417786093812,7.39014186859131,0.761981678477577,1.23169031143188,9.23767733573914,0.565678773812934,0.560861574243143,0.314949781051794,0.792925561391658
"3430007",1987,0.121692258602789,0.334412124232603,0.798680353134046,1.12266398867534,14.0412695503235,1.07707254205392,117.503255710602,6.65112768173218,1.23169031143188,0.615845155715942,0.807125706386784,1.12830710468743
"3430007",1988,1.06870296113076,0.296773942605207,0.499380479232204,0.280291600611571,0.650403280272141,0.169465293722792,0.156155052183948,0.0574649805882736,9.85352249145508,0.189873100769979,0.172508120770969,0.7768936635891
"3430007",1989,0.892709766017451,1.22108311358284,0.975290075168782,1.07430579611797,1.10792082815231,0.580504972689998,3.07922577857971,40.2762731838226,1.12588552832256,1.2066958835853,0.789508510138141,0.890929652255372
"3430007",1990,0.74919316513998,0.904826520094409,0.213898770570339,0.441423716947956,0.689881665973529,1.14607346794164,6.15845155715942,0.871824580274343,0.863311354203011,0.568988225846305,0.523975501999245,0.853005389089308
"3430007",1991,0.581341805518887,1.2220530505621,0.710980840538936,0.133982143485364,0.378606616066911,100.998605537415,18.4753546714783,0.664984440310479,1.03837281022654,0.315298079914391,0.840597614343585,6.4047896194458
"3430007",1992,0.815996799290086,0.224052183009895,11.085212802887,14.1644385814667,68.9746574401856,34.4873287200928,0.562717835436821,1.03319576077394,0.899048978184823,1.06800757789874,0.414481356758371,0.22382287694805
"3430007",1993,1.21686983400779,0.116113831343715,0.0369889978878301,0.168862830259528,0.8696142176077,0.341474557192091,0.265516871008916,4.3109160900116,0.0943393377765165,0.975037682839147,0.15687023237166,0.0447075749089279
"3430007",1994,0.926882313223015,0.334053804869292,1.1569435842058,0.575402790504289,0.163867543547508,0.942392133245299,0.118527874983144,1.23169031143188,0.505328077143197,0.337691944639924,1.18679527383755,0.602596594370988
"3430007",1995,1.07821333943917,0.155114486475954,1.07209993324174,1.13317509416107,0.615845155715942,0.898482012622081,0.773368668124811,1.17880993331881,0.630770853846275,0.685808515682115,0.307048491777268,0.772118839077053
"3430007",1996,1.03355890369692,0.164864790420416,1.00144223705998,0.699660758424812,0.567383772821081,0.135593047806567,0.588819912030958,0.870139648077399,0.38431843482516,1.00334404189112,0.228923841486055,0.392815663139283
"3430007",1997,0.311614968909693,1.11772390992664,1.12515263259391,0.710792646863418,0.204377604924202,130.55917301178,0.683093047167925,145.339456748962,0.328703184697842,0.831577056475232,0.749330390250673,1.1045199716706
"3430007",1998,0.647247634120751,0.732466056457328,0.208956448665647,0.237428892168617,0.669620112295391,7.39014186859131,1.03289126826435,0.268323717588126,1.11631125591535,0.0797192778228895,1.15249180254704,1.09226239517424
"3430007",1999,0.304194100156143,0.766986402102681,26.4813416957855,0.779279461013702,0.655597248317273,3.07922577857971,0.615845155715942,0.756591226084507,0.0972681157424434,1.09851078045862,0.885254884859162,1.02772117942057
"3430007",2000,0.433393220225121,0.606659647879471,0.401200267070587,0.799966852993089,0.802719602863069,52.962683391571,10.8388747406006,1.1282979892494,0.969081340577291,0.779942700755272,0.262668933264747,0.460993933219274
"3430007",2001,NA,NA,2.70971868515015,0.822139817039296,0.655228376771935,0.0787444871725505,0.182319327461623,0.43300732770849,0.747578744954237,1.06313578492499,0.608352871035609,0.73765098735407
"3430007",2002,0.218115672690314,0.360608883689719,0.442209226471036,8.00598702430725,6.77429671287537,1.16197318328947,26.4813416957855,35.7190190315247,0.449106758500972,0.180392196074459,0.673200494383977,0.781073403651789
"3430007",2003,0.0570775635744242,0.379726940567201,0.83489397670961,1.04760385539141,0.262999106497793,1.07110370700194,0.453233811354775,1.00144588570146,0.735314233658829,0.589848823192874,0.645415985125957,0.493026135082096
"3430007",2004,0.168785514218793,0.65014989254562,1.08094584039566,0.413599280545708,0.51964288090475,0.0848074022859415,30.5459197235107,0.637543958971287,0.361962059941022,0.135003212778123,0.544089720018547,1.20718156700563
"3430007",2005,0.761832634211814,0.266210214408595,0.557565725680438,8.99133927345276,1.01095852093107,0.13354089675004,23.6484539794922,5.91211349487305,0.711715316399209,0.800949317749065,0.124648398081902,0.782480203433163
"3430007",2006,0.314905134447309,0.742207459184868,0.362205156450993,0.951567333519033,0.310402228504759,0.452195512891892,0.507546257589875,0.953660530430029,0.497310264489581,1.20157657690243,0.104514268396806,0.906934409361685
"3430007",2007,1.224627357115,0.233874089285051,0.457708610742046,0.505273302784056,0.54779860179413,1.23169031143188,0.897809222691202,0.771907623658177,0.563247334100188,0.736200720474806,1.02412709176933,0.914034060586408
"3430007",2008,0.239534146544916,0.0636336704576847,1.08182330038716,0.295054133376154,0.615845155715942,1.21661409214326,14.1644385814667,0.962754034457889,5.54260640144348,0.75329183154586,0.330883687178563,0.841762609537481
"3430007",2009,0.302171079729308,0.012145500427817,0.0748939278137752,0.751667957240516,0.938012549262642,1.84753546714783,8.62183218002319,0.363850611454073,1.1285253991533,0.0573535253881411,0.145700603163316,0.395157339618431
"3430007",2010,1.07868599695418,1.13790700619856,1.2183864750182,1.0508968783576,44.9566963672638,0.792200736665582,1.23169031143188,6.15845155715942,24.0179610729218,0.882935589754244,0.391905311173944,0.272251802333567
"3404002",1981,0.730726392542654,21.0168360900879,0.667109771047685,0.391781775025853,0.979255035585659,0.0217084484987438,0.854521778284966,65.3857122802734,0.723715427927649,0.401136823857223,0.0562009199906567,0.244733142364295
"3404002",1982,0.503319446745731,0.94895494645412,0.75195048124461,0.267802800344561,2.33520401000977,0.583801002502441,7.0056120300293,0.756639754218216,30.357652130127,0.979357448246109,1.07651537032825,0.227664311977008
"3404002",1983,0.46224718229317,1.14305610734492,0.123822945709107,7.0056120300293,14.0112240600586,118.511603507996,10.5084180450439,8.17321403503418,NA,2.68548461151123,0.785942232794518,0.639003240834967
"3404002",1984,0.813478505923577,0.417856244441179,25.6872441101074,0.255649146958653,0.466457626058128,29.7738511276245,71.8075233078003,0.333363493165316,0.676398397635107,0.829237072995741,0.112296611462038,0.140968473859932
"3404002",1985,0.929878399209019,0.446794588267895,1.63464280700684,1.11078624775819,0.469398170503995,0.226795752193707,6.07153042602539,0.463970552595823,0.665238626877028,6.42181102752686,0.0383929989745816,0.299816501596425
"3404002",1986,0.19674963868507,1.09537942734227,0.599526177805963,0.119886592825027,22.1844380950928,0.46329387899298,5.83801002502441,39.698468170166,0.445579088470549,3.73632641601563,0.847989484659857,0.186333362854761
"3404002",1987,0.790884022896858,6.07153042602539,7.23913243103027,0.305079450755491,18.2145912780762,0.653367328719198,90.6059155883789,48.4554832077026,3.73632641601563,0.146030130978381,0.931651069333117,0.677480817519401
"3404002",1988,0.153352425242158,1.06273261484034,0.793667151373849,0.130656650950786,10.7419384460449,0.446930527808189,0.859451999660493,0.449353844550371,4.90392842102051,0.560346800369098,0.634474483504144,0.0708812213722623
"3404002",1989,0.745387973274874,0.421821783247994,0.643825795980647,6.30505082702637,0.852656980534882,5.25420902252197,2.56872441101074,41.2163507766724,0.0391741515965282,0.212084874086724,0.100759317168201,0.733572067719722
"3404002",1990,0.836667530165757,0.449917326500446,0.0876134073822558,0.753775174346925,0.37067687207507,0.95278708428887,21.6006370925903,0.0909691284365504,1.16542220051523,0.146453492280926,0.907472198672411,0.68293183114205
"3404002",1991,1.08425780633326,1.10366878071829,0.924268489918748,1.01827539801121,0.114346876387116,50.20688621521,14.3615046615601,0.916980649827194,0.198742900819035,1.07960656322131,0.510372450518198,15.7626270675659
"3404002",1992,1.06484602998032,0.796633080686448,0.844977634937001,23.9358411026001,22.4179584960937,19.2654330825806,0.945258645670885,1.00457103284689,0.766151177547602,0.324353263346776,0.104365625191193,0.982627597150351
"3404002",1993,1.08368271107239,0.228239757928924,0.109913844663701,0.817471249112775,6.18829062652588,0.9230485069849,0.136999521932093,19.2654330825806,0.607975120347945,0.524312629586883,1.01160235249468,0.613795009845681
"3404002",1994,0.57788647453955,2.91900501251221,0.698559610026391,0.742744170817555,1.06941898960711,0.0680849506802463,0.583801002502441,4.08660701751709,0.510156207892899,1.01281855367412,0.187849929014697,0.0602270049274481
"3404002",1995,0.314529223685878,0.123921563294328,0.0920069175837159,1.15064686539344,17.0469892730713,0.387650660294715,1.0501109849104,0.605254572552722,22.7682390975952,0.670818179371424,0.96612916249202,0.584525893677841
"3404002",1996,0.431189485501748,0.714650982904057,0.985290511182427,0.596479936709047,0.0925702695878047,1.10366004117112,0.916456818801353,13.4274230575562,13.5441832580566,0.758986192142411,0.470540749670697,0.655850943389087
"3404002",1997,0.579479037080927,0.735453468652076,18.6816320800781,0.550431082999798,2.68548461151123,136.492674385071,0.319955224065568,23.5855605010986,10.274897644043,0.592118074879565,0.673497590019186,0.980699114449475
"3404002",1998,0.927896862933207,23.5855605010986,0.931508453613923,0.417771018088813,2.68548461151123,17.3972698745728,0.823442314725396,0.374492675046982,1.0357871569023,0.161468959428495,0.0953763297253048,0.583801002502441
"3404002",1999,1.13320880028441,0.583801002502441,12.2598210525513,0.0920314001685926,0.0916947576942738,0.00075591863392308,0.197058830477711,0.704966882292531,0.950852954102838,27.6721675186157,0.747801481269972,1.15614176895236
"3404002",2000,3.73632641601563,0.724095600132316,1.00770024364005,16.9302290725708,14.595025062561,26.1542849121094,13.3106628570557,0.0782637597367481,0.687931571716898,1.0135533881641,0.0677786228645051,0.583779059573208
"3404002",2001,0.176961300070444,3.73632641601563,35.9621417541504,6.30505082702637,1.63464280700684,0.472629977730587,0.979633437480161,6.30505082702637,0.987474761836505,1.16760200500488,0.833812611968794,0.810169612998466
"3404002",2002,1.04333884932723,1.06334744067852,0.551828600150887,23.2352798995972,76.5946915283203,7.0056120300293,13.4274230575562,14.0112240600586,0.990247060484567,0.408138823830343,0.655865183892358,0.736014489512176
"3404002",2003,0.0111341700396478,0.388746107399992,0.878877785441203,0.624361675046771,8.75701503753662,0.0670862124765813,0.0978667124605853,0.0228174137924732,0.362609975624112,0.159224390457696,0.307182790731934,1.11803176243052
"3404002",2004,0.703124723416708,0.805201195658779,0.583801002502441,0.156326551754137,0.90981817498932,0.973638783408913,22.1844380950928,0.622368170147608,0.997124376468945,0.235281736137922,7.23913243103027,0.803852920696186
"3404002",2005,0.296217035311133,0.790728146706354,0.200697360211768,12.8436220550537,0.435249886781025,0.583801002502441,4.67040802001953,3.50280601501465,4.08660701751709,0.407069132671859,0.80828809707207,0.931448904098974
"3404002",2006,0.0820352217673903,2.33520401000977,1.08671482638822,1.07381391969954,3.50280601501465,0.583801002502441,0.443022778536592,10.5084180450439,0.871976175538296,0.0194936458579595,0.764001368016778,0.0969021943632575
"3404002",2007,5.83801002502441,0.931682391480864,0.263770224632975,0.7868495915131,29.1900501251221,37.3632641601562,0.856534439342864,0.224268879918851,17.5140300750732,1.07175119980515,0.14566305857959,0.612811513653678
"3404002",2008,1.01937287830901,1.16760200500488,2.33520401000977,0.350284868568785,1.16760200500488,1.75140300750732,4.08660701751709,0.482821120237873,NA,0.189383856284535,0.573467452243909,0.608327618407335
"3404002",2009,0.068755968370474,3.50280601501465,0.109969936745502,1.02764996565391,4.08660701751709,2.33520401000977,17.5140300750732,0.541368058682734,1.14790078375575,0.575342748705329,0.137012414857433,0.992523254991648
"3404002",2010,1.16760200500488,0.759968847763311,0.685205848646093,0.577726513206106,52.8923708267212,0.26001803538623,1.75140300750732,0.533930491999297,3.50280601501465,0.432026213411941,0.306989396851819,0.596570666464202
"3604001",1981,NA,NA,NA,NA,NA,NA,NA,NA,NA,NA,NA,NA
"3604001",1982,NA,NA,NA,NA,NA,NA,NA,NA,NA,NA,NA,NA
"3604001",1983,NA,NA,NA,NA,NA,NA,NA,NA,NA,NA,NA,NA
"3604001",1984,NA,NA,NA,NA,NA,NA,NA,NA,NA,NA,NA,NA
"3604001",1985,NA,NA,NA,NA,NA,NA,NA,NA,NA,NA,NA,NA
"3604001",1986,NA,NA,NA,NA,NA,NA,NA,NA,NA,NA,NA,NA
"3604001",1987,NA,0.717900481460384,0.661258780645901,0.661217333979924,21.3709743368626,0.79358946556504,88.5368936812878,1.0176654446125,0.503819098806814,0.74345798413518,0.344195124927033,0.100328509780307
"3604001",1988,0.902213217442892,0.978441533509442,0.595657612036617,0.942577787367314,0.37777146610583,0.877581499773003,0.287360578004155,0.533291887384862,0.259657892031152,0.685390203302439,0.0910024407965531,0.994173906189925
"3604001",1989,0.371898007563308,0.759348176958475,0.68672834308792,0.251186506223603,0.942585307723424,0.362342720428415,4.07066177845001,15.2649816691875,0.323370722418013,0.689356220984463,0.00862046888834926,0.161729886129069
"3604001",1990,0.0237264211867651,0.955477812532689,0.109334682969574,0.58146191758547,0.794970508272481,0.558585565333287,0.606288073388477,0.485962098641915,0.248264393061451,0.832142294057097,0.441927594935832,0.0521606284221193
"3604001",1991,0.711191740928796,0.888602791465798,0.1452963773725,0.00612349480413105,0.5205486066379,83.6520995471478,13.2296507799625,0.493349250690108,0.401709063839547,0.548319616274716,0.874403733835765,0.555021182624941
"3604001",1992,0.998891470431146,0.409059495537756,6.10599266767502,1.52649816691875,19.4374099920988,20.4550754367113,0.097028031411415,8.44662319028378,0.427819534112313,0.437849986959457,0.336956843658085,0.598463098192175
"3604001",1993,0.209803423377088,0.507875871849718,0.387370290697914,0.605753495938877,0.183098359237049,0.698959059639776,0.317055121006777,0.361004520696178,0.930623502605301,0.657011261289676,0.190104062730129,0.920040917386731
"3604001",1994,0.115395794525408,0.338374488243661,0.605060505276382,0.267153982736745,0.103245364213971,0.395775613758441,0.485588039413045,0.294437388775639,0.724847924525555,0.89905772160712,0.851267524242533,0.134988357064356
"3604001",1995,0.183609007979281,0.865361196185953,0.658748184431397,0.522427271396807,0.539697907696925,0.985855140558738,0.866274029611246,0.984797688071962,0.832750273584843,0.49218408952068,0.485299920138232,0.42397455675025
"3604001",1996,0.688142294905922,0.55161605451657,0.603936515444351,0.379005328390386,0.644826809890891,0.17112980619928,7.53072429013252,0.113321043453002,0.81490995757367,0.35433787558242,0.291233934824056,0.251390411679218
"3604001",1997,0.156765061184748,0.999871204436386,0.979058905722418,0.177005827998755,0.248966721912126,109.90786801815,0.62927568018579,61.9758255769014,0.501441067853862,0.856038447257331,0.895963767869509,0.0315185029107897
"3604001",1998,0.16994226380179,0.138407309179044,0.671488472579423,0.301970270914327,0.343457075391846,3.86712868952751,0.05272250202296,0.850717931670632,0.915063177352127,0.242116845628395,0.742669850388357,0.181467574078189
"3604001",1999,0.447608795227282,0.916850551731277,0.653875399319759,0.888773159673101,0.578793294376303,0.354869955882361,0.785052130743446,0.739040436585861,0.757439704445103,0.217881523633077,0.962645223703874,0.579042530715978
"3604001",2000,0.0338907841879048,0.0383836414491007,0.144685785540456,0.32255303800064,13.2296507799625,40.7066177845001,10.176654446125,0.857869184466163,0.405511776842922,0.100318923038185,0.32557482698011,1.00598433484917
"3604001",2001,0.118089992489831,0.231219032406238,0.820306658379219,0.444983276816109,0.32798214725471,0.333024355168289,0.577545954734063,10.176654446125,0.0191649841256169,0.540052770694956,0.664634507121308,0.169776403922276
"3604001",2002,0.775936367301602,0.804946704092481,0.933751313228276,0.598505705645342,18.3179780030251,10.176654446125,19.3356434476376,22.3886397814751,0.0747074656764069,0.349700748040867,0.51711004766894,0.740061651850859
"3604001",2003,0.233138469726295,0.351023160451284,0.27394414138881,0.34333816306326,0.724754658983111,0.236896853406631,0.754853786434593,0.247159909856506,0.792556565895339,0.140402128952694,0.671462937867651,0.76612572807318
"3604001",2004,0.65712554089503,0.547889124401644,0.0898245787339471,0.769156517596058,3.56182905614376,0.0987438028259375,33.5829596722126,0.232995668022994,0.209567939249789,0.462034383829946,0.641000304659719,0.226524401945788
"3604001",2005,0.0143136428927594,0.847230788580605,0.343044599059153,2.03533088922501,0.783068132662485,0.0852120390771386,6.10599266767502,9.15898900151253,0.964189251926799,0.756664546683094,0.881659066995063,0.430456105236282
"3604001",2006,0.232534058570679,0.190751170429742,0.66524311265431,0.249266052415072,0.443040487983538,0.305175709743288,0.0444736719835799,0.427012307205161,0.0899688153682981,0.706562567350326,0.995256093466539,0.384015091603055
"3604001",2007,0.879699876445656,0.770495758695858,0.0631011839184078,0.0211564220018296,0.71204638169208,0.928661418973311,0.802466950365582,0.64445026938759,0.619300357266384,0.734907054431826,0.230378646175977,1.00252940070107
"3604001",2008,0.607492625974225,0.358165542311612,0.816841537310603,0.829366493156112,0.744434713931241,0.294223921693934,23.4063052260876,0.874379911042231,0.785568291743925,0.615525258866583,0.492456827358232,0.776091855918401
"3604001",2009,0.149053608321733,0.831402105631126,0.391594183213045,0.547638944078266,0.671474784578788,0.321279941156494,10.176654446125,0.533499188717593,0.449621340048335,0.340733328178534,0.443475879852337,0.0268899017882997
"3604001",2010,0.43152896735662,0.439533784954091,0.924846517585983,0.183446397071788,39.6889523398876,0.815373793348995,0.605502265007131,0.183427027872047,0.626675769938935,0.782122089682018,0.565182655860709,0.766945872440053
"3430006",1981,0.864628279642965,0.517872453766076,0.153038457551125,1.10136453027268,1.07018093206402,0.456216014993385,0.340016980458969,23.9721134185791,0.910611577739029,0.32142224035268,0.219111921900965,0.370502826063323
"3430006",1982,0.900581558786174,0.739958558146483,0.173254997432821,0.604166429752165,1.02966970149953,5.99302835464478,0.686850221781895,0.0194567414498339,1.79790850639343,0.59188281488491,1.13284487034216,0.442128474529918
"3430006",1983,0.417676972100645,0.00100007674494205,0.284700066700608,3.59581701278687,17.9790850639343,71.9163402557373,11.9860567092896,47.3449240016937,0.05761746495397,0.511010217443159,0.925271077648913,0.0522355988371356
"3430006",1984,1.08878525662354,1.18788641414155,15.5818737220764,0.601276747522919,0.0745232356929899,8.98954253196716,82.1044884586334,0.44592285027806,0.00990383062882874,0.919912687079641,0.181963958411929,0.328670539478588
"3430006",1985,0.828100306704611,0.495039668760537,0.636007011475825,0.217317451547583,0.616183026452075,0.743121261384587,9.58884536743164,0.599302835464478,0.863108992549303,0.497645150351403,0.341962454788307,0.307106632098101
"3430006",1986,0.712392998937423,0.594542281304861,0.193693656404107,0.729100181390697,11.9860567092896,0.812960722637685,2.99651417732239,17.9790850639343,0.722478428219803,0.599302835464478,0.263389170299125,0.202108646429569
"3430006",1987,0.00806012385864979,1.79790850639343,1.10812280692486,0.56751625503516,10.7874510383606,0.559198281365848,112.668933067322,23.9721134185791,0.599302835464478,2.39721134185791,0.542997884690999,0.00905609098740767
"3430006",1988,1.01921562351506,0.393357961397596,0.873931801841211,0.648261929076895,3.59581701278687,0.892613022493531,0.642462665380186,1.05753580660161,2.99651417732239,0.199241282435765,0.828346469532621,1.09340088332375
"3430006",1989,0.785858706143315,0.335547828673116,1.13100102487313,0.599302835464478,0.058002828681276,0.638242556725794,2.99651417732239,48.5435296726227,0.711015170994732,1.10320677861191,1.06608154917579,0.540003136549093
"3430006",1990,1.02894711705711,1.12885204444898,0.727244390518224,1.11614075098458,0.36002203864345,0.25947147229773,12.585359544754,0.595777940137082,1.0397023657771,0.119188376211952,0.520346310707825,1.11683752292943
"3430006",1991,1.00217895510982,0.524852217409468,0.0671262854482523,0.646839591641143,0.500316306544729,96.4877565097809,12.585359544754,1.13144470518713,0.904925645234251,0.420449142079309,1.03438775688078,8.39023969650269
"3430006",1992,1.10653375933368,0.758577551016217,10.1881482028961,9.58884536743164,54.5365580272675,32.9616559505463,0.867881033875927,1.13687384779719,0.777579977271334,0.429537296780004,1.04595329850659,0.106341747834476
"3430006",1993,0.608062767851813,19.7769935703278,0.382048770406963,0.463819719174388,0.136616477047031,0.309957109716402,1.79790850639343,13.1846623802185,0.122924114161387,1.05482836489182,0.397565321758025,0.914001007547586
"3430006",1994,0.875003689705679,4.19511984825134,0.751849687644751,0.980845986056373,0.787049512781897,0.941243487742641,0.972965946047754,0.991096449945111,0.732855648623424,0.189744086691051,0.0948775308803509,0.112436633475552
"3430006",1995,0.191551142081201,0.382916879802214,0.0982747308942192,0.475260785979053,1.0740901889707,0.907789590873537,0.102868976483205,1.1109388453679,1.19860567092896,1.04678297604163,0.834898492903933,0.840915355279874
"3430006",1996,0.64588734953369,0.989737719466411,0.36004276756311,1.1113686061222,0.413607701653365,0.368712171742245,1.05041023921233,1.79790850639343,0.776132639996046,0.776432453882875,0.0962514091151871,0.00494859882122324
"3430006",1997,0.364218257049094,0.691513976424406,0.599302835464478,0.77646640161211,NA,127.052201118469,0.864928103018245,117.463355751038,1.19860567092896,1.08018264082373,0.0483044445357836,0.918815315464565
"3430006",1998,0.251926188239174,0.584163170745706,0.931471169855004,0.418382893704336,0.687814648736682,6.59233119010925,1.19860567092896,0.499119720322338,0.878029886764971,1.03979188123254,0.693203679472305,0.399500113485305
"3430006",1999,0.943584223929587,0.0206165317328331,22.1742049121857,0.0202084822320916,0.77012387573517,1.19860567092896,0.599302835464478,0.61824453032177,0.0893584673230399,10.1881482028961,0.225237975712863,0.398144996990686
"3430006",2000,0.488764545500687,0.908854955426969,0.839376613788968,0.599302835464478,28.7665361022949,58.1323750400543,6.59233119010925,1.01917094602057,1.09686183959826,0.169253775933684,0.538870878127063,0.204512941294088
"3430006",2001,1.14832886932464,0.511327739014771,8.98954253196716,0.0161072585840879,0.530378119908392,0.765659069102378,0.189844080746826,0.599302835464478,0.106129657480945,0.329105262693501,0.979015503677211,0.403227185686964
"3430006",2002,0.27558714713911,0.934287754442205,0.641865621256306,14.3832680511475,23.9721134185791,0.62038134013127,33.5609587860107,31.1637474441528,0.612464307158335,0.456333276358123,0.657168768940394,0.6882801868171
"3430006",2003,0.703382820617746,0.37460069833412,0.647861730991455,1.15930210658763,1.01759450495472,1.12561998732145,0.275036777270804,0.829312930923234,0.911542171663225,1.05907207132737,0.602828644753099,1.00684627489879
"3430006",2004,1.10692810918357,0.346943450255868,5.3937255191803,0.476320192063441,0.390574806023613,0.185260324362912,31.1637474441528,0.508122060901248,0.887223569800847,0.599462248162779,0.710184906012866,0.123827775113404
"3430006",2005,0.37497657612066,0.481476809575822,0.465567646157025,18.5783878993988,0.241521229182135,0.176853883154004,11.9860567092896,7.19163402557373,0.872747111905571,0.847965479146789,0.852845340269853,0.452732717041377
"3430006",2006,1.06625552748576,1.04590089796999,0.50096611092919,0.774113799278203,0.168735380475583,1.19860567092896,1.15650959141348,0.025640921242153,1.15528594245037,0.399909007179239,0.903775248240071,0.468957654203035
"3430006",2007,0.370639248241423,0.202986662327286,0.0998643257458423,0.775506930141134,5.99302835464478,1.79790850639343,0.310400157373876,1.17335081779216,1.14843835462355,0.168941961666199,0.11253779154118,1.07934272552762
"3430006",2008,0.365802126735973,0.935798808628964,0.2367941857248,0.299618603873067,5.3937255191803,0.599302835464478,15.5818737220764,0.425036888636536,7.19163402557373,0.772180442818886,0.565042446093818,0.011843794120819
"3430006",2009,0.971657039153612,0.166736624299853,0.337017838047305,0.0824838357324042,3.59581701278687,0.705700710843854,12.585359544754,1.02663916040346,0.769535387125576,1.02760088817261,0.679116374824786,0.55504733041317
"3430006",2010,0.98627997726562,0.483110573731581,0.225367874579928,0.881313079116064,54.5365580272675,1.04291162159533,0.374587179522005,1.79790850639343,13.783965215683,0.725783704385748,0.85936687249933,1.07612529596578
"3701001",1981,NA,NA,NA,NA,NA,NA,NA,NA,NA,NA,NA,NA
"3701001",1982,NA,NA,NA,NA,NA,NA,NA,NA,NA,NA,NA,NA
"3701001",1983,NA,NA,NA,NA,NA,NA,NA,NA,NA,NA,NA,NA
"3701001",1984,NA,NA,NA,NA,NA,NA,NA,NA,NA,NA,NA,NA
"3701001",1985,NA,NA,NA,NA,NA,NA,NA,NA,NA,NA,NA,NA
"3701001",1986,NA,NA,NA,NA,NA,NA,NA,NA,NA,NA,NA,NA
"3701001",1987,NA,0.410782227891356,0.525543472766876,0.889441047833473,12.613043346405,0.221845209770929,86.1891295337677,0.743682921383864,0.553153772423543,0.482331338596991,0.395316360524545,0.390230270158709
"3701001",1988,0.0432760691309158,0.295378360694767,0.300566962062801,0.954496898230124,0.105108694553375,0.419491505196157,0.300745288947469,0.833635000869794,0.0729559255524441,0.488385389276057,0.140077101169658,0.785632093879808
"3701001",1989,0.869403956297076,0.16734252225712,0.0969277546888291,0.571827004023198,0.600926110050829,0.79820805705541,7.88315209150314,15.7663041830063,0.169650562554544,0.19635069033963,0.482033655536987,0.0269780886819119
"3701001",1990,0.261115335064196,0.0978032394481906,0.681404884651035,0.733861635302217,0.55760492239391,0.554479027930989,7.35760861873627,0.52490646052744,0.82919582432701,0.154110444323237,1.02237851938477,0.722573730864402
"3701001",1991,0.413580144510844,0.754499811453539,1.02900316754129,0.216148431771355,0.272128180801927,130.650107329845,8.40869556427002,0.586645698892366,0.979118107775358,0.20992065308452,0.625958541467482,0.679442463461422
"3701001",1992,0.490403757594537,0.600951540185739,9.98532598257065,0.870120379677631,22.0728258562088,20.180869354248,0.599841672999556,5.25543472766876,0.784190429423212,0.589178177695524,0.00560606715948349,0.0642901305406239
"3701001",1993,0.157957858080597,0.358122904935533,0.933487738667175,0.734684845769263,0.610039213140543,0.607300113787654,0.241178070383455,0.70463408155621,0.434855212007328,0.511315439174782,0.0781892208481723,0.714503135314693
"3701001",1994,1.03930114610633,0.195860644178242,0.0405101070215044,0.841106819318961,0.50767044085318,0.532770859391554,0.140760202270712,0.962557247867789,0.292034885172342,0.314678478781911,0.845801602820053,1.01081894985192
"3701001",1995,0.756726919397688,0.736073276610563,0.375947027284377,0.257919851018617,0.805446909547503,0.128181735555802,1.025237756076,0.213454501847323,0.152749126347668,0.468990200568493,0.833802471742369,0.116197876802072
"3701001",1996,0.955984665008227,0.805500928241401,0.776173388078876,0.456280795321612,0.176412763921811,0.830563493167545,0.318681008457595,0.746517861996984,0.753988858414037,0.578926932598412,0.196843960022012,0.5713390531994
"3701001",1997,0.0175127735861522,0.831839581169726,0.601632067266615,0.614227232319513,0.384495326766938,109.523259724617,0.601157238610726,84.0869556427002,0.124800233889846,0.694012458008288,0.797123801100822,0.658201841533335
"3701001",1998,0.464541570289299,0.993951253670541,1.01141124613839,0.189350061237157,0.88904220171795,3.67880430936813,0.299922131585801,0.860066872337846,0.157018023795632,0.240658919292801,0.123844689467453,0.279749700378537
"3701001",1999,0.625101874366774,0.698101454498776,0.546702851051172,0.422519665449038,0.435032830167671,0.221528369618351,0.455815781616602,1.0402981849185,0.142190267484629,5.25543472766876,0.0840805042739701,0.793044088507421
"3701001",2000,0.641771564571948,0.0568680595955639,0.0341778751928873,0.594831650093747,15.7663041830063,35.2114126753807,13.6641302919388,0.50623669717403,0.304867603557126,0.365988523999743,0.804593750827981,0.404388514717066
"3701001",2001,0.97748614202761,0.393477784750254,0.205985013916711,0.882892204057343,0.975702864860275,0.51311086254573,8.63586462428678e-05,2.1021738910675,0.79969754327312,0.0496826585242378,0.91321034675796,0.640399967156975
"3701001",2002,0.26207914875279,0.347598163219606,0.955577502149806,2.1021738910675,26.8027171111107,7.88315209150314,14.3998911538124,27.5384779729843,0.256308194774647,0.0112895521729239,0.211384567226675,0.0945919625480483
"3701001",2003,0.0770039672723332,0.452479785387269,1.03738726152029,0.599429379965718,0.152727120408457,0.842909292490187,0.0546850420866411,0.493614151036527,0.166171066535606,0.45662043848354,0.327215782465035,0.9238262385958
"3701001",2004,0.405576620565695,0.116361410534825,0.0274589233848876,0.702639393831826,0.443836491883291,0.834445973850711,39.205543068409,0.212210777780562,0.575678401173452,0.757383912964341,0.429067547454935,0.92774505118959
"3701001",2005,0.983170630414575,1.02831694227769,0.786946757188979,0.664372654544812,0.514882347626891,0.772871591469065,20.180869354248,13.8743476810455,1.019711659989,0.329406707536238,0.224850041589346,0.566605577902098
"3701001",2006,1.01042056186206,0.916706978194182,0.693223759185455,0.936234510401378,0.327274305571886,0.376848418413985,0.372411535436245,0.158435225760955,0.288346579046863,0.866760650482997,0.057190125611132,0.908205501014815
"3701001",2007,NA,NA,NA,NA,NA,NA,NA,NA,NA,NA,NA,NA
"3701001",2008,NA,NA,NA,NA,NA,NA,NA,NA,NA,NA,NA,NA
"3701001",2009,NA,NA,NA,NA,NA,NA,NA,NA,NA,NA,NA,NA
"3701001",2010,0.253833222244923,0.731985509375007,0.344149652843479,0.515312763054947,34.4756518135071,0.0869322655877027,0.306715994037571,0.656358255254274,0.995661396409973,0.969508460824142,0.797311844556818,0.991241380875369
"3421004",1981,1.06236257559182,0.519121657939799,0.890886403322066,1.02096172034547,0.503466829412891,1.1106648004364,0.898845348573335,NA,1.07095966550333,0.0712278880455761,0.894824025921394,0.796471892270102
"3421004",1982,0.350673569186944,1.03854144008889,0.13501470723562,1.05439430740544,7.19613636016846,0.025495677456359,10.7942045402527,0.809464849409491,8.39549242019653,0.188982645007644,0.817509180247321,0.127304843466764
"3421004",1983,0.664826120599429,0.950462483933804,0.194419657842041,16.7909848403931,7.19613636016846,76.1591098117828,16.191306810379,31.18325756073,0.672557185905626,0.332320986890877,0.75447763496825,0.393913803285171
"3421004",1984,0.490881920047976,0.516600071230519,13.1929166603088,1.08353653786484,0.261882467120375,11.9935606002808,127.131742362976,0.64818018051918,0.572470068438637,0.115349983675343,0.171860008505165,0.347909940808175
"3421004",1985,0.407772645406449,0.957747397116752,0.112665565897686,0.499536392672586,0.722320751089635,1.1341314505019,10.7942045402527,0.0269060276014266,0.948113934206534,0.516001706958608,1.06272157840545,1.06305678352383
"3421004",1986,0.37197146707326,1.01315586351946,0.693996598552527,0.343544923933812,11.9935606002808,0.80187899302037,5.39710227012634,31.18325756073,0.976372103227763,1.13769904366749,0.578570114087439,0.38487585995927
"3421004",1987,0.631012670165949,2.99839015007019,0.362577913224388,1.18004586351302,18.5900189304352,0.25430782584298,98.3471969223022,66.5642613315582,0.230365089788853,7.19613636016846,0.603068361472129,1.00056209030124
"3421004",1988,0.314656024256038,0.131823995942046,0.616838604154925,3.59806818008423,5.39710227012634,1.01475749719378,0.992717745441295,1.12152215786111,0.899740864437779,0.659217848468429,0.672923895373636,1.08424195113493
"3421004",1989,0.726736689742884,0.673799222529041,0.0406022380365738,1.19935606002808,1.01042153316101,5.39710227012634,10.1945265102386,58.7684469413757,NA,NA,0.300727618953595,0.658716805630908
"3421004",1990,0.851463776556305,0.632459777573017,1.0462347288821,0.808027862187276,1.18093900773402,1.0750089848853,26.3858333206177,0.289422683571255,0.776107498709562,1.07655614057218,0.543879996113705,0.359643839274315
"3421004",1991,0.672466336575327,0.996604648715697,0.62662256687216,0.447149256760362,0.851930661640691,98.3471969223022,18.5900189304352,0.50000691913581,0.992804514137472,0.404408389739349,0.018982559823875,4.7974242401123
"3421004",1992,0.965196389880713,0.502771870586123,19.1896969604492,11.9935606002808,41.9774621009827,35.3810037708282,2.99839015007019,0.211574972647879,0.484268435235781,0.346266523707918,0.167074645266849,0.964062507235239
"3421004",1993,0.467852170657806,1.19935606002808,0.887172223714717,0.899449527323019,4.19774621009827,0.792592982157345,4.19774621009827,11.9935606002808,0.508432682172975,0.814247609508734,1.15936372222976,0.251689318139283
"3421004",1994,0.697491621048453,0.599678030014038,0.00518704865271174,1.17143795529955,1.02988442603876,0.345038360346932,0.904398999463268,4.19774621009827,0.185071164380812,1.07801467671481,0.840751753151259,0.983729812432584
"3421004",1995,1.07591582895644,0.56894356030262,0.319921293579802,1.12778497398172,0.455232946323786,1.15887876819913,1.15413479576568,0.0881403013808937,9.59484848022461,0.535819447177702,0.882416448075695,0.927703177292581
"3421004",1996,0.782421062917524,0.105159066435024,0.490063592758252,0.912566896750067,0.488153744848448,0.219927751450799,0.933129412036562,4.7974242401123,0.0674738065775216,0.909734394650588,0.263055727200981,0.251795472430577
"3421004",1997,0.614377361292276,0.206679406876779,1.79903409004211,0.201047578040561,0.291284721908243,132.648780239105,0.444433114865811,113.938825702667,0.749069556295535,1.03831959857756,0.00116556766781009,0.960169467232206
"3421004",1998,1.12437293834197,0.538841019495954,0.847552269121776,0.119935606002808,0.246403442353202,13.7925946903229,5.99678030014038,1.0329756832898,0.557080315257099,1.0168471404177,0.070612732940217,0.866696080593881
"3421004",1999,0.179020564970576,0.299572996645059,34.7813257408142,0.580636786466017,0.504125994937761,2.99839015007019,1.79903409004211,0.977490715259604,0.52909032401367,6.59645833015442,0.203052999858007,0.840882603474892
"3421004",2000,0.299707044345049,1.08352668296449,1.1527084168518,2.99839015007019,26.3858333206177,48.5739204311371,13.1929166603088,1.10455039088847,0.540837993817141,0.570012458298174,0.568612453131667,0.131039024687768
"3421004",2001,0.328636341825921,0.12045939667914,8.99517045021057,0.163145988445924,0.361272016478091,0.84309137396071,0.254292898702964,13.1929166603088,0.426721053062126,0.599678030014038,0.327505012334338,0.599678030014038
"3421004",2002,0.129101492525154,0.599678030014038,0.435896918358723,17.3906628704071,39.5787499809265,0.599678030014038,23.9871212005615,36.5803598308563,0.138284854203263,0.291351631685903,1.08147690976713,0.396245067632832
"3421004",2003,0.401562251178765,0.233096151283755,0.51717311842511,0.375853398636862,0.975820587919527,0.00956693681772076,0.370669309442197,0.454177449105002,1.03379596949613,0.845365747907455,0.866527832695235,0.373058575872459
"3421004",2004,0.189407449826701,1.10899088706762,1.43922727203369,0.0199431036215009,0.391169632267957,0.97499032869143,38.3793939208984,0.304283847610403,1.08342168168341,0.4670687855256,0.599678030014038,0.395982969338061
"3421004",2005,0.152767716679438,0.446923327075244,1.0033280023607,26.9855113506317,0.895517521494701,0.815695181303301,13.1929166603088,4.91735984611511,1.19935606002808,0.441865886376959,0.349107586119383,1.1464659692752
"3421004",2006,0.0214594533551118,0.119935606002808,0.948564515743213,0.798316715318439,1.07942045402527,0.269402713346645,0.490762251047202,0.616919603052823,0.739524571909917,0.795235097668432,0.920070824628548,0.611904791619162
"3421004",2007,1.06115086182464,0.30836386208465,0.949076693827862,0.830785549476054,13.1929166603088,3.59806818008423,0.743710808532441,1.16747419240321,1.19935606002808,0.182725505416865,0.244697974649607,0.747213714166756
"3421004",2008,0.649078845729524,0.136874073738809,0.776420468518788,0.81697032291925,10.7942045402527,1.79903409004211,21.5884090805054,1.10418702260894,7.7958143901825,0.0165620635436305,1.02179468100753,0.821880617844355
"3421004",2009,0.414397160468958,0.528259058379949,0.459558359573073,0.465532980385161,7.9157499961853,1.0746603393371,17.3906628704071,0.174791829491705,0.150430135768178,0.20278705745119,0.167593201628648,0.945224813413316
"3421004",2010,0.54111860729462,0.698391190460076,0.866618148943311,0.127855891036536,61.7668370914459,0.648102391842994,0.922477468310631,3.59806818008423,8.75529923820496,0.168623779417618,0.044542674606342,0.948988909510917
"3414002",1981,NA,NA,NA,NA,NA,NA,NA,NA,NA,NA,NA,NA
"3414002",1982,NA,NA,NA,NA,NA,NA,NA,NA,NA,NA,NA,NA
"3414002",1983,NA,NA,NA,NA,NA,NA,NA,NA,NA,NA,NA,NA
"3414002",1984,NA,NA,NA,NA,NA,NA,NA,NA,NA,NA,NA,NA
"3414002",1985,NA,NA,NA,NA,NA,NA,NA,NA,NA,NA,NA,NA
"3414002",1986,NA,NA,NA,NA,NA,NA,NA,NA,NA,NA,NA,NA
"3414002",1987,NA,NA,NA,NA,NA,NA,NA,NA,NA,NA,NA,NA
"3414002",1988,NA,NA,NA,NA,NA,NA,NA,NA,NA,NA,NA,NA
"3414002",1989,0.177256395492181,0.698741015435935,0.351741712743414,0.848481908364557,0.622946748733521,0.499631314801616,9.2196118812561,48.9636144504547,1.07724003307334,0.833497278558398,0.406183874531759,0.834002940540555
"3414002",1990,1.0798974852522,0.565600876747465,0.447277751416724,0.358316298989233,0.687614046757097,0.180189302461804,36.7538581752777,0.233970505029793,1.23583118523246,0.00396366992131394,0.758300465994332,0.63057572860598
"3414002",1991,0.91719779409802,0.661171375153771,1.10663848926788,0.608888112606235,0.562807703526655,112.130414772034,21.1801894569397,0.868091330048492,0.477841539688555,0.101333789759259,0.171247162600041,13.7048284721375
"3414002",1992,0.861240843735755,1.24589349746704,17.4425089645386,39.993181268692,78.6158796901703,60.1766559276581,4.48521659088135,1.05112718288371,0.972466302563644,0.764790128359852,1.24589349746704,0.88307997169127
"3414002",1993,0.576373826807145,1.07062688939358,0.229534760292106,0.942206190308104,5.35734203910828,1.16694204182232,0.549007813166199,2.11801894569397,0.98869428118048,1.06613462765372,0.624955308820835,0.484192193800806
"3414002",1994,0.391597920336801,2.9901443939209,0.112351290414049,0.502273133291201,0.94310612677455,0.823385656413532,0.249178699493408,3.23932309341431,0.0286717367932751,0.652847224058145,0.840567377100805,0.249178699493408
"3414002",1995,1.07559846146975,0.681582797787449,0.527723715699732,0.103737194632439,0.622946748733521,0.206569569264848,1.14792420301331,1.04239269603338,13.7048284721375,0.417315800715138,0.157432266288158,0.249178699493408
"3414002",1996,2.49178699493408,0.838179502647642,0.902381803860158,0.351216928543626,0.50575938972361,1.08933552147936,0.653512705659766,7.10159293556213,0.886875446450193,0.351050649083986,0.781544743351226,0.702087988907245
"3414002",1997,0.632998739263793,1.17204836983701,1.24589349746704,1.00347050840284,0.571898929386875,115.245148515701,1.19227470176152,128.949976987839,0.513023398053773,0.638737618750473,0.770386156874559,1.21271336572311
"3414002",1998,1.19919472280457,0.169497053846138,0.441808163344625,1.86884024620056,0.347629270692567,18.6884024620056,11.2130414772034,1.09568880286596,0.904137647538857,0.622946748733521,0.984985430183457,0.710728582246037
"3414002",1999,0.45255486792854,0.429465747119987,27.2850675945282,1.19800714983608,0.691160910930652,1.86884024620056,5.10816333961487,0.841562770621769,4.98357398986816,19.3113492107391,1.07709299824601,1.23595825689391
"3414002",2000,1.17508320124347,NA,0.658875507227534,4.36062724113464,38.6226984214783,62.2946748733521,13.0818817234039,0.680126956234168,0.92391838276867,0.945846489083181,0.0272343122678334,0.683787466485481
"3414002",2001,0.498595274674818,0.465299283235973,0.249178699493408,0.127176213152632,0.991466100581409,0.444467355726512,0.480415384670153,4.36062724113464,0.930495185242382,1.49507219696045,1.01765847680204,0.300682168274853
"3414002",2002,1.11101750089217,0.583999529911243,0.297883562684965,26.9112995452881,64.7864618682861,0.696443524789955,26.0391740970612,36.1309114265442,0.563991065952226,1.20421873506789,0.837514704189567,0.703637872494145
"3414002",2003,0.358983990146856,0.249178699493408,0.481744402002098,0.493328414888896,1.24589349746704,0.979907331226508,1.14401860696526,0.166841361305812,0.320070782010353,0.477651065634197,0.835625476371001,0.96053714409156
"3414002",2004,0.905851510813834,1.06311591002255,3.73768049240112,0.80312924499702,0.840169102093102,1.07347260868153,52.7012949428558,1.18329181608582,0.658453983002954,0.375080202412169,0.900296620594267,0.539046670284523
"3414002",2005,0.0423668335140112,0.525123668174532,1.20047744040905,49.8357398986816,0.362750229262854,0.36973716414366,11.2130414772034,3.1147337436676,6.2294674873352,0.685201149234497,0.0597393952096058,0.748207801590498
"3414002",2006,0.441842390431709,0.440163088998655,0.25826298159835,0.551895605394093,2.49178699493408,3.73768049240112,0.29178778638369,0.987973845539498,0.552244948758675,0.128322094929333,0.427396224230932,1.09388087609128
"3414002",2007,0.813394400970485,0.234984016213781,0.667935841365633,0.186993423488512,13.0818817234039,8.09830773353577,0.519130998394989,0.371729094979641,3.1147337436676,0.828105192903979,0.0389809988927132,0.905931210604064
"3414002",2008,0.0789857712068705,0.33801334156549,0.387319268155956,0.896243483525473,10.5900947284698,0.429816309409911,11.9605775756836,0.224459244807097,10.2163266792297,0.80856351788376,0.177318671786055,0.0610918398688873
"3414002",2009,0.929839561793735,0.52881429794919,1.00198157862513,1.12968327014422,7.10159293556213,0.522222951915054,17.1933302650452,0.523262010637068,0.266647896499338,0.157786684930649,0.237045886734797,0.578112611332712
"3414002",2010,0.214260722161924,0.591835155049624,0.821337719700188,0.117071028221531,64.1635151195526,0.0183210837371146,1.06283458512869,3.1147337436676,15.573668718338,0.197366664084085,1.21469363554534,0.755709302526128
"3823003",1981,0.124197770323668,0.769868327119052,0.863617708208099,0.268421227589622,0.0379095125786269,0.805085407611321,4.22150606763363,0.88357103741169,1.76714207482338,0.29452367913723,0.713019054843594,0.169222628242515
"3823003",1982,0.115681331000735,0.81882004989398,0.379050615227755,0.0714768668652703,14.4316602777243,7.65761565756798,0.0988083368429796,0.890794589678356,0.556522113822142,0.293773889560407,0.270014741288702,0.696238881495842
"3823003",1983,0.128129462113309,0.0939511111160999,0.628594442155642,2.45436399281025,1.86531663453579,17.2787225093842,32.7903029439449,11.3882489266396,0.547606105341681,0.634738208768066,0.459430566862899,0.219062471590848
"3823003",1984,0.745424648945933,0.364204304339799,19.5367373827696,0.720877559372971,0.463699628781291,0.9817455971241,92.9713080476522,0.944187284706334,0.526308850219675,0.308869315433204,0.233760021401581,0.526103976068405
"3823003",1985,0.826631005116217,0.689699238900372,0.360623588245009,0.912429233444131,0.865966799186947,0.156369826742304,22.5801487338543,7.26491741871834,0.581995146719945,0.73203915394303,0.384848186677054,0.638978344972239
"3823003",1986,0.570169749238779,0.751977184622209,0.162910515779117,0.625537977858601,17.1805479496717,0.398971079270058,1.9634911942482,19.1440391439199,0.609204324551875,0.12981679140455,0.674224629361147,0.64877992809695
"3823003",1987,0.482582534346226,0.220057934005095,0.0570483884849586,0.929001751730745,14.7261839568615,0.244364286067047,106.126699049115,0.9817455971241,0.255798309228731,0.482818646760222,0.661361666316619,0.0137238786574116
"3823003",1988,0.835467665776107,0.311567608093957,0.826251760418808,0.622241002573786,0.358818429612875,0.483992410847346,0.217564361889543,0.812771085426981,0.29452367913723,0.381397709556291,0.174663668577484,0.295898149713826
"3823003",1989,0.0677291649732378,0.346954973942398,0.605585927882693,0.581666555680893,0.770417261491956,0.077739552461636,5.39960078418255,22.5801487338543,2.55253855252266,0.171743180623997,0.571969554059396,NA
"3823003",1990,0.205168520614254,0.662844791425916,0.502466002869775,0.570334251737911,0.380173433302113,0.308817255776442,8.8357103741169,0.86225380403753,0.445278139617332,0.826759762888868,0.394905553164346,0.641682612726197
"3823003",1991,0.127978013615626,0.418292779313655,0.263521063023466,0.0250616365301521,0.49087279856205,105.046778892279,14.2353111582994,0.29452367913723,0.237029002666129,0.888885653003323,0.686300002432585,0.9817455971241
"3823003",1992,0.275461338186055,0.668546864245132,35.3428414964676,0.9817455971241,6.47952094101906,29.1578442345858,0.152017859605651,5.8904735827446,0.568845193365631,0.381608976645845,0.37836878783311,0.0307086978045545
"3823003",1993,0.173186649537994,0.351516308436408,0.215608488731581,0.421110948939054,0.109520343136508,0.798962947669249,0.333486696240361,6.8722191798687,0.0555131072579446,0.272297198549284,0.469103493933263,0.814983282997471
"3823003",1994,0.733868895260657,0.0224199065612098,0.558027025392175,0.383990321698981,0.722657889367038,0.49087279856205,0.126184728595449,0.370491745657066,0.0290686490098329,0.311370021316309,0.654952732656599,0.462468252360888
"3823003",1995,0.244237121728777,0.900324294633188,0.734596349143617,0.0294657426409862,0.924258202952135,0.633914266730214,0.979406627002248,0.403300141958948,0.45630042605506,0.371706908408331,0.291370925824594,NA
"3823003",1996,0.557117356767453,0.842924086534324,0.707938439262501,0.922396278420162,0.259464823913235,0.823661699462623,6.8722191798687,1.9634911942482,0.716361805879766,3.14158591079712,0.584731258703428,0.352308158006358
"3823003",1997,0.940203761840389,0.338496535310944,0.814395612237034,0.0556084799401953,0.295849434417763,98.3709088318348,0.9817455971241,108.875586721063,0.0321628649697873,3.43610958993435,0.917452728825673,1.9634911942482
"3823003",1998,0.475238742723452,0.863893259437379,0.0856486301890488,0.252242688068244,1.57079295539856,5.10507710504532,1.9634911942482,0.0477253771818536,0.334553649479052,0.525631476029538,0.658639754894169,0.651510273224025
"3823003",1999,0.771904366872791,0.184997144258956,0.449980443109288,0.09817455971241,0.429228109858805,2.15984031367302,1.47261839568615,1.9634911942482,2.9452367913723,12.2718199640512,0.905404411680298,0.444296236824511
"3823003",2000,0.923608134526503,0.492056887399939,0.447480284219223,0.48379886125777,26.2126074432135,38.0917291684151,7.8539647769928,0.768526462676367,0.19634911942482,0.798457588046459,0.486242719637812,0.041616336512804
"3823003",2001,0.282274395926414,0.940764520680453,2.45436399281025,0.515791608192283,0.366337615822245,0.755501220991994,0.921042489620657,4.41785518705845,0.379994670811029,0.196983371637016,0.942336113513487,0.597628560704613
"3823003",2002,0.6131534776028,0.681693211971281,0.383611271980702,6.8722191798687,31.7103827871084,17.1805479496717,25.3290364058018,23.3655452115536,0.96831717311088,0.713572480365363,0.0581805934444585,0.265906663101851
"3823003",2003,0.0657849699909405,0.0359976093863929,0.59174900315908,0.97640606502807,0.823022352146274,0.49087279856205,1.9634911942482,0.615304727165369,0.45114421274441,0.0570201562838522,0.177113876465523,0.0693944888236641
"3823003",2004,0.63172889810539,0.349176462622817,0.400924388669588,0.464211265680653,0.49087279856205,0.0811616188599546,42.2150606763363,0.121045504984596,0.408254315287443,2.9452367913723,0.818145171802459,0.338920497432184
"3823003",2005,0.103994987699007,0.739396715709831,0.0770908516328926,0.371910564682914,0.9817455971241,0.322655670158908,7.36309197843075,19.7330865021944,0.266536338721808,0.255403659808429,0.708768099240543,0.889580297818641
"3823003",2006,0.364919109723045,0.347475870864747,0.957960107697428,0.868431375871238,0.271625869855134,0.9817455971241,0.9817455971241,0.903335753037858,0.221349421828938,0.747100024622056,0.114654969080003,0.0325419599469963
"3823003",2007,0.840660138576432,0.510255690051758,0.9817455971241,0.624121858596557,0.39269823884964,0.879509738810141,0.626343211957345,1.27626927626133,0.35423391568881,0.137580008055026,0.678423488963143,0.0217678183986403
"3823003",2008,0.794982458751742,0.0580068316080818,0.763754307281858,0.802644909364031,0.835982335023843,4.9087279856205,19.1440391439199,0.809398608873562,1.9634911942482,0.395257239973005,0.286951732031964,0.955236655414102
"3823003",2009,0.722541414593946,0.559800660036007,0.681493081321701,0.0564871123673162,2.9452367913723,9.32658317267895,3.9269823884964,0.9817455971241,0.225109619986099,0.545074173539194,0.242194157358605,0.222254406611469
"3823003",2010,0.356651610978063,0.192049015091439,0.619119561309648,0.360195810887322,45.1602974677086,0.556381148252902,0.624514412162629,2.15984031367302,0.9817455971241,0.861805649646221,0.674969140603721,0.701712852046097
"3820004",1981,0.0866919010262532,0.00991191321526793,0.513338306077174,0.333268648549139,0.503190796227431,0.106023798679757,9.81077917814255,3.43377271234989,19.131019397378,0.357926095150535,0.95619760904388,0.0579070544654681
"3820004",1982,0.446974186834901,0.240858713709354,0.0774635229069747,0.781772577299837,12.2634739726782,10.7918570959568,19.131019397378,0.786940576269329,0.131119868571041,0.930496547080215,0.434377517579216,0.777955543874332
"3820004",1983,0.951163675906645,0.205650135759973,0.0452213328086327,1.96215583562851,0.981077917814255,11.2823960548639,38.4582543783188,23.5458700275421,0.321549669246161,0.00667845838865419,0.16824665827558,0.757228030898339
"3820004",1984,0.310796753874781,0.861381719331661,15.6972466850281,0.58558472206537,0.681999071015487,1.76594025206566,166.194599277735,0.700953696680131,0.445711517376879,0.820649452475068,0.395848764621353,0.431055288116255
"3820004",1985,0.446944529731476,0.351775590217723,0.605283972351977,0.240797960881835,0.759556411726027,0.0608976823209833,16.6783246028423,4.41485063016415,0.491570679722635,0.605524355860817,0.103709002287002,0.216453611178386
"3820004",1986,0.332328251136163,0.346359322508284,0.560430039003572,0.805355632153024,21.5837141919136,0.427775485856517,1.47161687672138,24.7231635289192,0.19962378278586,0.981077917814255,0.688596356523472,0.259731402183268
"3820004",1987,0.733851566130611,0.656326995499438,0.763382512253604,0.656819031407797,30.903954411149,0.545489618887017,107.918570959568,0.115078371640568,0.769966207616032,0.440457656875104,0.345133701986786,0.0497374342303372
"3820004",1988,0.200955865120118,0.284172585585598,0.78657599603049,0.947397740469053,0.248554820334352,0.978787934544309,0.89174655856782,0.953245737144937,1.76594025206566,0.844655120538102,0.276308826201165,0.711456874995644
"3820004",1989,0.435806994395737,0.409388544065352,0.301521838272776,0.638910724515333,0.490538958907127,0.0244863519340141,5.3959285479784,25.9985648220777,0.353889324638517,0.417200533207087,0.294323375344276,NA
"3820004",1990,0.432315326803517,0.935888093493696,0.574576058862592,0.78607861360651,0.404916929783547,0.588646750688553,8.43727009320259,0.755046145877876,0.964831616396571,0.470348882679404,0.803041824840533,0.633740761776089
"3820004",1991,0.332472588327108,0.204828340034971,0.581827540559172,0.831336287919433,0.0752920360210769,144.218453918695,18.1499414795637,0.00082141471209811,0.149275760527417,0.0298701652474408,0.764598366464095,7.84862334251404
"3820004",1992,0.130635540635987,0.659719330194819,56.5100880661011,1.86404804384708,9.81077917814255,25.0174869042635,0.931060837243423,4.41485063016415,0.747708027831404,0.264866070290011,0.174036641625007,0.476932998572262
"3820004",1993,0.16741329419472,0.065266182586873,0.135283934855075,0.955755371385168,0.116411015215057,0.415334180551951,0.654211872026201,12.2634739726782,0.41863439829634,0.684673375698313,0.379492906232118,0.188611034887178
"3820004",1994,0.441443457183818,0.21177275730951,0.464682475200818,0.595704915025845,0.822111223333249,3.92431167125702,0.384694064288757,0.444436268782363,0.552106971988372,0.291662100069311,0.354900642304326,0.141942906078291
"3820004",1995,0.372945274837601,0.926287087494295,0.00264206432104144,0.25144923146692,0.0663330360815548,0.624170042647846,0.910098487146089,0.475584764762886,0.0502329568179421,0.919143532956871,0.936620214359416,0.214250335755359
"3820004",1996,0.219496425923804,0.562556360555735,0.712946761545329,0.520955015597477,0.574331762205024,0.591126243884148,8.82970126032829,2.06026362740994,0.113903933395811,0.192944927622976,0.894895999820426,0.191855439951588
"3820004",1997,0.769549256376735,0.603413060790631,0.141385654831554,0.276450563230302,0.224782624096415,98.7945463238955,0.490538958907127,103.994259288311,1.76594025206566,0.392431167125702,0.928921134326154,0.686754542469978
"3820004",1998,0.374803448963926,0.719230940104667,0.311702340916264,0.657659065041896,0.69838179287036,15.1085999343395,5.3959285479784,0.960068015341905,0.735092851353545,0.408122573866035,0.0574380762337709,0.0958628585819576
"3820004",1999,0.691909122338555,0.304219307763589,0.711320238696827,0.653832872002191,0.803387448316792,1.96215583562851,0.882970126032829,2.25647921097279,3.92431167125702,10.3013181370497,0.733649394469986,0.676755606592453
"3820004",2000,0.329464791363086,0.306440666680409,0.438823752701053,0.140600747231873,5.88646750688553,42.7749972167015,12.1653661808968,0.107383840234392,0.196215583562851,0.784862334251404,0.772584563706003,0.413114149469674
"3820004",2001,0.541663052829283,0.196215583562851,0.172912783757106,0.233478716679668,0.111744555090901,0.0694055106714984,0.620316227314645,6.08268309044838,0.608000163556043,0.7821055448888,0.366966591420531,0.381818282128889
"3820004",2002,0.377212104733596,0.580375270125294,0.0198264811859216,9.222132427454,40.2241946303844,19.6215583562851,26.979642739892,25.0174869042635,0.744730342079713,0.878625686366419,0.038455674545603,0.534140786311779
"3820004",2003,0.954809579715744,0.718710456374851,0.166978528089434,0.757301182635025,0.249258726828966,0.711433426940653,0.882970126032829,0.11190539370407,0.102563536327511,0.429341134583823,0.183594231112498,0.481570947372809
"3820004",2004,0.104118515322923,0.155524028163597,0.196215583562851,0.957374781307499,0.394361241585175,0.783076815996769,60.0419685702324,1.96215583562851,0.285775733475109,0.981077917814255,0.515498605391697,0.786738819656934
"3820004",2005,0.336628828998962,0.690669447740318,0.79262731585744,1.17729350137711,3.13944933700562,0.368322690816462,12.2634739726782,16.6783246028423,0.687876848601148,0.416360447492087,0.517430338536488,0.516343275824934
"3820004",2006,0.736181426695469,0.638033253393779,0.877897046469321,0.502097505279743,0.693303592109653,0.981077917814255,0.490538958907127,0.944402085664495,0.491579500125704,0.972352228888628,0.297797073472464,0.379034598417589
"3820004",2007,0.171621434397824,0.918579968956749,0.73389004980458,0.757796945068883,0.783383854149933,0.665840897106116,0.30186824136357,0.981077917814255,0.334527811454939,0.585486641851247,0.308884694518656,0.180960560725045
"3820004",2008,0.71531435814912,0.0481451175691969,0.612154781496674,0.0951995073476652,0.125246081798609,9.32024021923542,18.6404804384708,0.421302778776711,6.86754542469978,0.872445822881662,0.874108347566473,0.30692471456641
"3820004",2009,0.476625424077191,0.348586028626001,0.877002067484982,0.19207768720046,1.96215583562851,14.7161687672138,5.3959285479784,0.490538958907127,0.164281067964047,0.0464617655494544,0.30934303180001,0.600586864673582
"3820004",2010,0.541417666812874,0.461043894240468,0.827900740467245,0.392787200294831,57.7854893592596,0.821695588964096,0.591909903141187,6.67132984113693,1.96215583562851,0.838791405024057,0.548832936317837,0.556777525717008
"3804007",1981,0.00874795365239216,0.852257647323175,0.149835380642843,0.851964259604915,0.851328789403795,0.637057353681947,5.40414615750313,6.87800420045853,2.9477160859108,0.431418488410132,0.621115678750564,0.0897056306864431
"3804007",1982,0.822366561720601,0.872401984112577,0.0560609401351723,0.334540210773434,11.2995783293247,11.2995783293247,10.8082923150063,0.481968840116336,0.215846111239614,0.0710458111675067,0.446506636670449,0.406848567064882
"3804007",1983,0.225826477653886,0.741609350581144,0.875307775077741,0.982572028636932,0.0310892350505362,26.5294447731972,49.1286014318466,22.5991566586494,5.89543217182159,1.4738580429554,0.141224222419087,0.430468474718871
"3804007",1984,0.329559092234037,0.931478273857803,32.4248769450188,0.0664634320868103,0.506267814303688,5.89543217182159,161.633098710775,0.834973407548178,0.675500270066634,0.902171139490572,0.714540306768604,0.43555937632935
"3804007",1985,0.314635757216709,0.871557965013542,0.811153681198065,0.404374954146111,0.224528255399641,0.0787459694827268,26.5294447731972,0.841725337515675,0.478762431752426,0.721061996966546,0.377928501765532,0.823855123238001
"3804007",1986,0.366094862739333,0.444947858351192,0.0913202863235724,0.174974377267054,17.1950105011463,0.276308838060788,3.93028811454773,25.5468727445602,0.0262667110209904,2.55468727445602,0.0197336995396425,0.353556289601698
"3804007",1987,0.738548515203649,0.200618380181916,0.489669720667531,0.519014992617366,35.3725930309296,0.721009626279345,123.214532391071,3.93028811454773,0.368499605413405,1.4738580429554,0.255029636120764,0.528567057084114
"3804007",1988,0.686086092824314,0.418190737206705,0.40367021998217,0.207463133829515,0.85025912269318,0.73094653682792,0.445669778391264,0.572070991622109,4.4215741288662,0.754075320358261,0.679922012153226,0.0525224571867177
"3804007",1989,0.398456951190915,0.688077615860382,0.978380750974863,0.982572028636932,0.982572028636932,0.804236176402668,4.61808853459358,30.4597328877449,0.737564798234476,0.354793349884591,0.81422247466889,0.106026951234594
"3804007",1990,0.13540352320326,0.39773785855484,0.107856149847811,0.807565564829894,0.397288952864391,0.147075766624492,13.7560084009171,0.415955683383194,0.219536717399523,0.601995709811777,0.53496646200197,0.0690794089948381
"3804007",1991,0.20433708628564,0.919839169103021,0.142498069380741,0.968786635765434,0.906996110703593,127.243077708483,23.0904426729679,0.75308743491848,0.605523108943072,0.134883839302311,0.662655551919976,6.77974699759483
"3804007",1992,0.274207070061196,0.441386154040543,63.8671818614006,7.86057622909546,19.0618973555565,41.2680252027512,0.904024391970486,1.4738580429554,0.282009214181503,0.168065401124543,0.000864269159092097,0.0539377191877314
"3804007",1993,0.0468097815497697,0.648253658008072,0.259985385578188,0.661643424104646,0.0911209208265207,0.439005481476042,0.0495456930965633,12.2821503579617,0.936108854468774,0.374805664133906,0.367449598071277,0.588867166881927
"3804007",1994,0.092650343238863,0.567888296832098,0.444052868426197,0.351456616475348,0.716124910800497,0.29477160859108,2.9477160859108,1.4738580429554,0.789161703727444,0.649232489989985,0.381874238641655,0.116149535452254
"3804007",1995,0.868953890700804,0.00399423809886719,0.349103543070833,0.550175605949661,0.133190592403358,0.734065331814022,1.4738580429554,0.82451060351643,0.496902046225798,0.231230486518379,0.242221091312782,0.188714862708946
"3804007",1996,0.882343999727922,0.0713480498796389,0.916242787857091,0.558343616238756,0.585875771622369,0.172537545078949,0.491286014318466,0.982572028636932,0.626714675543091,0.553511818443061,0.187878679309751,0.492510304270544
"3804007",1997,0.599887841125851,0.366549791562111,0.976732930591175,0.0503014644305997,0.863646128644983,85.9750525057316,0.173790979780575,144.438088209629,0.267230257956168,0.931101374659434,0.339859825552056,0.065981359362074
"3804007",1998,0.603892936785502,0.09508728134881,0.547262223385318,0.807033321984269,0.204427545369276,25.5468727445602,13.7560084009171,0.613071343308015,0.53378406448174,0.894538519733128,0.237806599725007,0.616572504020401
"3804007",1999,0.195626263615189,0.838744002085875,0.612875966694861,0.0982572028636932,0.765160339719359,3.93028811454773,0.357707772679209,0.835573139307864,5.30588895463944,5.40414615750313,0.136464424709832,0.367468511411409
"3804007",2000,0.0221973464255343,0.598175945576985,0.718001938272971,0.177657381883021,23.0904426729679,47.1634573745728,31.9335909307003,0.252677531798159,0.491275524166925,0.124418171720451,0.888406366147328,0.705940697914816
"3804007",2001,0.0649940323568876,0.774689330839964,0.10617573184553,0.413699977316908,0.411999764970142,0.378826460247391,0.228924442869458,3.93028811454773,0.110359368264706,0.556974330265461,0.228677110105558,0.710050317157088
"3804007",2002,0.241212683344446,0.722756495253141,0.943002311116795,4.4215741288662,52.5676035320759,13.461236792326,41.7593112170696,26.5294447731972,0.106094415212412,0.369686422139316,0.105671561948521,0.858366373422417
"3804007",2003,0.636575059733838,0.275543681090665,0.718057354155949,0.015798174169696,0.947961755027425,0.133022650233718,0.707702751002061,0.973284644323866,0.978230453599746,0.782799383121863,0.274288412316877,0.862287551530101
"3804007",2004,0.255792484086231,0.313723417842974,2.06340126013756,0.484508479175386,0.080405626575115,0.625747524246777,50.1111734604835,0.666772233380988,0.593450027300759,0.374912444560968,1.4738580429554,0.0865178515267504
"3804007",2005,0.428742196219174,0.72542427137372,0.873945649924295,7.95883343195915,0.982572028636932,0.909239912801952,11.2995783293247,11.7908643436432,0.408508047773381,0.233701771673117,0.286145000465546,0.181580762844746
"3804007",2006,0.286070493028365,0.84549258510617,0.202180266609491,0.452630432267928,0.23894753261867,0.416767587116862,0.931364004093039,0.855122037489404,0.635970794382032,0.784026817557147,0.681726767985853,0.591383753184394
"3804007",2007,0.134292543542496,0.320084775314739,0.425111224514111,0.600079515049976,0.717713769779147,0.473164930219429,0.554037933607151,1.96514405727386,0.961223024431506,0.388538600528375,0.633694058140175,0.566376331162975
"3804007",2008,0.679030581019118,0.605307991975834,0.0309632457087849,0.384463668287389,1.4738580429554,10.3170063006878,24.5643007159233,0.475673549048878,0.295220881965298,0.235505561397881,0.131532272030894,0.123533464907542
"3804007",2009,0.976750773960557,0.96756897588013,0.885668209652285,0.706618566135845,0.641396369894494,10.8082923150063,8.84314825773239,0.203789340188401,0.301811506006798,0.256855862287979,0.857375888665197,0.630906990690162
"3804007",2010,0.79265685938056,0.47183081372942,0.56731879008749,0.44407332255166,43.7244552743435,0.553671078453213,0.641301697958312,2.9477160859108,5.20763175177574,0.804728706106879,0.542885212344443,0.388044110698146
"3815004",1981,0.837922554247397,0.338534575107945,0.719270753462392,0.89215563205758,0.0903581417411299,0.771102428473805,3.86071274185181,22.9804329872131,1.47074771118164,0.026595298266146,0.844539839735303,0.0189389014901336
"3815004",1982,0.424527472086343,0.429386042389736,0.733345212956657,0.315400809811361,8.73256453514099,19.303563709259,34.0110408210754,0.324480789278943,0.0228225709458604,0.448427773726933,0.254139054999617,0.363320593575293
"3815004",1983,0.218777799702794,0.473964472293324,0.900133364186853,7.3537385559082,0.459608659744263,18.2005029258728,11.9498251533508,30.7937802028656,0.434771013829576,0.557624728946464,0.676653174779892,0.588106936746792
"3815004",1984,0.858930740756688,0.758970845780327,14.2478684520721,0.773049392665987,0.836927468988669,16.5459117507935,20.2227810287476,0.139889796370318,0.903031534855492,0.84578128096388,0.410412404279381,0.870568786241785
"3815004",1985,0.574971158093766,0.832632185436449,0.443782649236578,0.345156878126685,0.298358399714547,0.885032795880628,11.0306078338623,0.271681488026291,0.695397596012987,0.343951842247551,0.82183351588721,0.634186969335349
"3815004",1986,0.455994855928643,0.282385330865646,0.723045809341604,0.648941580987995,15.1670857715607,0.558391847002157,8.73256453514099,27.1169109249115,0.24255739017557,0.315233868830046,0.21681019801506,0.545463471252124
"3815004",1987,0.67904981237972,1.19498251533508,0.22176301781111,0.692935336925934,24.7269458942413,0.272439565366344,138.801815242767,28.0361282444,0.51198129987249,0.155974729147244,0.248443734595796,0.846576864154296
"3815004",1988,0.572014090721912,0.662261802268129,0.0522521840745917,0.829813887121274,0.474503869913303,0.0239164440329118,0.70914044560175,0.740622277424513,0.919217319488525,0.734596845268911,0.770549446880014,0.518076778847388
"3815004",1989,0.650717913176138,0.453000037865304,0.0225910186609719,3.4930258140564,0.919217319488525,0.857565265669366,5.97491257667541,41.3647793769836,0.244137786757345,0.453867027984571,0.878831539762252,0.508075258487246
"3815004",1990,0.81470250642562,0.569029965409724,0.813963721453101,0.608880684242995,0.529380338185861,0.176403816106859,25.0027110900879,0.165494488215297,0.817799680705426,0.55643078090302,0.599359640401115,0.257324125744217
"3815004",1991,0.452233165078777,0.681788394577463,0.372566800046931,0.00168311299719915,0.0876066621520248,124.462025058746,14.7074771118164,0.2851435482941,0.84854162042007,0.548651785713551,0.512842915044251,5.69914738082886
"3815004",1992,0.730680795574745,0.628100457880581,57.9106911277771,6.43452123641968,11.21445129776,26.197693605423,0.573291998082171,2.29804329872131,0.523464586292223,0.919217319488525,0.0239700210062851,0.603138299982093
"3815004",1993,0.188168234924747,2.11419983482361,0.539889473904899,0.759451890098848,0.247061891322984,0.206140914371722,0.509829574236348,3.86071274185181,0.763744748996282,0.918132802585484,0.39474412025154,0.746370559702595
"3815004",1994,0.516179264643121,0.792701648611291,0.866913995722642,0.0666464563698931,0.302298569255579,4.96377352523804,13.4205728645325,1.37882597923279,0.465827310925492,0.0145530879328998,0.35933033476275,0.729569717048295
"3815004",1995,0.655050543774427,0.0234136409577895,0.774739125148391,0.383096283047743,0.831565044976353,0.293911281064981,1.65459117507935,0.70996686892858,0.109868062595855,0.273140509116089,0.3987563426397,0.295017918421736
"3815004",1996,0.113903632211604,0.200962640418493,0.54032628245252,0.46512367927395,0.562762620166142,0.0963948545662081,1.83843463897705,10.570999174118,0.716150502692777,0.292090601814519,0.221551096048452,0.855563472475343
"3815004",1997,0.190402913332426,0.848412303429239,2.29804329872131,0.189724106730107,1.83843463897705,114.442556276321,0.602520410450292,137.422989263535,3.21726061820984,0.617520921135904,0.667710951831096,0.387263559637551
"3815004",1998,0.265462155185118,0.315601491354695,0.00829047171854909,0.400336601605354,4.59608659744263,19.2116419773102,17.9247377300262,0.607206223083536,0.384881708600928,0.842751019579808,0.332532172143299,0.228153635851346
"3815004",1999,0.271038969703405,0.745702797275486,0.17544864701381,0.805566265721241,0.518766683772473,9.19217319488525,0.209432619417748,0.454458421169661,2.94149542236328,4.13647793769836,0.551602265489471,0.245355669946702
"3815004",2000,0.562414152606926,0.0702997301154041,0.812464332397266,0.0980461127488803,22.9804329872131,44.3981965312958,27.1169109249115,0.621804384041243,0.784684290744138,0.302169635150035,0.802539219161032,0.822000561311242
"3815004",2001,0.637923499549558,0.692987109908205,0.183843463897705,0.709301221894526,0.556634079292861,0.0266062658214942,0.751635050690296,8.27295587539673,0.620377869034798,0.467737655746271,0.405962871248082,0.476083100075395
"3815004",2002,0.714057455671472,0.740030878032788,0.0150283318282568,2.29804329872131,64.3452123641968,13.7882597923279,80.6153589191437,20.2227810287476,0.56720941371635,0.0182589410954277,0.594474185515177,0.333198931021436
"3815004",2003,0.610953162897843,0.552375182684196,0.628995480382168,0.568221910731646,0.56528108356015,0.360844612898308,2.48188676261902,0.706850652472914,0.313997655943933,0.462619263425317,0.461660671693082,0.707377463889461
"3815004",2004,0.304000253580326,0.520196268709915,1.37882597923279,0.280317657431848,0.498364112207523,0.0258745838097876,60.3925778903961,0.138198071771508,0.357929513520666,0.0162330978256986,0.0971099708501549,0.219194303559011
"3815004",2005,0.480679508673157,0.0203490159937724,0.430638062937826,12.4094338130951,2.75765195846558,0.606447466009738,10.1113905143738,6.43452123641968,0.73537385559082,0.738176975511386,0.442568977571352,0.669106447778768
"3815004",2006,0.435949165340185,6.89412989616394,0.76174044789293,0.744913502692325,0.511241522052097,0.390508218162274,0.557057647371917,0.00823323068921799,0.0878696354289275,0.689425385340282,0.196632089043547,0.557641749684912
"3815004",2007,0.450544179533013,0.434508193578375,0.892546081522433,0.399531401766202,0.0752395791105599,0.919217319488525,0.919217319488525,3.40110408210754,0.284435920638539,0.0512754062543361,0.127507451208853,0.584677601668959
"3815004",2008,0.506094649400862,0.249932726464805,0.060001918609713,0.313307349513651,3.21726061820984,14.7074771118164,31.2533888626099,0.0955583471666813,1.37882597923279,0.275049930218087,0.0334768409486936,0.532173644514683
"3815004",2009,0.303943181628344,0.823042290087921,0.160042169201123,0.470295335454149,0.664953489472116,4.59608659744263,6.89412989616394,0.0998448087337048,0.184244438919755,0.234889535305877,0.903069327709304,0.529720206342718
"3815004",2010,0.0684633348043644,0.648877019765561,0.46183985601465,0.342609185539555,35.3898668003082,0.647562683513443,0.849046380083952,1.83843463897705,9.19217319488525,0.156368581347242,0.63223634237134,0.286530183518601
"3802005",1981,0.991986649602452,0.546143590719296,0.010652388892915,0.42193510830693,0.63392125769288,0.629553047287252,2.73579812049866,29.9748315811157,0.0639778101176747,0.98015407131261,0.0330679803486717,0.801947898707607
"3802005",1982,0.146665301830278,0.429218236390107,0.796369875844608,0.700709424501153,9.51581954956055,48.1738364696503,70.179169178009,0.599698357127101,4.75790977478027,1.11635625993932,0.248430250516567,0.814333325120936
"3802005",1983,0.336245131662349,0.761075927845852,1.12256140556473,9.63476729393005,5.35264849662781,59.4738721847534,57.0949172973633,20.8158552646637,0.594738721847534,0.94598855910859,0.400749724501648,0.868071844345029
"3802005",1984,1.1203612670809,1.15498029102281,10.3484537601471,0.492866297309237,0.119610642399331,36.2790620326996,185.320585727692,0.80778275400038,0.564163845384372,0.601988585850704,0.611756565358682,0.0930533727723548
"3802005",1985,0.289705475580637,1.11542384016513,1.0315613324218,0.911068682874063,0.415317497505621,1.07052969932556,9.27792406082153,0.382699637958243,0.376248870986419,1.18947744369507,0.97361726832521,0.947191851130528
"3802005",1986,0.0030696057581403,0.239861254015286,0.0158346578268037,0.144526385482734,27.4769289493561,0.116777913669376,18.5558481216431,51.2664778232574,0.293648147813676,4.16317105293274,0.661474776961406,1.1536077235785
"3802005",1987,0.330773642478351,1.54632067680359,1.05875427111245,0.336530568819189,45.7948815822601,0.649828698246203,115.8551030159,130.961466550827,0.47904194866027,2.26000714302063,0.417160689230536,1.01429992444812
"3802005",1988,0.567116007698268,0.246194654811021,0.561383095414356,0.864147556117443,16.4147887229919,0.111862175288264,0.912031042535839,0.900159734620916,2.97369360923767,0.824147114398907,0.86806478552502,0.967181264556392
"3802005",1989,0.0732376077588237,0.835754004034288,0.61842847850357,4.40106654167175,0.356843233108521,1.18947744369507,8.20739436149597,72.5581240653992,0.780406000180408,1.01628345674776,0.0634208540423187,0.333416122050957
"3802005",1990,0.775710286337826,1.13821019719423,0.757445403180611,0.479673869249027,0.269976265027089,0.225692014101549,38.5390691757202,1.05876322507941,0.844116516202982,0.91438085387069,0.856026229438285,0.957553522598937
"3802005",1991,0.741186445133409,0.753598990454227,0.950975383640132,0.442384708165491,0.96131364618037,129.653041362762,25.335869550705,0.416254706243862,0.549614652741133,0.0434350758201363,0.894833645829662,2.97369360923767
"3802005",1992,0.668642152914439,1.07880003462653,79.100250005722,16.652684211731,29.7369360923767,46.8654112815857,8.32634210586548,1.7842161655426,0.0442228983473031,17.2474229335785,0.125984109919293,0.719575898418451
"3802005",1993,1.03053562754957,0.807031783675946,0.140468435806364,0.414657933195192,7.73160338401794,1.0912767252571,0.832634210586548,0.0753078055741207,0.465470137827071,0.573442203723033,0.190364153967276,0.369755159536183
"3802005",1994,0.850073860633727,0.594738721847534,0.542930445373951,0.936883734526289,0.157624326772748,1.7842161655426,67.2054755687714,7.73160338401794,1.16039043510614,0.212574574649111,0.241028138887997,0.307163458730447
"3802005",1995,0.868523473398589,0.557796288462992,0.669003278246664,0.573346888051067,0.298291510125929,1.15243717774605,8.32634210586548,0.634554564954259,1.18947744369507,0.0252334492504014,0.790512258571386,1.14597331119064
"3802005",1996,0.683733551446529,1.04095819795736,0.042604388852181,0.815747939736039,0.284888523014879,0.180857855673629,0.493149760943187,23.7895488739014,0.328506939000573,0.878854582126067,0.308376052841464,0.767013854428744
"3802005",1997,0.593667499384181,1.09036518062482,5.94738721847534,0.0625693977261321,16.652684211731,195.31219625473,23.1948101520538,229.569146633148,7.73160338401794,0.190864463898294,0.0124828227865953,0.223032287113152
"3802005",1998,0.737321409396484,1.17031340068946,0.0942881309356819,0.602274527604612,3.21158909797668,31.7590477466583,40.7990763187408,0.629692455936005,0.706247383409393,0.0174966587702669,0.00666102525843981,0.988620225281828
"3802005",1999,0.198548566911632,0.598090742165151,2.97369360923767,4.04422330856323,1.10414965115032,8.92108082771301,2.97369360923767,0.781716751991439,5.94738721847534,5.35264849662781,0.395949061946598,0.661004832308252
"3802005",2000,0.64782185699618,0.35936818205403,1.116460057107,7.73160338401794,33.3053684234619,55.6675443649292,68.989691734314,0.835833508259616,6.54212594032288,0.94258717579355,0.463362182193008,0.104069257108199
"3802005",2001,0.519950292606797,0.210166514755744,18.4369003772736,5.35264849662781,0.594738721847534,0.78813619406474,0.832634210586548,40.4422330856323,0.0436149059619656,0.237895488739014,0.114096815250407,4.16317105293274
"3802005",2002,0.371543994082052,0.118364720510543,0.993486050095281,41.6317105293274,95.1581954956055,22.0053327083588,80.8844661712646,35.6843233108521,0.00469836643902099,0.858584142198083,1.1628925497327,0.237895488739014
"3802005",2003,0.0248225892581499,0.237895488739014,0.283241189173881,0.457159895489402,1.7842161655426,1.10947197014175,9.51581954956055,0.318135199131292,0.54828370790816,0.845217969071108,0.639947576000821,0.897936132650387
"3802005",2004,0.0606552015500933,0.870346478194391,3.56843233108521,0.152501667036999,0.160621304894576,0.805711435658334,95.752934217453,0.300573938365996,0.920802509302808,1.0121906062358,0.269169608732869,0.131353171437533
"3802005",2005,0.0144798235629623,0.267197248744033,0.145632732831637,27.3579812049866,0.475790977478027,0.642352773925968,10.7052969932556,15.9389977455139,1.11697891388819,0.982137160774325,0.275538951407209,1.01290887800559
"3802005",2006,1.01421811879489,1.18546604739085,0.36647600364439,0.853223605102311,4.16317105293274,0.521508850043642,0.19775772815688,0.627292515845833,0.0910414686579025,0.346714943101191,0.926672379533251,0.24290334012392
"3802005",2007,1.17643987043742,0.889251161907629,0.48298793705428,0.527259994289215,6.54212594032288,47.2222545146942,NA,2.37895488739014,2.97369360923767,0.00544882884302599,0.577475070881727,0.216102227979821
"3802005",2008,1.06384942089184,0.580022589274271,0.869013392562661,0.95217146645995,14.9874157905579,26.763242483139,24.3842875957489,3.56843233108521,8.32634210586548,0.625770303799078,0.788046196602154,0.84998591617776
"3802005",2009,0.580773099867018,0.513527090703754,0.155031389382143,NA,4.16317105293274,8.92108082771301,7.73160338401794,0.730248255729455,1.02925814868084,1.01261678803275,0.50092405029683,0.682257160524587
"3802005",2010,5.94738721847534,1.11398300450406,1.15407039450093,0.73182335824501,54.1212236881256,2.97369360923767,0.504036631274478,0.573283845543463,1.7842161655426,0.349906381079498,0.846388644514654,1.15999775334787
"4120001",1981,0.0203385601031893,0.700771325713856,0.0285724653772169,0.568457565389874,9.14754195570946,1.92579830646515,5.29594534277916,1.92579830646515,4.81449576616287,0.671936059056136,0.629578482522676,0.545633731541937
"4120001",1982,0.66430138180958,0.194914991148747,0.393239416919199,0.835018691264557,13.480588145256,6.83658398795128,4.81449576616287,15.4063864517212,3.8515966129303,0.866140846252171,0.393721405533332,0.120275806105519
"4120001",1983,0.436332568814245,0.175893162282863,0.354883263861364,0.551105314810195,0.624113870742209,2.98498737502098,50.2633357987404,11.5547898387909,0.845233412879712,0.774779803197992,0.398482481516522,0.657299195797085
"4120001",1984,0.396299788187641,0.819019274974279,6.16255458068848,0.38461471173244,0.205033028433473,0.162238067490714,83.4833565852642,0.670617981319098,0.4022665957185,0.336147231917682,0.724511397926673,0.0344522100199566
"4120001",1985,0.278805038728273,0.0965447089882367,0.197691919291305,0.280247833592947,0.881212878450931,0.159281995472766,23.1095796775818,2.88869745969772,0.574069260855718,0.328162960654381,0.375384929786105,0.552912769422883
"4120001",1986,0.0550844770026496,0.169905677035836,0.645234055556221,0.768150477444203,16.8507351815701,0.837140521281029,0.592887999180226,NA,NA,NA,0.040122766984005,0.16896887932839
"4120001",1987,0.514465425421723,0.45320076551913,0.83762003212043,0.48171270544193,12.5176889920235,0.178299202611712,108.326154738665,0.690967687148925,0.619960494794212,0.935035110375023,0.213415421734257,0.107303307761913
"4120001",1988,0.536919672893005,0.247249927804424,0.149567343142807,0.67566895492822,0.88948787012638,0.126300002414512,0.524997730410135,0.113783801353566,2.88869745969772,0.859530261864537,0.638847498144193,0.582071770173169
"4120001",1989,0.179396252395273,0.303441435189217,0.884324829223272,0.541427647729544,0.648518221536914,0.25913047741482,0.638099897549068,18.2950839114189,0.481449576616287,0.922871618933016,0.961109159623074,0.809375158739107
"4120001",1990,0.457565724417736,0.566414554705884,0.844772215423117,0.612944842439241,0.363190716807083,0.852494307539907,12.9991385686398,0.24988574923178,0.641297978344828,0.693549388299579,0.570187670027265,0.513052636696022
"4120001",1991,0.549802797372927,0.419472930879554,0.681883903572416,0.516662206106111,0.797602594326939,67.8843903028965,32.2571216332912,0.30382102480789,0.41225088585291,0.543397078682325,0.947116522502428,0.72820008619033
"4120001",1992,0.0470549329926882,0.734406222951081,17.3321847581863,2.88869745969772,2.40724788308144,27.9240754437447,0.935196596854655,3.8515966129303,0.141667440871391,0.673510742964269,0.693462001005014,0.135602606097451
"4120001",1993,0.483713908945837,0.708733105095848,0.841987224199827,0.0481976330629613,0.0120661760098884,0.00615425818415113,0.524832434901123,0.481449576616287,0.326872436615329,0.0570198463995982,0.720489915730178,0.696712340607733
"4120001",1994,0.152697520759676,0.711858231881469,0.375336442792581,0.274704254064611,0.61554486437105,2.40724788308144,0.659854343372181,0.667474644279187,0.736131369797082,0.792534137967963,0.490377294013534,0.384935981277626
"4120001",1995,0.631395318691774,0.01271681674209,0.503623866929774,0.0481112707761848,0.497574495828666,0.62176979563156,0.773464866621086,0.582913473747089,0.146458095010206,0.0238791567123055,0.33686304135371,0.304155998787914
"4120001",1996,0.948190332947119,0.592252285628374,0.901032054418534,0.746951248881087,0.787865400120761,0.962899153232574,1.92579830646515,10.5918906855583,0.203093491299257,0.671467972166178,0.62996069833147,0.522308531455596
"4120001",1997,0.0402898726226943,0.602010003530522,0.0518118300289902,0.629503851104779,0.481449576616287,94.3641170167923,0.360226629237198,68.8472894561291,0.593592997608914,8.18464280247688,0.537310849449018,0.714465598805658
"4120001",1998,0.0373911418540841,0.449784744796419,0.458134920524104,0.840487929480002,0.119953802554318,0.523290838656908,0.494895589100186,0.781000271683998,NA,0.107309891396802,0.440477959700475,0.804800496743415
"4120001",1999,0.129097348658406,0.76780612011423,0.238366148984689,0.849738171675848,0.481449576616287,0.81047800636309,0.66439909338972,2.40724788308144,5.29594534277916,19.7394326412678,0.486690551067589,0.518132089469479
"4120001",2000,0.824273572733289,0.54719396714475,0.573932798286695,0.71867962284133,1.44434872984886,51.0336551213264,8.66609237909317,0.523750431119898,12.1325293307304,0.709806114500988,0.342448203869701,0.931125913611748
"4120001",2001,0.741343390692868,0.539183001737239,0.246704175724613,0.102774733003977,0.760444335722011,0.703802704417299,0.609953279638719,15.4063864517212,15.4063864517212,0.570011027242619,0.781469299957967,0.153960406131813
"4120001",2002,0.218900186844799,0.917831220256607,0.759028385434667,1.44434872984886,32.7385712099075,27.4426258671284,40.4417644357681,26.4797267138958,0.909713281431302,0.141668162098437,0.00795165799056402,0.432737040800216
"4120001",2003,0.540007486435795,0.0896430483950669,0.0117979737095632,0.6220901040638,34.6643695163727,0.435257419492364,5.77739491939545,0.511901227198242,0.640385472783901,0.247468568781103,0.735727030230949,0.0137909641480033
"4120001",2004,0.0422635782525307,0.0951147751464802,0.217029748731895,1.92579830646515,0.33488747044286,0.245352016478617,59.2182979238033,3.8515966129303,0.0497034784613872,0.410886997307381,0.64233895849851,0.912109587324857
"4120001",2005,0.930973622833001,0.0621354423555965,0.762337441483089,0.272662642565574,39.4788652825356,0.104501661507218,5.29594534277916,23.1095796775818,0.687323137890813,0.368121846559412,0.957674041516631,0.279042085230847
"4120001",2006,0.0185181749679294,0.329396913993475,0.377409080281954,0.295925933706013,0.360755216247827,8.18464280247688,14.4434872984886,0.475745217038663,0.278683379585377,0.0856274153790602,0.0191170472020149,0.285016876254124
"4120001",2007,0.82108614421663,0.526183570932871,0.567912862082248,0.928009467332809,0.157506232701927,1.44434872984886,0.481449576616287,8.18464280247688,0.237426222896081,0.745825451799046,0.355006892310561,0.440408344139807
"4120001",2008,0.72606504630752,0.386712209023563,0.37824240780251,0.527559412521978,4.33304618954659,26.9611762905121,15.8878360283375,28.8869745969772,0.609227615824447,0.0298966523579621,0.382817844607239,0.0702239469568162
"4120001",2009,0.127601269978985,0.695818393023554,0.742863951409797,0.265830767022549,0.341231079086952,10.110441108942,8.66609237909317,6.25884449601173,0.412589142010104,0.0968267266986519,0.597593884816247,0.775777536856193
"4120001",2010,0.793484063038933,0.561831316228797,0.815213838502897,0.344440471960133,40.4417644357681,21.6652309477329,0.157374205331739,5.29594534277916,7.22174364924431,0.78954463728941,0.747622239560125,0.487857360119166
"4306002",1981,NA,NA,NA,NA,NA,NA,NA,NA,NA,NA,NA,NA
"4306002",1982,NA,NA,NA,NA,NA,NA,NA,NA,NA,NA,NA,NA
"4306002",1983,NA,NA,NA,NA,NA,NA,NA,NA,NA,NA,NA,NA
"4306002",1984,NA,NA,NA,NA,NA,NA,NA,NA,NA,NA,NA,NA
"4306002",1985,NA,NA,NA,NA,NA,NA,NA,NA,NA,NA,NA,NA
"4306002",1986,NA,NA,NA,NA,NA,NA,NA,NA,NA,NA,NA,NA
"4306002",1987,NA,NA,NA,NA,NA,NA,NA,NA,NA,NA,NA,NA
"4306002",1988,NA,NA,NA,NA,NA,NA,NA,NA,NA,NA,NA,NA
"4306002",1989,NA,NA,NA,0.643869765835127,36.4222700691223,0.798176116168079,0.234982387542725,39.242058719635,0.587455968856812,0.738886696632996,1.07468731439763,1.05371008982143
"4306002",1990,0.98442067982805,0.342544797681408,0.845482427333188,0.357444545520223,0.822807770072551,2.34982387542725,28.4328688926697,3.87720939445496,2.23233268165588,0.93640247931206,0.294019232680347,0.291830437687083
"4306002",1991,0.281581777617281,0.0299615127538791,0.216440331565249,1.76236790657043,0.234982387542725,101.512391418457,45.8215655708313,0.191332191300185,0.101036794284385,0.182168232415446,1.06126095865432,0.352473581314087
"4306002",1992,0.0319640894891292,11.7491193771362,41.1219178199768,12.6890489273071,10.5742074394226,32.8975342559814,3.52473581314087,0.46607661927914,0.755450448673819,1.03383623850824,3.52473581314087,0.905422399330783
"4306002",1993,0.64940601547243,0.239706050079004,0.951590881549541,9.39929550170898,0.813920966407367,0.300908961084997,0.894010196918044,3.52473581314087,0.205772686775079,0.151235277840619,0.644807233703974,0.428758607904366
"4306002",1994,0.502962115331271,0.543313478630112,0.985677012197502,0.428064985222177,0.27223347378261,4.69964775085449,30.5477103805542,0.750906325209691,0.885541303447216,0.463481185672453,0.0879922016584181,0.561041611735046
"4306002",1995,0.136626986429483,0.196844058935532,1.00558658548246,4.69964775085449,0.595625130846004,0.767038915754054,4.69964775085449,0.582587738747979,0.0569557618575881,0.863176147155882,0.560173115141538,1.1011144131876
"4306002",1996,0.27395949958241,0.50070165426741,0.694121806361234,0.0361696138851324,0.623804813571754,0.242841380211809,1.17491193771362,34.0724461936951,0.300849662732233,0.674468074492398,1.03515683809261,0.880919466968103
"4306002",1997,0.635364607111307,0.892366865852486,1.15082653667093,0.704947162628174,9.39929550170898,124.540665397644,23.1457651729584,139.227064619064,1.40989432525635,2.34982387542725,0.648362090744155,0.916853364641897
"4306002",1998,0.115130420014085,0.131258496345541,0.875359790858217,0.939929550170899,0.319078405689763,17.1537142906189,7.04947162628174,0.0200075485560212,0.340793408909618,0.0203255160681336,0.171197069588371,0.386484142582695
"4306002",1999,0.342614054548692,0.84993504018989,4.69964775085449,0.191978560825505,0.480121586597354,4.69964775085449,0.964078600247784,1.06694779403053,18.2111350345612,0.704947162628174,1.14768293449328,1.02860893534324
"4306002",2000,0.021551665144085,0.200773247410711,0.576407351524703,4.69964775085449,0.939929550170899,59.9205088233948,23.4982387542725,0.0061254187070084,1.17491193771362,4.69964775085449,1.10835945517514,1.10090162858694
"4306002",2001,0.91914122365713,0.426494475452102,1.09336324345941,0.117491193771362,0.479272311654798,0.894786303696738,9.39929550170898,29.3727984428406,1.15630659144264,15.2738551902771,0.591844428024132,0.881786747060291
"4306002",2002,0.570792045988456,0.129677182774444,0.989663688908683,11.984101764679,85.0636242904663,37.8321643943787,82.5963092212677,20.5609589099884,0.704406280043892,1.14777481221219,0.449041261107893,0.689459286434207
"4306002",2003,0.91067031873269,0.636695786181184,0.280287772551776,0.146346843469469,9.63427788925171,0.476172004559449,13.628978477478,0.485400978559846,0.158606026241206,0.714563588989124,0.047823059151032,0.191892350082386
"4306002",2004,0.569444179212247,0.824635714445992,1.02997940053952,0.673922902174857,0.128354277390745,1.09083035913908,39.9470058822632,0.284733251354522,0.8309950452658,0.29660535473128,9.63427788925171,0.896500265425315
"4306002",2005,0.655001626927372,0.103076735692193,3.52473581314087,7.1669628200531,30.1952367992401,0.378759744637335,1.17491193771362,4.69964775085449,7.1669628200531,1.05313480396704,0.155665610969404,0.312584313496218
"4306002",2006,0.737639342628698,1.06953600057439,0.743569579484534,0.137612344565965,2.93727984428406,7.63692759513855,12.336575345993,0.752888558169317,0.148226453450036,0.421310184786567,0.642243684085347,0.993677238344672
"4306002",2007,0.9227596183397,0.692683066361919,0.806443833639561,1.00515684237127,7.87190998268127,22.9107827854156,10.5742074394226,5.2871037197113,0.194878113744092,0.396216041809464,0.387397223799143,0.825466428100578
"4306002",2008,0.953630498794078,0.190749170116847,0.397968529453707,0.44305522850395,23.7332211418152,36.4222700691223,17.0362230968475,16.4487671279907,5.2871037197113,0.29259388076089,0.751186618384417,0.588994559623721
"4306002",2009,0.701245702653077,3.75971820068359,0.214882028662371,0.0810171863075834,1.07399320205109,9.39929550170898,7.28445401382446,24.7906418857574,1.10819063231154,0.180920237470606,0.963564268577616,0.711344769716897
"4306002",2010,4.11219178199768,0.96980188634761,0.960665676659509,0.826307566408261,21.9708532352447,3.99470058822632,1.08267040858433,1.1123818544052,15.6263287715912,0.677564181690116,0.758123941343201,0.580861332158918
"4335002",1981,0.259235216028099,0.0728315753066078,0.613239335004521,0.493219304072075,37.7871228408813,4.29399123191834,13.1396131696701,4.29399123191834,0.858798246383667,1.71759649276733,0.386363940088584,0.32048386044246
"4335002",1982,0.237456791666195,0.560749091124387,0.771563142332896,0.736959084556568,13.4831324682236,4.8951500043869,8.15858334064484,18.8935614204407,0.343519298553467,0.259287600120709,0.507475921010657,0.607988955664501
"4335002",1983,0.483651887434721,0.303601613333999,0.845241119844423,0.0244226061148381,2.23287544059753,1.5458368434906,118.685917650223,20.0958789653778,1.37407719421387,0.0858798246383667,0.479410005253932,0.171759649276733
"4335002",1984,0.343519298553467,0.684027608772543,0.0858798246383667,0.0762912550892661,0.5152789478302,0.858798246383667,125.041024673462,0.392191974922147,0.429399123191833,0.11846372889435,0.350901197699242,0.5152789478302
"4335002",1985,0.266320749020653,0.586678206395704,0.343519298553467,0.429399123191833,0.2576394739151,0.544362348783091,24.3898701972961,1.37407719421387,2.14699561595917,2.14699561595917,0.361917767130709,0.429399123191833
"4335002",1986,0.429399123191833,0.81930160933604,0.429399123191833,0.813874076264707,24.9051491451263,4.29399123191834,0.553216708504903,11.0784973783493,0.854642816951365,1.45995701885223,0.429399123191833,0.0676006703398817
"4335002",1987,0.858798246383667,0.16879700807259,0.601158772468567,0.429399123191833,15.0289693117142,0.214704677632994,130.193814151764,6.35510702323914,0.412894064145023,0.858798246383667,1.63171666812897,0.212989229370314
"4335002",1988,0.429399123191833,0.597267129435167,0.604509075673537,0.0251358411898823,1.8034763174057,4.98102982902527,1.0305578956604,0.5152789478302,1.2881973695755,0.433622744923393,0.784516292561564,0.689309875464272
"4335002",1989,0.762206943683732,0.437995027662924,0.486746975892374,0.333596535209719,13.7407719421387,0.329818057292837,6.52686667251587,NA,2.576394739151,0.687038597106934,0.782099162397696,0.297145261722675
"4335002",1990,0.792454449744722,0.0401060891135133,0.858798246383667,0.429399123191833,0.554498007853663,1.2881973695755,15.0289693117142,2.576394739151,0.687038597106934,0.687038597106934,1.20231754493713,0.523422724754081
"4335002",1991,0.691467478421084,0.668742733166706,0.020850872603033,0.0917459055037131,0.59512794849086,82.6163913021088,23.7028316001892,1.2881973695755,2.14699561595917,0.858798246383667,0.560602661409221,0.637471033114521
"4335002",1992,0.222353940284561,0.521966546556907,23.8745912494659,2.91991403770447,1.71759649276733,163.601065936089,0.30477277691764,13.826651766777,0.5152789478302,0.429399123191833,0.560577717479208,0.853469444469826
"4335002",1993,0.858798246383667,0.415135790979697,0.000216987076822464,5.83982807540894,28.1685824813843,0.858798246383667,4.72339035511017,8.58798246383667,1.0305578956604,0.5152789478302,1.8034763174057,0.416383322604173
"4335002",1994,0.180662837859292,0.816103669257516,0.276037084407393,0.858798246383667,0.145269746237684,17.9488833494186,7.729184217453,0.373849643904317,0.466317408322795,0.494733925784496,0.858798246383667,0.631937030044809
"4335002",1995,0.429399123191833,0.712321857227124,0.742749095833237,0.290137155330336,0.5152789478302,0.858798246383667,3.00579386234283,0.606577298547272,4.29399123191834,0.435156303731235,2.14699561595917,0.481487954116859
"4335002",1996,0.401714686721325,0.680589939786625,0.595186179654376,0.830107830981511,0.388998616602146,6.09746754932404,23.8745912494659,8.41622281455994,0.517764259975671,4.55163070583343,0.308039581742568,0.358287007636057
"4335002",1997,0.758686198181879,0.578003610411925,0.567202070302296,0.0858798246383667,0.171759649276733,93.1796097326279,18.7218017711639,61.1464351425171,4.72339035511017,12.4525745725632,0.049391397276743,0.565040257902329
"4335002",1998,0.682937008876027,0.7729184217453,0.429399123191833,1.97523596668243,0.7729184217453,16.3171666812897,0.429399123191833,0.335219865611644,0.406485863588517,3.95047193336487,0.2576394739151,0.800176130734928
"4335002",1999,0.178785652560943,0.687038597106934,0.429399123191833,6.4409868478775,4.03635175800324,0.429399123191833,2.40463508987427,14.6854500131607,15.5442482595444,11.1643772029877,0.00936261878980637,0.24396021697723
"4335002",2000,0.487604744513601,0.536099920709718,0.846251202043359,0.171759649276733,9.0173815870285,46.2892254800797,8.84562193775177,0.372180600493382,25.6780675668716,1.5458368434906,0.700593213056858,0.294937109056281
"4335002",2001,0.399041386987179,0.603605860182806,0.583195130731147,0.492897659784809,0.858798246383667,1.0305578956604,60.0299974222183,43.5410710916519,17.090085103035,1.2881973695755,0.471542983501031,0.653594298146656
"4335002",2002,0.41696141919745,0.295960680788921,0.335811108016755,2.23287544059753,54.3619289960861,7.12802544498444,66.3851044454575,34.4378096799851,0.2576394739151,0.240831806294029,0.685467928374522,0.848472319562721
"4335002",2003,0.0234459609153612,0.380896633658106,0.672245882468338,0.372701250944701,57.7112421569824,5.9257079000473,16.3171666812897,0.510681842674891,0.440725371230477,0.35252461928044,0.755495211322824,0.129453916122736
"4335002",2004,0.165851813342702,0.0559333046404502,0.343519298553467,9.44678071022034,0.15246852548831,8.07270351600647,62.8640316352844,17.4336044015884,1.11643772029877,1.20231754493713,0.759458248087766,0.413891671979499
"4335002",2005,0.544989598603382,0.164131064484897,0.295742248240667,0.814154709874082,31.0884965190887,1.2881973695755,1.63171666812897,15.3724886102676,3.8645921087265,0.343519298553467,0.102326945535057,0.464553033781512
"4335002",2006,0.296755303963695,0.236861628152388,0.088469700615507,0.363119890077,0.7729184217453,18.3782824726105,35.2107281017303,0.944678071022034,0.944678071022034,2.576394739151,0.0858798246383667,0.46880404388744
"4335002",2007,0.538323371498706,0.855288802312893,0.716792510606096,0.248607356039367,0.161207571222063,12.9678535203934,0.209779218635563,13.5690122928619,0.2576394739151,0.429399123191833,0.331103859018165,0.638328776141566
"4335002",2008,0.5152789478302,0.262463956905315,0.250804078303997,1.11643772029877,8.07270351600647,27.0521447610855,18.034763174057,44.4857491626739,0.782739853562645,0.366095926596263,0.343519298553467,0.247726310709152
"4335002",2009,0.226589700256986,0.729193556933108,0.172091006516156,0.793024452177875,0.483131426340362,18.8076815958023,3.52107281017303,31.6037754669189,0.301171652886574,0.2576394739151,0.337014677634204,0.478897841873425
"4335002",2010,0.2576394739151,0.769763318849487,0.0735308867466236,0.788524343894277,20.2676386146545,32.8060930118561,7.38566491889954,3.8645921087265,2.23287544059753,0.0940466299276867,0.831745153602875,0.319023965490139
"4302014",1981,NA,NA,NA,NA,NA,NA,NA,NA,NA,NA,NA,NA
"4302014",1982,NA,NA,NA,NA,NA,NA,NA,NA,NA,NA,NA,NA
"4302014",1983,NA,NA,NA,NA,NA,NA,NA,NA,NA,NA,NA,NA
"4302014",1984,NA,NA,NA,NA,NA,NA,NA,NA,NA,NA,NA,NA
"4302014",1985,NA,NA,NA,NA,NA,NA,NA,NA,NA,NA,NA,NA
"4302014",1986,NA,NA,NA,NA,NA,NA,NA,NA,NA,NA,NA,NA
"4302014",1987,NA,NA,NA,NA,NA,NA,NA,NA,NA,NA,NA,NA
"4302014",1988,NA,NA,NA,NA,NA,NA,NA,NA,NA,NA,NA,NA
"4302014",1989,NA,NA,NA,NA,NA,NA,NA,NA,NA,NA,NA,NA
"4302014",1990,0.943622624426052,1.15348417206142,1.33039575439455,2.54846083831787,1.29263876858607,1.27507044373813,24.9182837524414,7.07905788421631,35.6784517364502,0.844549704028049,0.619856088401282,0.0679087211218746
"4302014",1991,1.24267437813978,1.3830130132218,1.03642044410541,1.23877756460941,46.7217820358276,137.333722953796,112.415439201355,0.574404069181591,0.786663898911155,1.26484563805785,0.232095574139614,10.1938433532715
"4302014",1992,0.282500114912981,0.480715093660595,73.0558773651123,41.7664415168762,24.9182837524414,57.0572065467834,14.1581157684326,0.620598317202058,1.23750328921569,18.4055504989624,11.3264926147461,0.922353028091994
"4302014",1993,0.986371050256003,0.458220280259915,0.765273182023619,9.91068103790283,39.076399520874,0.325970343463015,0.429885951553114,1.33828561320327,0.506993553037051,0.259336226390249,0.545027349752399,0.151599029933413
"4302014",1994,0.602948812495467,1.08400535009525,10.6185868263245,0.394511297668724,1.26984345405977,1.37046619624275,113.264926147461,23.3608910179138,0.915309195828475,1.20176322196462,1.41158579542231,0.0976207517873128
"4302014",1995,0.494064573793027,0.387147693602237,0.609166105467453,0.294475053716522,1.07916148853973,0.669822148166412,1.2150514663791,0.982847049618381,0.222027906940228,4.24743473052979,0.248374650819148,18.4055504989624
"4302014",1996,0.443479144324748,1.17966007282646,1.3789734261211,0.750041102516214,1.2094845712116,0.898676439801499,0.656151920813466,38.9348183631897,1.05021043453652,1.22752301336289,0.374408454992071,0.271320534674318
"4302014",1997,1.17535814620457,0.766225135156263,1.01785954965913,0.813825457951695,10.1938433532715,258.52719393158,24.3519591217041,124.166675289154,47.8544312973022,1.20182621369787,0.928309589547787,0.401946516304599
"4302014",1998,0.929055956703363,32.2805039520264,9.91068103790283,10.6185868263245,1.34064088165827,47.0049443511963,14.8660215568542,0.799184336103437,1.04551292517007,1.03535864689221,0.255035262000132,1.25416701598589
"4302014",1999,0.835781231025521,0.402660199885065,15.8570896606445,0.707905788421631,25.4846083831787,1.13264926147461,0.321877012141197,0.923386240857207,30.7231112174988,1.0759408061681,0.420259063312528,0.287029085379348
"4302014",2000,3.53952894210815,0.716422605675405,0.442683790704533,12.4591418762207,2.12371736526489,77.1617309379578,43.8901588821411,0.0044381818054182,48.1375936126709,0.150307566555165,0.634820817464179,1.21781015816883
"4302014",2001,0.296523447372961,12.0343984031677,12.0343984031677,12.7423041915894,12.0343984031677,0.707905788421631,69.0916049499512,18.9718751296997,0.683575692791776,4.95534051895142,0.00537917294582001,2.12371736526489
"4302014",2002,0.559591482180618,0.941579624739635,1.31427010407122,7.22063904190063,88.4882235527039,28.4578126945496,237.573182594299,38.3684937324524,9.91068103790283,1.00315787148987,0.394006026765373,1.29383663967842
"4302014",2003,NA,1.10573154468942,1.24394082942555,0.535106305709721,49.6949863471985,4.95534051895142,24.0687968063354,0.357694010135621,0.878139914419341,0.595730435871634,0.200789424744669,0.194503039641638
"4302014",2004,0.573673923163749,0.82072470426041,0.206306161561974,1.02310442748655,1.34720107790485,12.0343984031677,13.450209980011,0.991068103790283,1.14624285548931,0.276707155603922,14.8660215568542,1.02585557701422
"4302014",2005,0.00167709383112046,0.963900061239314,2.54846083831787,9.48593756484985,0.0522854032524129,37.5190067863464,1.29698966321252,38.9348183631897,NA,0.717452057198919,NA,0.474988550100342
"4302014",2006,0.437161614096648,5.66324630737305,1.21231019035812,0.587769592443826,19.8213620758057,4.24743473052979,67.5342122154236,0.845173110555552,0.839534821680356,0.13111252313226,0.653437895499551,0.529982884013695
"4302014",2007,0.188022868509645,1.1232995247294,0.927274846243991,1.34932979236684,39.076399520874,75.3211758880615,55.6413949699402,1.2020414892401,NA,0.442758350975572,0.482963444287679,1.33290197126939
"4302014",2008,0.465624609245072,0.858346023959761,1.21105362147945,0.893072313285838,27.1835822753906,73.0558773651123,16.2818331336975,24.7767025947571,1.24668879425944,0.55994572917558,1.39666024755373,1.27902747372621
"4302014",2009,1.172456452401,0.154583569288382,1.05636676902143,1.36066664624056,0.98459806816629,6.65431441116333,0.566324630737305,11.3264926147461,0.758875577563927,0.509888181903543,0.564009420198657,0.0940005602776142
"4302014",2010,24.2103779640198,1.01149249861295,0.183164356241932,1.41077219104428,43.4654154090881,33.6963155288696,0.715127661912419,0.146109869511759,1.14331066661927,0.602664043645053,0.829557621409063,0.764825647004467
"4308003",1981,0.665161100928944,0.878475663302271,0.346495784928767,0.445705924206472,13.17804646492,0.448808763577114,6.85258416175842,22.9825130348206,13.7051683235168,0.0683094330079807,0.560211446276308,0.220978035635731
"4308003",1982,0.465670260532028,0.720857146964715,0.536895158870289,0.382290324115602,18.2384163074493,26.6723660449982,64.8359886074066,11.5966808891296,0.00752318168768131,0.795351748301514,0.963477351372974,0.165219900922354
"4308003",1983,0.282109915106256,0.515034880753043,0.482343196155384,0.271960134539109,3.26815552330017,30.6784921703339,132.096737764359,31.6273115158081,5.79834044456482,0.32623648271081,0.0818860651305927,0.619740729319017
"4308003",1984,0.706488224405472,0.776155611471555,14.337714553833,0.62585786686866,0.374606608728778,15.8136557579041,336.19832141304,1.0542437171936,2.21391180610657,0.555283378528151,0.795940471685537,0.533821388374414
"4308003",1985,0.557468183334213,0.809988625817071,0.0705104757455146,0.787218715975752,0.695662998123063,0.10542437171936,46.4921479282379,0.948819345474243,0.453949041033043,0.10542437171936,0.234422341123052,0.349352181478812
"4308003",1986,0.488962924844237,10.0153153133392,0.251141176339134,0.457899730029993,18.5546894226074,10.0153153133392,6.74715979003906,26.3560929298401,0.948819345474243,11.5966808891296,0.274224857763929,0.938933980228519
"4308003",1987,0.383565132198212,0.441660564384686,0.046487745904717,0.948819345474243,7.37970602035522,0.316273115158081,177.534641975403,22.4553911762238,1.0542437171936,1.04649875824879,0.48270444637733,0.763643976361277
"4308003",1988,0.33254408808172,0.543496145687729,0.104474279408817,0.469401300903074,7.1688572769165,0.955513382735268,0.171132260564009,1.0542437171936,12.6509246063232,0.17131141094984,0.78065882754868,0.538730267758976
"4308003",1989,0.106988009531933,1.00909254870533,0.804265759519517,1.26509246063232,8.64479848098755,0.210848743438721,0.482327307022919,44.5945092372894,0.210848743438721,1.02377233488054,0.462045581766282,0.346808925188498
"4308003",1990,0.906268746426673,0.448614162941731,0.00436213706594027,0.199445147727178,0.703063832852563,2.10848743438721,42.1697486877441,2.10848743438721,3.47900426673889,0.15760571460403,0.848206858837039,0.640012028897283
"4308003",1991,0.454036122472617,0.366581374441661,1.04534248807231,0.662220186035184,0.752304336837964,159.717923154831,43.7511142635345,0.449567557527111,0.149390590309059,0.351957096400389,0.583221969993826,3.16273115158081
"4308003",1992,0.0987207958732828,0.970009444127562,31.1001896572113,15.8136557579041,21.0848743438721,101.207396850586,7.90682787895203,10.0153153133392,0.372673782362717,0.368027671359529,0.527121858596802,0.476036056422557
"4308003",1993,0.055510367389309,0.897802874674819,0.721417908254209,9.48819345474243,3.58442863845825,0.82381635468649,0.608581196494643,13.17804646492,0.820873618723185,0.742218926501386,0.220704228907219,0.387839490717486
"4308003",1994,0.594392090500332,0.111240445505964,0.720836029038148,0.916254967506257,0.0829670732691328,7.37970602035522,49.0223328495026,2.63560929298401,0.933647700319846,1.02161551499681,0.553185728308815,0.306237621174741
"4308003",1995,0.837541659623831,0.418426347592837,0.0736193610474076,0.0538374701659883,0.621264688385085,0.189726851166836,1.0542437171936,0.570079451248144,1.0542437171936,0.592592781006281,0.17390140385231,0.357888627714343
"4308003",1996,0.638157344554197,0.23205759063997,0.0558352600400259,1.02829141898055,0.00477988045378888,0.16760769349485,20.2414793701172,26.8832147884369,0.255242938261072,0.403498274945136,0.445627895586129,0.601894095350987
"4308003",1997,0.437982683338519,0.026341853192025,5.27121858596802,0.533594660675095,2.63560929298401,157.082313861847,14.2322901821136,167.624751033783,1.58136557579041,2.63560929298401,0.0945479047275185,0.49262370762078
"4308003",1998,0.0121203965194952,0.987302375997232,0.272981310025138,2.10848743438721,1.0542437171936,21.6119962024689,0.232391862572042,1.0304562656597,0.785456690910809,0.415831391729709,0.474397361629529,0.88913442630244
"4308003",1999,1.02691512683314,0.857913257203009,0.889403374881819,3.68985301017761,2.10848743438721,3.05730677986145,0.192609522272239,1.58136557579041,45.9650260696411,4.74409672737122,0.94240564153323,0.549973319903874
"4308003",2000,0.809679134569316,0.164091275705767,1.05291170852867,3.68985301017761,11.0695590305328,98.5717875576019,36.3714082431793,1.0501217708304,28.4645803642273,0.243991570904974,0.904492790265624,0.779965780861216
"4308003",2001,0.494991510892907,0.510124737984609,1.0542437171936,0.442459341108246,0.244544297298865,0.229586383067553,22.1391180610657,37.9527738189697,0.421697486877441,0.856929845529944,0.728223384809311,0.108085249465439
"4308003",2002,0.651404631868201,0.873829759712988,0.210848743438721,15.9190801296234,85.9208629512787,60.6190137386322,85.9208629512787,27.9374585056305,0.0724611222797748,0.25084357273096,0.28223570611711,0.148797754975041
"4308003",2003,0.0836797967860761,0.758513360465982,0.396826890866316,0.00334829961388397,31.6273115158081,2.10848743438721,14.0214414386749,0.350047366370456,0.106583229635911,0.906064670780441,0.290221639273762,0.528303265374953
"4308003",2004,1.58136557579041,0.833298366798402,4.21697486877441,14.7594120407104,0.527121858596802,0.188829600948354,57.9834044456482,4.21697486877441,0.682951400298389,0.337637712627438,1.58136557579041,0.770725858087026
"4308003",2005,0.856496860779211,0.159279925039653,3.16273115158081,8.43394973754883,36.8985301017761,0.802386933425128,6.85258416175842,23.7204836368561,12.5455002346039,0.933520462320859,0.768084035026895,0.588169788945916
"4308003",2006,0.954633926420739,0.764169812830983,0.159961646927874,0.402949555689715,1.89763869094849,4.21697486877441,37.741925075531,1.58136557579041,0.371926988964011,0.527121858596802,0.168638756610396,0.864299793751576
"4308003",2007,0.920139782583188,0.450251767400358,0.631596809584845,0.546018651750921,0.367636410677324,7.37970602035522,6.85258416175842,12.6509246063232,0.292631061066511,0.963339743415089,0.316273115158081,0.476019262032715
"4308003",2008,0.0349564466051959,0.205433778493834,0.527121858596802,0.631997817984229,14.2322901821136,50.0765765666962,15.2865338993073,47.4409672737122,1.0542437171936,0.636638362930942,0.735010969276361,0.659114661574942
"4308003",2009,0.669109617357282,0.295592950538057,0.75504295984508,0.288949268611368,1.0542437171936,34.2629208087921,20.0306306266785,22.3499668045044,0.178328547381769,0.970255557785971,0.281204226946452,0.570153709599152
"4308003",2010,0.148646524955497,0.206227683567945,0.978552213173497,0.275097594849759,21.6119962024689,24.2476054954529,0.294869639829902,5.79834044456482,16.3407776165009,0.349242922460801,0.381006484323344,0.820277399965175
"4323007",1981,0.887104249757816,0.865848603690057,0.0741890233429212,0.23629918589851,30.9606251525879,12.5777539682388,10.1589551281929,8.70767582416534,5.70836526250839,0.502624480741579,0.459591539323942,0.0142651261028105
"4323007",1982,0.921961714317888,0.820397183367277,0.36881900664342,0.196393898079233,7.74015628814697,14.0290332722664,18.2861192307472,36.0884786934853,0.779958142380424,0.54328089810403,0.187715316918541,0.3066426011219
"4323007",1983,0.491094950341915,0.0770244079011369,0.302364582139344,1.45127930402756,1.93503907203674,14.9965528082848,89.9793168497086,24.1879884004593,0.967519536018372,0.586903969209127,0.705831666329089,0.425135143386938
"4323007",1984,0.872644025853488,0.525409055622716,4.83759768009186,0.884541857814919,0.258551286684888,2.90255860805511,223.013253052235,0.162270878122838,1.45127930402756,0.292582515482988,1.93503907203674,0.884645007671476
"4323007",1985,0.140482070216519,0.0302313899948926,2.41879884004593,0.537562292835573,0.335610740685667,0.394951279124495,46.924697496891,5.32135744810104,0.808426494940525,0.0850503557848136,0.431009522514221,0.913016790008497
"4323007",1986,0.695059629524412,0.515289361273813,0.133479190461443,0.910147638873994,31.4443849205971,2.41879884004593,2.41879884004593,29.9931056165695,1.83828711843491,0.193503907203674,0.111390417902856,0.148601317203797
"4323007",1987,0.393722085189825,0.283631183645021,1.93503907203674,0.0630009772273254,25.1555079364777,0.227122312388634,180.926153235435,6.7726367521286,0.599587665042189,0.595859643767382,0.279878186209483,0.265700006196602
"4323007",1988,0.678530256865019,0.843023748828006,0.160185930182824,0.399826808031159,0.00110903632928944,6.7726367521286,0.377379852507646,0.483759768009186,6.28887698411942,0.794671994620647,0.82435131624253,0.657035164671201
"4323007",1989,0.503619973339732,0.38701521820705,0.692957241771176,3.87007814407349,6.7726367521286,0.453643313677615,0.868051306750138,NA,1.45127930402756,0.0807103966084611,0.856279505135965,NA
"4323007",1990,0.499095973651279,0.281120188668528,0.246880234244105,0.582598357575739,0.746391598619837,0.967519536018372,32.8956642246246,0.697154425288896,0.831383272715314,0.040228725642869,0.7237491663937,0.254906564407911
"4323007",1991,0.280469540454859,0.963308309957096,0.69767332269473,0.881222043011247,0.136646712250457,105.459629426003,39.6683009767532,0.206042271440097,0.248084174262358,0.871959176295913,0.24847779867261,2.90255860805511
"4323007",1992,0.918916742933036,0.854242830593545,21.2854297924042,3.87007814407349,10.1589551281929,80.3041214895248,5.80511721611023,3.87007814407349,0.253185838422628,0.703125334090985,0.789255755813968,0.367865511921448
"4323007",1993,0.877856650143951,0.200950060659685,0.27758332840824,8.22391605615616,3.87007814407349,0.298458014869012,0.169465384071258,18.8666309523582,0.233820795790215,0.300446519637209,0.695303675852309,0.435324107255671
"4323007",1994,0.00247768884839963,0.479695627888211,0.426283104708941,0.642469715289155,0.532225892006157,7.25639652013779,6.7726367521286,0.0769014941393749,0.425937272298148,0.261182246211918,0.36241280151798,0.475436453266081
"4323007",1995,0.138170408759438,0.0359680752887852,0.223827860531186,0.671676581021825,0.0680921326262375,0.432637552664132,0.863408447001115,0.630593668564453,2.41879884004593,0.713713955728073,0.0123466038282866,0.823106162731956
"4323007",1996,0.743435902598063,0.0344375263465401,0.518290634232871,0.759724138493585,0.455394854550008,1.45127930402756,7.25639652013779,11.6102344322205,0.621004955232703,2.41879884004593,0.293836948691642,0.41271565178105
"4323007",1997,0.297089113203276,0.949440583984776,0.814219667360985,0.446380185404891,0.0275440219598959,141.741612026691,15.4803125762939,117.553623626232,5.32135744810104,14.0290332722664,0.104222055229691,0.617423914022144
"4323007",1998,0.095129701671269,0.322251865833429,0.0537371134749541,0.90037688856548,3.3863183760643,25.6392677044868,0.102970005583823,0.449585346581023,0.885357426902526,0.922480394114644,0.304884366630321,0.26300400228003
"4323007",1999,0.5811424104768,1.45127930402756,0.711500556258226,2.41879884004593,11.1264746642113,3.3863183760643,0.470872598903066,11.6102344322205,6.28887698411942,13.061513736248,0.178589343883965,0.391001502485622
"4323007",2000,0.088119743989465,0.316377331045822,0.763055277980021,0.0674716320552817,10.1589551281929,82.2391605615616,23.2204688644409,0.503515427496162,19.8341504883766,0.812569595619138,0.0989879950934706,0.392413207586608
"4323007",2001,0.689703503986458,0.550801471431698,4.83759768009186,0.398067327355918,0.63226902012856,0.549403248857529,37.2495021367073,33.3794239926338,9.19143559217453,0.368989026237714,0.866904428968158,0.200961779111258
"4323007",2002,0.822095301436378,0.574257887533144,0.371021584679651,10.6427148962021,57.0836526250839,46.924697496891,55.6323733210564,38.2170216727257,0.0943454813563972,0.0509144209774554,0.241880307058266,0.884101750438697
"4323007",2003,0.583172925510929,0.596534665549357,0.923093400913781,0.29642485248304,77.8853226494789,4.35383791208267,10.6427148962021,0.0217537471642446,0.131667847415705,0.0613359729072797,0.216605098291829,0.762758786062267
"4323007",2004,0.448015325019078,0.890615650882361,3.3863183760643,9.19143559217453,2.41879884004593,4.35383791208267,71.5964456653595,4.35383791208267,0.418929822527174,0.860496084245389,0.206174606368365,0.371578907208072
"4323007",2005,0.682460090510471,0.688982319344621,0.0302253487524038,0.643459731842723,50.7947756409645,0.571323321217648,5.80511721611023,24.1879884004593,5.41810940170288,3.87007814407349,0.788296782569461,0.624187784446193
"4323007",2006,0.235737675634319,0.854732181146944,0.15324110947579,0.723156487120794,0.960435362152413,5.80511721611023,43.1513713064194,4.35383791208267,0.72795968376123,1.16102344322205,0.703553832495977,0.751030715763046
"4323007",2007,0.30055939950297,0.623028866529656,0.329816294824093,0.264439407172147,0.356813131324402,21.2854297924042,4.83759768009186,16.4478321123123,0.683205845379749,0.928344430503229,0.247373107992095,0.469785394215755
"4323007",2008,0.266431525918017,0.0605608592845124,0.634916900000352,0.0513242027490879,10.6427148962021,43.5383791208267,15.4803125762939,49.8272561049461,2.90255860805511,0.870482396619447,0.121388076134889,0.816538698467108
"4323007",2009,0.744748871522261,0.602939438194336,0.337214139785724,0.260237049243956,3.87007814407349,36.7657423686981,2.41879884004593,23.7042286324501,0.0131389130735517,0.667649406060257,0.0232359512988778,0.0537484336523555
"4323007",2010,0.931021445887728,0.0563181846566904,0.0333682446727323,0.0539118479325973,47.8922170329094,37.7332619047165,0.268050650765591,12.5777539682388,18.3828711843491,0.878540174899264,0.121415354761853,0.311319345262478
"4320003",1981,0.0475101048261119,0.341571746239259,0.202639168126656,0.163699105502949,22.8661288695931,3.5946752808094,12.0821030271649,26.4608041504025,15.4770741257071,0.630137360933161,0.706017569337878,0.836647470499181
"4320003",1982,0.342431349097993,0.593213243452823,2.19674600493908,0.709812418254707,5.29216083008051,21.5680516848564,33.6501547120214,22.2670163227916,2.99556273400784,0.0564737537172418,0.727890765386625,0.833289425846794
"4320003",1983,0.589437803419465,0.472318162310252,0.840255821722868,0.499260455667973,3.5946752808094,38.9423155421019,102.248541320801,40.3402448179722,1.59763345813751,0.285680300176232,0.146895037451361,0.470037658025017
"4320003",1984,0.266540060630302,0.373974184850828,12.8809197562337,0.78744862588591,0.170094829894932,12.2818072094321,230.957886792004,0.368601826876178,1.99704182267189,0.935104646916676,0.513555413828596,0.85700296969686
"4320003",1985,0.498246307098619,0.732761770214887,1.8971897315383,0.264956529480719,0.662537118745591,0.605928846847155,45.8321098303199,3.89423155421019,0.809688052203071,0.537167768263658,0.709835154249138,0.499010170252922
"4320003",1986,0.551154333159299,0.159314945050642,0.235684833233819,0.205875462278631,30.4548877957463,5.69156919461489,1.19822509360313,25.362431147933,10.584321660161,4.09393573647737,0.403561062729206,0.480024384818023
"4320003",1987,0.590831891972368,0.864525919328491,0.867415492994563,0.169881935013634,36.1464569903612,0.582930234766885,152.474143160999,9.18639238429069,0.195281169593474,0.449303163667976,0.247353729984581,0.585896083922184
"4320003",1988,0.174413067238973,0.993392723690078,0.181607539582032,0.394101519469226,0.299556273400784,0.798816729068756,0.399408364534378,0.699970750570217,8.38757565522194,0.296910645063286,0.32784632479726,0.537737714158111
"4320003",1989,0.237276612531164,0.25139012655262,0.092556843759054,12.1819551182985,10.8838779335618,0.590639103898314,0.124806792536057,NA,0.762831443488404,0.89231537357742,0.334428613373456,0.784749651435692
"4320003",1990,0.982419714829078,0.533673159318446,0.156955394737341,0.502513005957159,0.238338206665296,1.99704182267189,58.4134733131528,0.698964637935162,3.29511900740862,0.144704588348853,0.304346899403712,0.45133285084207
"4320003",1991,0.325875966723456,0.220346718959886,0.558457734850145,0.416826112541444,0.0879195255238738,145.983757237315,47.8291516529918,0.399408364534378,0.723740466589558,0.544785645292704,0.396321416677165,1.59763345813751
"4320003",1992,0.479372843451108,0.492430944218313,26.8602125149369,20.3698265912533,21.0687912291884,86.8713192862272,14.1789969409704,10.2847653867602,0.461964221599438,0.798731916032862,0.299556273400784,0.466239714018522
"4320003",1993,0.566383678268484,0.578914609684325,0.829320705798444,10.7840258424282,0.698964637935162,0.496581623827884,0.660527465843025,27.9585855174065,0.186839676022399,0.102040118984631,0.974451193410923,0.504811777153326
"4320003",1994,0.284636261777541,0.967076722295815,0.0622178772258255,0.812605252677163,0.880344429739291,11.582842571497,19.2714535887837,2.99556273400784,0.356448490354915,0.561734742229594,0.385827192125747,0.0629811252214672
"4320003",1995,0.519246879430307,0.741513380006667,0.433058879303646,0.783867558785484,0.165396525164868,0.181127928551286,0.443078287156106,0.2167460430378,1.29807718473673,0.0519517056602804,0.112924055149866,0.135764919718652
"4320003",1996,0.684424307212773,0.0249579637892453,0.745106632874749,0.284090830629945,0.906523812903915,1.99704182267189,17.0747075838447,24.2640581454635,0.754746358803415,0.916578600981381,0.367371355415528,0.624576410331622
"4320003",1997,0.710910479487141,0.7368390239194,0.587813736894403,0.0997370335408177,0.0874273965025952,125.713782737196,15.4770741257071,112.533306707561,0.0886137055695221,15.3772220345736,0.929523079200539,0.0278467263107335
"4320003",1998,0.280335884028492,0.451293149627314,0.116331260650704,0.235267427855939,3.49482318967581,22.3668684139252,0.563533888814765,0.296813364672368,0.115091890313232,0.714315866945376,0.634455085180012,0.342206242875548
"4320003",1999,0.765358930488789,0.199704182267189,0.867227260023927,0.299556273400784,4.59319619214535,2.89571064287424,0.498094969233503,1.69748554927111,29.3565147932768,12.7810676651001,0.310103000837232,0.967422365207874
"4320003",2000,0.0309490811723186,0.641299621752102,0.817808207208874,0.998520911335945,20.4696786823869,95.6583033059835,35.1479360790253,0.133579993094919,24.7633186011314,0.617697296309603,0.709021521597336,0.252506400759171
"4320003",2001,0.753961782285199,0.0787912331136247,4.49334410101175,0.0998520911335945,0.0998520911335945,0.869310585266994,23.7647976897955,48.4282641997933,7.98816729068756,0.798816729068756,0.51463850038812,0.63452326921722
"4320003",2002,0.024490668950953,0.47850969145703,0.578683807548352,39.9408364534378,75.0887725324631,47.6294474707246,99.2529785867929,35.8469007169604,0.478930626906381,0.015197455897955,0.754235222169961,0.793873065819098
"4320003",2003,0.408582574981641,0.234344595474822,0.425781475157064,0.985441661990536,58.61317749542,4.79290037441254,7.58875892615318,0.375734143085946,0.871773960227129,0.575234354875652,0.687762172289715,0.887697427725367
"4320003",2004,0.0598217110230117,0.688613763671704,1.69748554927111,26.4608041504025,0.7844664968798,4.39349200987816,66.3017885127068,10.2847653867602,0.83810128942367,0.374387383622203,0.692441858357128,0.473664423555927
"4320003",2005,0.861186424755308,0.510453596475259,0.826130859612677,3.89423155421019,31.9526691627502,0.120356887989908,16.9748554927111,9.0865402931571,3.5946752808094,0.245072594266645,0.240346498593257,0.90205477125074
"4320003",2006,0.426540068777651,0.960535476380132,0.788647815156972,0.786602014359748,0.904226866957426,3.5946752808094,47.7292995618582,0.520744275813072,0.289483637631622,0.499260455667973,0.952657179394706,0.846185735701371
"4320003",2007,0.247035608796749,0.0101749079192038,0.306182748828259,0.750731570438928,0.875707436287426,9.38609656655789,0.756452534828075,8.38757565522194,0.317447142258986,0.249671392317304,0.154103437814159,0.141375651442003
"4320003",2008,0.219919521260461,0.13230132444139,0.19325158517831,0.747438659371448,19.9704182267189,19.0717494065166,8.98668820202351,73.391286983192,5.89127337688208,0.739212102608548,0.724886179137118,0.690078058659847
"4320003",2009,0.817925192670767,0.361114455315366,0.388971779745044,0.953342429410372,2.99556273400784,23.9645018720627,9.18639238429069,22.8661288695931,0.981573056805664,0.247741331785528,0.708125691798615,0.49943285818375
"4320003",2010,0.192290974941321,0.852768419969194,0.0837549260315831,0.252719121508256,45.9319619214535,28.557698064208,0.461118560012161,7.88831519955397,9.28624447542429,0.632791982583403,0.915345988322217,0.457830282395971
"4314003",1981,0.601123164504027,0.972293189115158,0.595461859547178,0.942978270241968,5.47058243751526,1.09411648750305,2.1882329750061,7.11175716876984,0.0434626370202495,0.0855636434733816,0.133071363119422,1.07787288627085
"4314003",1982,0.528034811692925,0.147578613993559,0.413159555666733,0.761128884361392,27.3529121875763,34.4646693563461,121.446930112839,3.39176111125946,0.702406865006895,1.02236206925338,0.380515859472334,0.812890739877763
"4314003",1983,0.677443297605298,0.169764782098766,0.215833669271947,0.329751147282942,0.146011896798329,45.7340691776276,94.0940179252624,NA,0.147549081539491,0.358543593406033,0.621364104270398,0.668895774932841
"4314003",1984,0.67531014447651,1.05923418798378,13.1293978500366,0.272307432802505,0.625485370845523,10.9411648750305,288.846752700806,0.351657686125301,0.0326793450482095,0.569355931070203,0.060898431045265,0.863020863748243
"4314003",1985,0.924690387857054,1.06537345226057,0.903447700013944,0.836915090665015,0.0660483746690925,0.883375222352944,25.1646792125702,1.07075743618856,1.00506753935228,1.09411648750305,0.19226043519083,0.985702020698893
"4314003",1986,0.496449506378917,2.1882329750061,0.218264337993242,0.613026832648046,21.882329750061,2.1882329750061,9.84704838752747,30.6352616500855,0.847474947828688,6.56469892501831,0.305625225793638,0.232277374597376
"4314003",1987,0.216405031951486,0.476127078641595,0.462003476839693,0.448521431365124,5.47058243751526,0.404181192115077,154.27042473793,36.1058440876007,0.520714861148107,0.279078921884797,0.214119410809699,0.166416043304527
"4314003",1988,0.481650173343763,0.910539395996828,0.348641080064806,0.765495622616028,7.65881541252136,0.510482749264917,0.343857298112416,0.700184693933811,1.09411648750305,0.161139713616376,0.446455062901985,0.632381670656196
"4314003",1989,0.980757762860705,0.955288584713665,0.21684908664872,1.03216426039215,4.37646595001221,0.299437325821774,0.711195503239094,NA,0.304029898062317,0.731472613574673,0.674322262107309,0.0305540999326341
"4314003",1990,0.642913950270076,0.581570988920815,0.470509970723053,0.99513603539714,0.505821888096315,3.28234946250916,39.9352517938614,0.55295984297396,12.5823396062851,0.169730432948057,0.74746178123886,0.206135988833963
"4314003",1991,0.831005482805551,0.234572092896647,1.03351322178357,0.0254661095026706,2.1882329750061,111.599881725311,33.9176111125946,1.03712776463739,0.850572615673682,0.84495486656488,0.377613594168148,0.0423922387886779
"4314003",1992,0.57239907456137,0.669779751617897,33.9176111125946,18.5999802875519,20.2411550188065,70.0234552001953,5.47058243751526,4.37646595001221,0.0403881969738802,0.4290597953112,7.65881541252136,0.258070003298399
"4314003",1993,0.278620004922098,1.07188600899852,0.817269355564219,20.788213262558,0.208399686210873,0.438187230121411,1.0548347910586,2.73529121875763,0.977735368255797,0.390074173118577,0.473785622998382,0.0502432505176189
"4314003",1994,0.278425956344832,0.838332530004431,0.712675897679919,0.175346213141673,0.351823869037482,6.01764068126678,36.1058440876007,0.161064969734003,0.915937773971095,0.109716769312745,0.369452310803355,0.26682596349952
"4314003",1995,0.287863173427968,0.516487732201356,0.178540554238279,1.01805537335902,0.80242538580288,0.0708169858612197,1.0930020585809,0.622893934811469,0.360653895502345,0.273760940304102,0.272374998512784,0.948271489447112
"4314003",1996,0.131204455776044,0.396451965776603,0.733460784083632,0.797107077385829,0.0162426709076743,0.64442496874235,0.593033852644329,27.8999704313278,0.625372696623454,0.880999737262549,0.0127829901495194,0.627052614596283
"4314003",1997,0.285988041934265,0.0465464429788614,0.953516947492796,0.750643419533584,3.28234946250916,193.65861828804,10.9411648750305,151.535133519173,1.64117473125458,1.64117473125458,0.797841767299035,0.649011969225494
"4314003",1998,0.852014398589767,1.00879563427546,0.563429925604115,0.951145034675354,0.0871304633303824,16.9588055562973,0.445968136343928,0.328953027171053,0.760251901159141,0.603800478509732,0.755078695091527,0.618583298794042
"4314003",1999,0.603792169274962,0.443634009171677,0.804711638199916,0.752365253568325,2.1882329750061,1.09411648750305,1.09411648750305,0.73395709897139,36.1058440876007,6.56469892501831,0.341908780266297,0.719102443469941
"4314003",2000,0.364712590365548,0.586802403193012,0.77585608693129,7.65881541252136,4.37646595001221,74.946979393959,13.1293978500366,0.517113838314428,15.8646890687943,0.250144440782921,0.88410150699295,0.166512081224989
"4314003",2001,0.502743614664551,0.0603909002954548,0.12972071451057,0.293582363828949,0.17853465335183,2.1882329750061,47.5940672063828,25.7117374563217,0.18690280527794,1.00808177018115,0.17099446223173,0.023785878959142
"4314003",2002,0.501268705877706,0.24201941307178,1.08150429647895,8.75293190002441,63.458756275177,47.0470089626312,88.6234354877472,17.5058638000488,0.71001037729531,0.681837136529247,0.836976572837507,0.291696475521604
"4314003",2003,0.156936871438415,0.97576160886095,0.966779552033016,0.299911142752026,50.3293584251404,2.1882329750061,14.2235143375397,1.08078171785241,0.0734486676017866,0.732451917699603,0.0637454319647522,0.903463142840633
"4314003",2004,0.0532282100048675,0.401248841817421,0.315939498935765,3.28234946250916,0.815693160369454,0.444745208960835,45.9528924751282,0.17493856108529,0.755642941246983,0.133232049423638,4.37646595001221,0.32672610767268
"4314003",2005,1.04037893628386,0.0551646723532183,3.28234946250916,7.65881541252136,53.064649643898,0.52381474984995,0.829087416019808,20.788213262558,3.28234946250916,0.640931433036547,0.0442373181508661,0.958900432377593
"4314003",2006,0.191247103147179,0.852660783586701,0.608599445488038,0.166973374947771,6.56469892501831,2.1882329750061,17.5058638000488,1.09411648750305,0.306408448740155,0.0127230237029107,0.327873266338909,0.459073917770356
"4314003",2007,0.1733563315183,0.664664559640056,0.596109928910422,0.549947595325926,1.09411648750305,16.4117473125458,9.84704838752747,2.1882329750061,0.0365759018220185,0.985285977634966,1.07461561452824,0.112637971764957
"4314003",2008,0.451753134977394,0.488255562815113,0.441604374261646,0.188093675440707,9.84704838752747,44.8587759876251,15.3176308250427,65.0999310064316,0.284275327983956,0.855831932548822,0.00808635530262122,0.22342197564545
"4314003",2009,0.564093915693503,0.979995107168083,0.349933565255055,0.498030776835327,1.09411648750305,25.1646792125702,10.9411648750305,11.488223118782,0.0127592783375882,0.295445672915502,0.457783284567868,0.912269588686645
"4314003",2010,0.242459050001237,0.56311360991577,0.405590649820309,0.390586422233903,13.1293978500366,16.4117473125458,0.345988595941774,1.09411648750305,5.47058243751526,0.93644934009805,0.898591600869059,0.0610323924273389
"4311003",1981,0.593953513409837,0.438712655409611,0.00349806700293327,0.222279705075069,12.1056118488312,3.96183660507202,6.60306100845337,21.9001523447037,0.00571225676872341,0.966212282072319,0.587958082328858,0.1673241770443
"4311003",1982,0.244145404606509,0.398746775748752,0.833931778527114,0.335265928456437,38.5178558826447,38.6279068994522,145.817597270012,6.05280592441559,0.991881365249639,0.6703052431044,1.01253437559192,1.05203498701485
"4311003",1983,1.03202883790164,0.594606594170155,0.769457720035478,4.95229575634003,0.875979689897062,68.7818855047226,123.807393908501,24.7614787817001,0.388771358927202,0.166372866775498,0.645809682442628,0.913571642919983
"4311003",1984,0.161996314364898,0.88782519726035,15.4071423530579,0.453244757876408,0.381590701655425,11.1151526975632,394.422844238281,0.804959277152111,0.119328216336869,0.23770205504579,0.324204932722358,0.778271386687035
"4311003",1985,0.746656773450084,0.476019948228061,0.484074373667349,0.699187208572274,1.04562973948175,1.21056118488312,49.9631616306305,0.546346966898688,0.14169793388958,2.97137745380402,0.0880569044159954,0.125012025918235
"4311003",1986,0.0547839245195093,2.7512754201889,0.400508284953963,0.10521878217524,23.4408665800095,2.86132643699646,NA,28.9434174203873,0.294282488591356,6.60306100845337,0.96889814793816,0.918914943606954
"4311003",1987,0.617493285627566,3.08142847061157,0.720662505618714,1.65076525211334,8.91413236141205,1.54071423530579,182.244483833313,62.5089775466919,0.411821475467232,0.0310588154977125,0.38365954764054,0.599693313633925
"4311003",1988,0.0665951910225882,0.0459021110434003,0.44947716171005,0.593982355707698,8.47392829418182,0.736761782114042,0.289078584785182,1.05236389549569,0.463412861787258,0.0870807426703781,1.01286436819242,0.55743409552827
"4311003",1989,0.283072232050515,0.456218150419594,0.105855774097461,0.556383614317399,5.50255084037781,0.798377820328721,1.10051016807556,NA,0.148344857345666,0.128551400929704,0.338140615375757,0.640540560549273
"4311003",1990,0.549334067367667,0.849492143773041,0.451992360338153,0.813552354277286,0.938382444877766,2.7512754201889,44.5706618070602,1.54071423530579,10.4548465967178,0.0569402200914025,0.943057747461272,0.777556707379703
"4311003",1991,0.322567764176787,0.879446904458246,0.199923235254599,0.921568654345063,2.20102033615112,147.468362522125,36.4268865633011,0.484448702688202,2.42112236976624,0.306562707186876,0.489844477483192,0.175371375958651
"4311003",1992,0.850281135627351,0.248468695250413,30.5941826725006,29.9338765716553,17.3880606555939,73.9542832946777,3.41158152103424,6.82316304206848,0.0315610168306231,0.959437978270555,7.26336710929871,0.640061473436892
"4311003",1993,0.458388418861675,0.283836497981929,1.02636085195775,25.3117338657379,12.1056118488312,0.170769180860717,0.833178381721727,4.95229575634003,0.769164072732625,0.0308813370879032,0.983144140180821,1.0507947730753
"4311003",1994,0.476498968719995,0.300314802289524,0.189779370424911,0.863499768822877,0.98744791743939,13.5362750673294,42.5897435045242,2.20102033615112,0.297943099493373,0.122440656003503,0.0198145989274735,0.795409741791162
"4311003",1995,0.209156028565837,0.047547905655774,0.456056051596347,0.646242337665357,0.437505741444561,0.41499249321228,2.20102033615112,0.550919611984624,0.869176645009274,0.997489952402452,0.873802047852595,0.95286233715601
"4311003",1996,0.448808177880193,0.655032219792191,0.214224082005119,0.0936213204184207,0.214582839265041,0.998572321234335,17.608162689209,26.4122440338135,0.99456332818218,0.306019106370431,0.0107418338247249,0.922351802304955
"4311003",1997,0.763888486605993,0.63059970744087,0.873885466389828,0.557443422647166,1.87086728572845,241.341879858971,14.5267342185974,178.502749261856,6.93321405887604,1.03540856264755,1.00885235851515,0.23413395073499
"4311003",1998,0.420111170248534,0.889437597348432,0.268684406668534,0.770357117652893,0.550255084037781,30.8142847061157,0.912956872504292,0.19689219373201,0.475234153899004,0.443342917958352,0.866874507284511,0.3494158504264
"4311003",1999,0.829103990707183,0.568171038899675,0.770357117652893,0.0647061169843077,4.40204067230225,3.30153050422668,0.550255084037781,0.24465377832389,31.3645397901535,3.30153050422668,0.89946354782935,0.845963798032906
"4311003",2000,1.04138253886961,0.519538870597679,0.0447637290203347,7.70357117652893,5.50255084037781,92.6629561519623,17.608162689209,0.178477106177513,20.1393360757828,0.472374828117506,0.784535765027453,0.596772013924812
"4311003",2001,0.231241841799924,0.219660903707737,0.730718629269049,0.385237733260361,1.43066321849823,2.97137745380402,46.2214270591736,32.6851519918442,0.338626497005097,1.87086728572845,0.392691058031109,1.06964736735851
"4311003",2002,0.991563407889223,0.460938926839472,0.4567889208482,4.40204067230225,79.4568341350555,75.9352015972137,106.749486303329,23.6609686136246,0.593793267147498,0.177438239472985,1.09334051701419,0.760494320596908
"4311003",2003,1.05338847237044,0.612027377437523,0.662553534573207,1.02799337449579,67.2411712694168,2.7512754201889,22.560458445549,0.47855306391308,1.04212125406574,0.0353778301338102,0.2415075690086,0.122173065751336
"4311003",2004,0.931087846398222,0.600654261831635,0.391337279033087,5.50255084037781,0.668507554896421,0.0629695317697082,31.9147948741913,0.243710054330443,0.139699183889572,0.590541433674859,3.85178558826447,0.0662827967257807
"4311003",2005,0.393687898251198,0.593273773964948,1.65076525211334,8.14377524375915,63.2793346643448,0.903494676806384,3.30153050422668,31.3645397901535,4.40204067230225,1.03464764798088,0.269313198382353,0.737551491163092
"4311003",2006,0.465526448015123,0.795447792572275,0.0923664973834071,0.388034978521527,10.2347445631027,3.08142847061157,28.2831113195419,0.195801373840115,0.949067075055156,0.350150588638041,1.09642196331121,0.353999716958036
"4311003",2007,0.11054078199902,0.388624558977282,1.03412124472052,0.63387627657324,5.06234677314758,25.8619889497757,8.25382626056671,6.05280592441559,0.779651181738545,0.578496901311612,0.801225445765993,0.26202782990959
"4311003",2008,0.894794705891867,0.562868219358993,0.861679412238905,0.87657962470777,13.7563771009445,56.6762736558914,25.8619889497757,87.6006093788147,1.06516960208912,0.585356140803186,0.142826624687378,0.0404653521177418
"4311003",2009,0.279143694975536,1.03991922330033,0.706915967384197,0.558681671027282,0.541070259498677,18.7086728572845,5.39249982357025,82.0980585384369,0.486681041657545,0.859069220283262,0.397920131042389,0.677460547196144
"4311003",2010,1.03676990921595,1.02919054675778,1.04204954560957,0.901043807907417,21.4599482774735,26.7423970842361,0.93229020403712,0.0867094502607747,7.04326507568359,0.036019114718949,0.292695668705293,0.667596008579166
"4313003",1981,NA,NA,NA,NA,NA,NA,NA,NA,NA,NA,NA,NA
"4313003",1982,NA,NA,NA,NA,NA,NA,NA,NA,NA,NA,NA,NA
"4313003",1983,NA,NA,NA,NA,NA,NA,NA,NA,NA,NA,NA,NA
"4313003",1984,NA,NA,NA,NA,NA,NA,NA,NA,NA,NA,NA,NA
"4313003",1985,NA,NA,NA,NA,NA,NA,NA,NA,NA,NA,NA,NA
"4313003",1986,NA,NA,NA,NA,NA,NA,NA,NA,NA,NA,NA,NA
"4313003",1987,NA,NA,NA,NA,NA,NA,NA,NA,NA,NA,NA,NA
"4313003",1988,NA,NA,NA,NA,NA,NA,NA,NA,NA,NA,NA,NA
"4313003",1989,NA,NA,NA,0.111896338248391,7.16275291442871,0.290387789241694,0.596896076202393,59.0927115440369,0.0534236131769006,0.75257702345975,1.03713770762486,0.812595866786844
"4313003",1990,0.724456109335924,0.211578154966067,0.602538425318857,1.02889083497186,0.815309010949122,2.98448038101196,48.4679613876343,3.58137645721436,20.2944665908813,1.0438478237032,0.009046067967421,1.12260454742918
"4313003",1991,0.851422871893414,0.731535000207401,1.14709900801919,0.877977256122976,7.16275291442871,140.867473983765,36.4106606483459,1.19379215240479,4.77516860961914,1.15752114302271,1.79068822860718,6.56585683822632
"4313003",1992,0.957401411192665,1.03768812031937,35.2168684959412,19.697570514679,22.0851548194885,91.9219957351685,7.16275291442871,4.77516860961914,1.1694935647189,0.966109887733977,17.9068822860718,0.7266940358285
"4313003",1993,0.655254880670935,0.524886891096748,0.268428179779685,28.6510116577148,3.22323881149292,0.53079262167426,0.741829879889785,3.58137645721436,0.416048747262433,0.512685202303999,1.10638700075692,0.949192893052694
"4313003",1994,0.906140190104879,0.801584168800946,0.814683114438307,0.0908842648147814,0.631411390587106,7.16275291442871,56.1082311630249,3.82013488769531,0.389426286065346,0.865202906294238,0.935939439515799,0.0328752802439801
"4313003",1995,0.487395353777781,0.77293665796996,0.325627903304236,2.38758430480957,0.433960354599925,0.951833555273733,4.77516860961914,0.168552758241271,2.38758430480957,0.915759344095972,1.04840855692952,0.694611897395505
"4313003",1996,0.0266459152917206,0.710430657472727,0.334432224157459,0.871855445852858,1.01743792639152,1.07996418565414,14.9224019050598,38.7982449531555,0.0737150361911097,1.17946976395425,0.145248160044568,0.408664391698914
"4313003",1997,0.397408366098063,0.494729017677642,16.713090133667,1.01183407910232,11.3410254478455,230.998781490326,22.6820508956909,137.28609752655,12.8929552459717,0.682476508349061,0.521424898901927,0.78343970434668
"4313003",1998,0.774999245495687,0.945718908644926,0.939496504707408,1.79068822860718,1.18894963622324,27.4572195053101,1.19379215240479,0.0277141872912783,0.404780785872768,0.410702048374245,0.618907474958119,0.637380889607566
"4313003",1999,0.562667824459648,1.08451830613882,14.3255058288574,8.3565450668335,11.9379215240479,17.9068822860718,0.129400801826243,0.477010499839002,34.6199724197388,9.66971643447876,0.985405800308969,0.0454326570443272
"4313003",2000,1.19253133819267,0.375488537317692,1.0194377427639,17.9068822860718,21.4882587432861,95.5033721923828,19.697570514679,0.230319065035162,9.55033721923828,0.41887446590905,0.870773860259421,0.240992192372187
"4313003",2001,0.774335503956751,0.951592602822574,0.335181524138973,2.38758430480957,8.3565450668335,4.77516860961914,17.9068822860718,66.852360534668,0.691246506930146,1.01288946833266,0.935121360183584,0.564820499645937
"4313003",2002,0.389160335777504,0.030100259653902,0.527099222990996,14.3255058288574,122.960591697693,58.4958154678345,75.2089056015015,59.6896076202393,0.573071278349892,0.826140601156084,0.560990907836475,0.509325841160305
"4313003",2003,1.16012322058696,0.317811893671142,1.17235787552699,0.801572326959703,54.9144390106201,16.713090133667,26.2634273529053,0.888035671157427,1.00137771021521,0.664306986854467,1.15902853319861,0.584428173901831
"4313003",2004,0.809132597127411,0.21692435270789,0.931258376127353,2.98448038101196,0.868556397382416,0.431015233037041,95.5033721923828,11.9379215240479,1.08143923201594,0.851035792611141,11.9379215240479,0.819726373788319
"4313003",2005,0.524633624286974,0.110840597687488,5.37206468582153,11.6991630935669,63.7485009384155,1.19379215240479,0.280121009333562,37.6044528007507,10.7441293716431,0.691443999735001,0.948185661959044,0.838763515282059
"4313003",2006,0.365129595119782,0.628791378487025,0.603816433604279,0.969822484798059,13.1317136764526,3.58137645721436,26.3828065681458,4.77516860961914,1.02370811684471,0.57553606321223,0.87315380796305,1.17810448032049
"4313003",2007,0.0949240759896322,1.03639680650066,0.525050251470268,0.320781862699004,16.713090133667,45.3641017913818,13.1317136764526,5.96896076202393,0.311671916219881,0.464841626821828,1.03275427764789,0.660486989093314
"4313003",2008,0.692234965186563,0.328144111954206,0.764094102400761,0.736586332655687,25.0696352005005,62.0771919250488,20.2944665908813,89.5344114303589,0.489314386078701,0.0393475366363325,1.07663039798447,0.632979062861605
"4313003",2009,0.887753968530165,0.558181315373906,0.335532979780675,1.18504606487043,5.96896076202393,17.9068822860718,19.1006744384766,19.697570514679,0.423869553502755,0.46058099827284,0.8298007315589,0.737305022961849
"4313003",2010,1.09450564121888,1.16995568837632,0.872441263440189,0.0655242243888702,31.0385959625244,22.6820508956909,1.0678076492317,1.79068822860718,3.58137645721436,0.37051359897653,1.79068822860718,0.270882643194911
"4311004",1981,0.97214733813522,1.02583866158363,0.941448146335536,0.07583228280329,8.79080718994141,4.3954035949707,7.69195629119873,20.3287416267395,0.906938770684685,0.350815178221759,0.134714977911226,0.064929209537902
"4311004",1982,0.640329677423277,0.975777089550766,1.06838000640461,0.404982065190162,36.2620796585083,41.7563341522217,133.510384197235,7.69195629119873,1.01229636885686,0.00595853481930386,0.451605882233783,0.958228681888402
"4311004",1983,0.717154200465552,0.503116416235022,0.474308341531859,4.3954035949707,1.09885089874268,25.8229961204529,148.344871330261,41.7563341522217,0.486467397890057,0.181388408898435,0.736853126880583,0.594733846165169
"4311004",1984,0.0555267285080753,0.586488174324518,16.4827634811401,0.719323859581294,0.230918934100924,20.8781670761108,499.977158927917,0.0311792958215102,0.117749251439972,0.229206263050421,0.802921862943568,0.716199494905306
"4311004",1985,0.237873224741325,0.442032565557874,0.168728378891127,0.41461585161816,0.957248884471662,2.19770179748535,52.6349580497742,0.519862587298943,1.06362177692464,5.49425449371338,0.515771868898644,0.506266627257837
"4311004",1986,0.579702336890738,5.49425449371338,0.871175509623707,0.899370073417391,25.8229961204529,13.1862107849121,NA,30.9875953445435,0.055761818894368,10.4390835380554,0.904585682151381,0.109522582828851
"4311004",1987,6.04367994308472,6.04367994308472,0.532211351539519,0.476415691361607,12.1972449760437,2.74712724685669,231.308114185333,102.74255903244,0.735659195436682,0.0594437189214291,0.934058612251052,0.279210864027467
"4311004",1988,0.434334550592132,0.386028981250845,0.465329220915273,0.265155263308114,10.5489686279297,0.0342521768301579,0.788252835999814,0.549425449371338,0.68445674831361,0.0395188895557832,0.558452448015302,0.706311886825954
"4311004",1989,0.925577028246234,0.998182448516564,0.126255190720184,0.359050498526695,7.36230102157593,0.557749226184182,1.09885089874268,61.3158801498413,0.28373061750888,0.111532347303784,0.70258046521577,1.02688861841416
"4311004",1990,0.360216130570768,1.01834255810635,0.688479815871744,0.442672211920344,0.710661872563165,2.19770179748535,59.7774888916016,1.53839125823975,13.5158660545349,0.471848706631913,1.04106084942078,0.925522593137569
"4311004",1991,0.694483776177117,0.688579983737719,0.449329868636022,0.933214682706198,3.29655269622803,182.958674640656,57.6896721839905,1.05870840079694,4.94482904434204,0.860909815412102,0.923295795386767,0.263877564760608
"4311004",1992,0.799992630856133,0.384123230265549,33.5149524116516,39.5586323547363,25.2735706710815,112.082791671753,4.3954035949707,9.88965808868408,0.705225069471327,1.09205229074772,8.1314966506958,0.895462093650017
"4311004",1993,0.114167871067359,0.437370655250065,0.0190413907772197,24.1747197723389,10.9885089874268,0.538705131368876,0.402540447744486,4.3954035949707,0.22181888600493,0.767471455430603,0.394917543071609,0.349360184424272
"4311004",1994,0.694388061057746,0.915468087396261,0.279812232222251,0.417970633394445,0.710786850343165,12.6367853355408,53.1843834991455,3.29655269622803,0.746875228937932,0.9992774580653,0.653157849528273,0.10550959637704
"4311004",1995,0.0318668122801278,0.0460117273595707,0.150144423142393,0.39169749602456,1.09749367246247,0.669406079743489,1.09885089874268,1.06232488530975,0.350779578507543,0.133476363446818,0.995198477375223,0.195029848153303
"4311004",1996,0.408166010808671,0.425485955012032,0.0656519450116469,0.0362305221171624,0.00282579476335579,0.956264572393546,24.0648346824646,39.009206905365,0.90430830192958,0.170889059085814,0.872400789130304,0.237220395393664
"4311004",1997,0.121303954989117,0.103415786182033,9.12046245956421,0.423819611561166,0.729992688031955,329.105844173431,7.14253084182739,178.233615776062,6.92276066207886,7.4721861114502,0.952488179680076,0.49366928135115
"4311004",1998,0.121459976886571,0.388723580660771,0.922637712749861,0.386566637355128,0.259493830356164,29.1195488166809,0.337883756583766,0.755521432038787,0.743562976980854,0.0512575543396046,0.748447171295315,0.833253782460729
"4311004",1999,0.395887322064338,0.580056143478061,0.0927425047289222,0.298384674126155,8.79080718994141,3.51632287597656,0.43954035949707,0.0279580716262688,87.9080718994141,0.698022309481282,0.225156950025448,0.780349239688263
"4311004",2000,0.135323419484852,0.132519155966954,0.0754867932630027,8.4611519203186,19.7793161773682,118.675897064209,22.8560986938477,0.505177715802373,30.2183997154236,0.804435400483237,0.00847953621213623,0.894927214244131
"4311004",2001,0.00152495441880247,0.615417864221573,0.239868376306868,0.575997056618005,0.987220671349298,2.74712724685669,74.7218611145019,46.7011631965637,0.936189837132949,1.64827634811401,0.0332194207929532,0.0468488247885139
"4311004",2002,0.868727738310295,0.566598376694608,0.458539869690304,9.34023263931274,99.4460063362122,78.01841381073,143.949467735291,30.2183997154236,0.795458132704557,1.06391828369382,0.341917330464544,0.255071550168947
"4311004",2003,0.769154381550461,0.673912578602786,0.208575967315276,0.750829756588487,84.611519203186,4.3954035949707,27.4712724685669,0.638991710730458,0.770551070566082,0.528479233516082,0.835859159871031,0.86025863269034
"4311004",2004,0.997707288977665,0.728993259539201,0.0379803527759307,25.2735706710815,0.142418579533762,0.478650793622982,54.9425449371338,0.123690958489661,0.668909210634357,1.07450692970145,4.17563341522217,0.809092864184749
"4311004",2005,0.595836759313542,0.813091326505787,1.64827634811401,5.49425449371338,70.8758829689026,0.874106228433191,0.549425449371338,31.3172506141663,8.68092210006714,0.736610014693727,0.770511855489749,0.91901902693667
"4311004",2006,0.0361893426539984,2.19770179748535,0.594638173772108,0.29311213245742,9.88965808868408,3.29655269622803,34.0643778610229,0.272500828182883,0.0771109377037487,0.245718638053783,0.227584218083281,0.00378265608336243
"4311004",2007,1.09240786062679,0.537587884950967,0.171249503857656,0.0360272078241943,4.94482904434204,31.8666760635376,13.7356362342834,10.9885089874268,1.06362457485827,0.852715325340319,0.298733059589151,0.0939548356054122
"4311004",2008,0.231539528367247,1.06449027895828,0.240882945263798,0.740710264642791,20.108971446991,42.6354148712158,19.7793161773682,100.105316875458,0.436819509401042,0.251351497082972,0.305863671217349,1.04330626893449
"4311004",2009,0.0404716954582754,0.221209321522499,0.0863870020747606,0.425698828996844,0.479201748354922,31.3172506141663,6.70299048233032,40.2179428939819,0.20205728930497,0.169803637372,0.804096102931762,0.339556993297775
"4311004",2010,0.57267428861613,0.484883704262605,0.996416804262366,0.747624342662675,17.3618442001343,35.3829989395142,0.119429869571602,1.20873598861694,10.4390835380554,0.00988303431751334,0.0838696981706618,0.403374760287954
"4311005",1981,0.799473022668351,0.689987002932353,0.722450008291244,0.665268261955094,NA,5.60680022239685,11.7742804670334,21.305840845108,0.568787971908787,0.991603078025297,0.209273568802066,0.69811010321787
"4311005",1982,0.881700106558154,0.547458495544389,0.0113971435584787,0.518689634681852,44.8544017791748,56.6286822462082,121.667564826012,11.2136004447937,0.267324209477687,0.10252975084845,0.81559080943543,0.288636503968958
"4311005",1983,0.517153894690273,1.06627302823291,0.32813639221489,24.6699209785461,1.12136004447937,94.1942437362671,152.504966049194,42.0510016679764,0.723125442921764,0.7915156408168,1.00449740268349,0.307064720184804
"4311005",1984,1.05601412809234,0.287320947766437,17.9417607116699,0.53613280104911,0.264010669488427,21.8665208673477,403.689616012573,0.57337111313671,0.857014869306636,0.275637280827918,0.954475176749974,0.173753524964192
"4311005",1985,1.04762960297935,0.22144320372644,0.501561116245307,0.715599344649,0.214008749333763,4.48544017791748,48.7791619348526,0.285502564147354,0.987874808938362,10.652920422554,0.224757595903606,0.860710041441348
"4311005",1986,0.49637016400362,13.4563205337524,0.837244776709722,0.031669038022293,37.0048814678192,20.7451608228683,10.652920422554,35.8835214233398,0.647051277900078,16.2597206449509,0.288351814463872,0.967803168450003
"4311005",1987,0.82802144387659,0.168542766141959,0.766587587973457,2.80340011119843,7.28884028911591,4.82184819126129,374.646390860558,97.2219158563614,0.847496815745523,0.779907445247509,0.431704219416666,0.91039442943742
"4311005",1988,9.41333444502135e-05,0.0856835562078573,0.238388986079602,1.03433411869714,10.2043764047623,0.782153580982875,0.320027199249584,0.0667205547457247,0.273746568021421,0.342913581927106,0.73766866684646,0.732923072338355
"4311005",1989,0.323817130032066,0.839867003541544,0.439738445954965,0.223181462623034,14.5776805782318,0.441246098992398,5.60680022239685,72.8884028911591,0.945127697579586,0.485211253960452,1.06824074211726,0.130229867297619
"4311005",1990,0.505344061906701,0.072927288601263,0.99880297892366,0.261622683890889,0.354300957699454,4.26116816902161,56.0680022239685,1.68204006671906,21.305840845108,0.73083981467169,0.855984514861858,0.0636476413950409
"4311005",1991,0.228668626138275,0.834320054762889,0.648068411944491,0.492064702878608,10.652920422554,213.61908847332,80.177243180275,1.10226006059965,8.97088035583496,0.344702225389278,0.634090400342839,0.443531021026389
"4311005",1992,0.329735943692215,0.544178185922799,40.3689616012573,28.5946811342239,34.7621613788605,128.395725092888,1.0919101160347,12.3349604892731,0.30239524010316,0.660588911219049,0.825147276462959,1.03483564825032
"4311005",1993,0.305755690634631,0.0259317991306354,0.966354580859178,25.7912810230255,5.60680022239685,0.160939713003741,0.635539569896544,12.8956405115128,2.80340011119843,0.541247695781296,0.628170764780873,1.08693402950136
"4311005",1994,0.589592381728677,0.288171975662715,0.49265988302641,1.03613123260423,0.215511433624861,15.6990406227112,65.5995626020432,0.94510172751868,0.797573834717369,0.927310258586695,0.751707122172893,0.958605311701208
"4311005",1995,0.889032296313447,0.889202389520866,0.880621003257733,0.796281091511979,0.657129516554418,0.734728096658798,2.80340011119843,0.0819001847135976,0.666070134483301,0.00380876481402428,0.924089420663055,2.80340011119843
"4311005",1996,0.0616814376377942,0.76495441528125,0.260433677853455,0.794949810040596,0.252791219901556,0.885736545746719,31.958761267662,53.2646021127701,0.171485819788983,0.863217983191184,0.650449545314215,0.589636217449513
"4311005",1997,0.814878100199904,0.670986240199081,8.41020033359528,0.245254087570804,0.619932368484578,389.111935434341,23.5485609340668,204.087528095245,0.501825285880215,5.60680022239685,1.09563414976863,1.09327096038493
"4311005",1998,0.60824343228861,0.778224447499123,0.095517816127872,0.0860571601897323,3.9247601556778,43.1723617124557,0.476389979412723,0.90220444467239,0.62127867498954,0.452762566611594,0.730493218832556,0.657531112454778
"4311005",1999,0.928494229300615,0.829304304417577,1.12136004447937,0.452062202351787,17.9417607116699,6.16748024463654,0.825903874942152,0.523186419824312,71.7670428466797,7.28884028911591,0.635132525894152,0.923184077275612
"4311005",2000,0.70410588427565,1.06322371818965,0.972971672171983,13.4563205337524,12.8956405115128,116.060764603615,32.5194412899017,0.216240268636678,42.0510016679764,0.325505373540072,0.130302759910736,0.578632047916024
"4311005",2001,0.979110434381821,0.450003033353243,0.67472094481901,0.277764240799972,2.24272008895874,3.9247601556778,80.7379232025147,40.929641623497,1.10161604622076,1.08318481862768,0.61779967530351,0.422709358839888
"4311005",2002,0.932154608984248,1.06216955757287,0.491498743585712,11.2136004447937,122.228244848251,72.8884028911591,120.546204781532,33.1922573165894,0.224247854381616,0.970180680804387,0.688394062438471,0.964586676580248
"4311005",2003,0.308582131087061,0.588256855766246,0.656820486432273,0.0793900957844306,94.1942437362671,4.48544017791748,25.4548730096817,0.818866161798512,0.755091895306419,0.542334576601793,0.312275281886366,1.08446812588849
"4311005",2004,0.89292252287639,0.0257754043738442,5.60680022239685,35.659249414444,0.533999896648673,0.68626645183766,57.6379062862396,0.552817712862454,0.071275703010813,0.214459528799591,8.41020033359528,0.743286974091133
"4311005",2005,0.971442097749458,0.19333344363181,7.17670428466797,12.7835045070648,73.7854909267426,10.0922404003143,1.68204006671906,31.8466252632141,10.0922404003143,0.705072849934504,0.225763610775676,0.326133783272284
"4311005",2006,0.828093855306401,0.946208767909321,0.0400242221803724,0.747395953425391,13.4563205337524,3.9247601556778,42.1631376724243,2.24272008895874,0.940966420956527,0.812155370023472,0.594999822334293,0.962009747556356
"4311005",2007,0.895781717212751,0.707060458385708,0.273198137586251,0.128838668974985,11.7742804670334,65.0388825798035,15.6990406227112,13.6805925426483,0.376696050394101,0.0349241741593558,0.498980982378724,0.334032181919627
"4311005",2008,0.64256397856981,0.342047824808798,0.811963349164873,0.854126127756645,31.3980812454224,69.412186753273,24.894192987442,140.954957591057,4.48544017791748,0.316305953663522,0.383201832233242,0.799637300685445
"4311005",2009,3.36408013343811,0.752695827239213,0.376686204804051,0.78921477628958,0.77498693238349,27.0247770719528,36.4442014455795,17.9417607116699,0.560680022239685,1.10706842224558,0.328508593115329,0.384470435597462
"4311005",2010,0.560680022239685,0.476291712017017,0.420549533238675,0.978327178399701,20.1844808006287,46.5364418458939,0.933181448153916,2.80340011119843,15.1383606004715,0.128494020844729,1.10382832759058,1.11169670071294
"4301005",1981,1.03190363456976,16.4750628662109,0.699346198499291,16.4750628662109,1.37292190551758,3.43230476379395,5.49168762207031,50.1116495513916,1.12560523401941,1.04833008362663,0.310815076987264,0.240542125527834
"4301005",1982,1.37292190551758,0.951232860918102,19.2209066772461,1.29662883841515,39.8147352600098,93.3586895751953,256.736396331787,5.49168762207031,21.2802895355225,0.482850152458344,0.0152052428247067,16.4750628662109
"4301005",1983,0.193619251329344,4.11876571655273,6.86460952758789,35.695969543457,0.371353478668009,35.695969543457,85.1211581420898,55.6033371734619,0.849866683246829,1.35171150130404,0.190220406234557,6.1781485748291
"4301005",1984,3.43230476379395,0.107777425920439,17.1615238189697,0.0877686290499363,0.00431491575147923,56.2897981262207,378.239984970093,12.3562971496582,16.4750628662109,0.151824724778042,0.857065722001895,1.26612681925344
"4301005",1985,1.23210274782323,0.771353509399196,21.9667504882812,0.184182114181823,19.2209066772461,19.2209066772461,46.6793447875977,0.878999625447563,4.11876571655273,45.9928838348389,1.09966987621758,0.1703303589029
"4301005",1986,0.674332208731353,13.7292190551758,2.74584381103516,6.1781485748291,34.3230476379395,27.7330224914551,28.8313600158691,70.0190171813965,4.11876571655273,32.2636647796631,1.21119319320681,1.1860990369754
"4301005",1987,0.382062029496823,6.1781485748291,21.2802895355225,5.49168762207031,20.5938285827637,20.5938285827637,209.370590591431,258.795779190064,8.23753143310547,6.86460952758789,0.230539689954319,0.666782533600363
"4301005",1988,1.08784860990192,2.74584381103516,0.237036621969055,0.62087082680183,41.1876571655273,2.05938285827637,2.74584381103516,7.55107048034668,3.43230476379395,0.318219129546207,0.041768246484228,2.74584381103516
"4301005",1989,6.86460952758789,0.860312310975779,1.04942764219595,0.277134754575442,40.5011962127686,10.9833752441406,13.7292190551758,77.5700876617432,5.49168762207031,1.29432691449106,4.11876571655273,6.86460952758789
"4301005",1990,0.710473193538654,0.17215887401263,0.604704431272343,9.61045333862305,1.09874758788747,2.05938285827637,19.9073676300049,12.3562971496582,48.738727645874,0.870594113830618,0.323697915381178,0.0132345747140163
"4301005",1991,0.365947475829303,1.16018796968744,1.20781798236742,0.0725837459010967,55.6033371734619,113.952518157959,53.5439543151855,0.880625804850581,0.588326639002227,0.14370347952539,1.27724368496088,9.61045333862305
"4301005",1992,15.1021409606934,4.11876571655273,19.9073676300049,29.5178209686279,26.7719771575928,59.7221028900147,10.9833752441406,4.11876571655273,0.484112249698746,9.61045333862305,17.1615238189697,0.264267106982831
"4301005",1993,0.512240043025825,7.55107048034668,0.740954030543715,8.23753143310547,65.9002514648437,1.25839208946261,4.11876571655273,15.7886019134521,0.97300895449972,0.474900213682101,0.533738874275965,0.267175304411284
"4301005",1994,0.252651862033974,0.0882965293738393,8.23753143310547,1.37292190551758,8.23753143310547,10.2969142913818,79.6294705200195,49.4251885986328,0.451315213149978,1.26470231354482,0.160559448313277,1.33978876841435
"4301005",1995,33.6365866851807,0.890923916351767,1.10731836252118,11.6698361968994,0.0163728983016811,0.463147067507213,6.86460952758789,0.590422087325081,10.9833752441406,2.05938285827637,0.095188269425777,24.7125942993164
"4301005",1996,1.32860480419403,0.335647993119712,0.97152129422221,0.927210058628304,0.446858190428333,10.9833752441406,9.61045333862305,38.4418133544922,0.434249811282345,0.389206094697644,0.640208583562327,1.01478588993561
"4301005",1997,3.43230476379395,1.07188258929519,20.5938285827637,0.264291353064199,10.9833752441406,239.574872512817,50.7981105041504,229.277958221436,0.388385347102289,0.65398449639548,1.24503940037077,0.564345243329489
"4301005",1998,0.41946249610039,31.5772038269043,19.2209066772461,6.86460952758789,0.540826964433118,0.788608005768156,12.3562971496582,1.29827803609204,0.540474802967487,0.543835066265533,0.675976555593679,0.644847131916286
"4301005",1999,0.341299265609506,1.13777066331095,16.4750628662109,6.86460952758789,42.5605790710449,5.49168762207031,1.17763453146189,0.412545456373355,81.0023924255371,3.43230476379395,0.542363360133324,1.12983901921801
"4301005",2000,0.690687799774187,0.687984772782171,1.29302077377236,40.5011962127686,14.4156800079346,116.011901016235,79.6294705200195,1.26737983628043,14.4156800079346,0.222925482527209,0.898467104017743,0.794626717471937
"4301005",2001,11.6698361968994,8.23753143310547,10.9833752441406,8.23753143310547,12.3562971496582,9.61045333862305,70.0190171813965,65.213790512085,1.35187909686735,24.0261333465576,0.208405171522517,22.65321144104
"4301005",2002,7.55107048034668,0.166528597318703,0.88511987341088,21.9667504882812,145.529721984863,30.2042819213867,144.843261032104,61.781485748291,19.2209066772461,0.546276834298749,1.28619749014172,1.08860056767238
"4301005",2003,0.0215473099872285,0.965472075929432,0.499985931893603,1.08756339287387,52.171032409668,41.8741181182861,78.9430095672607,1.01806914883,4.11876571655273,0.134091181142126,1.20893214239009,1.02565097007736
"4301005",2004,0.421233226900523,21.9667504882812,1.24674465971873,1.09725613742161,0.313762118012601,20.5938285827637,65.213790512085,5.49168762207031,0.727266529759646,0.208078786022837,37.7553524017334,0.260749033181419
"4301005",2005,1.32031813737411,1.1088542307852,4.11876571655273,50.7981105041504,34.3230476379395,122.876510543823,0.590820727106214,73.4513219451904,10.9833752441406,4.80522666931152,0.444259127180914,0.713027938401641
"4301005",2006,6.86460952758789,15.7886019134521,1.22856738977837,0.52653165610455,46.6793447875977,17.1615238189697,76.1971657562256,13.7292190551758,8.92399238586426,5.49168762207031,0.174749073774958,0.111981315077382
"4301005",2007,0.285983652700061,0.760010628018508,0.864808790079251,2.74584381103516,46.6793447875977,116.011901016235,122.190049591064,9.61045333862305,0.850354517920202,0.887684674404041,0.726684932277055,0.107370881309429
"4301005",2008,0.879615269095407,0.807868236762323,1.29423811022125,0.834097269111261,43.9335009765625,47.3658057403564,42.5605790710449,89.2399238586426,0.607873291816541,1.19516707428411,0.349789634355681,0.156127698415431
"4301005",2009,41.8741181182861,15.1021409606934,1.35797378495373,0.438465805259449,1.21250031239954,12.3562971496582,9.61045333862305,16.4750628662109,0.913921667523056,0.14318764246607,1.19870160729092,0.212518192056409
"4301005",2010,0.667486392707442,1.34713788194214,1.06643637887767,0.890753750735796,40.5011962127686,34.3230476379395,0.174724493011359,0.998623251350018,0.850132824027047,0.313636276534912,0.143276328781969,0.266666252738507
"4502005",1981,0.538625866755182,0.898542532050462,0.373862644296357,0.0153316354845312,NA,6.23247815132141,19.1768558502197,13.9032204914093,16.3003274726868,0.70412061570787,0.558982537990775,0.807871422663173
"4502005",1982,0.325852340542286,0.367639217605978,1.43826418876648,0.871595423144572,14.8620632839203,31.1623907566071,51.7775107955933,29.2447051715851,5.27363535881042,1.43826418876648,0.270522837996838,0.218350194785382
"4502005",1983,0.292170266569625,0.527999428117682,0.272592785272595,9.58842792510986,10.5472707176208,48.9009824180603,125.608405818939,51.2980893993378,5.27363535881042,0.547906460945558,0.60433568150013,0.83018188591791
"4502005",1984,0.770199472096403,0.715261352513346,11.5061135101318,0.865096548625904,0.723728633757218,22.0533842277527,381.140010023117,0.937118940795139,5.27363535881042,0.684134662931473,1.91768558502197,0.335048261013836
"4502005",1985,0.749733579909843,0.0737116326477188,0.958842792510986,0.153263762085113,0.72442849631969,0.867229508091794,54.6540391731262,1.91768558502197,0.0322240835794779,0.903599322594846,0.294101639133168,0.388678194736043
"4502005",1986,0.119305039656502,0.317115037735637,0.181820808873922,0.509506653858543,41.7096614742279,11.9855349063873,3.83537117004395,28.7652837753296,4.31479256629944,6.7118995475769,0.245940424653002,0.539855401234838
"4502005",1987,0.685147640615179,0.693531767789255,0.375811822002908,3.35594977378845,38.3537117004395,0.328344946706828,282.858623790741,63.9548142604828,0.413585462919629,1.43826418876648,0.839269447175717,0.754655005601536
"4502005",1988,NA,NA,NA,NA,NA,NA,NA,NA,NA,NA,NA,NA
"4502005",1989,0.918635301620279,0.0902259020055691,0.272231817392371,14.8620632839203,25.8887553977966,0.528233985845122,10.5472707176208,53.6951963806152,0.0920245746276123,0.493205764924319,0.890495858269646,0.4037161981742
"4502005",1990,0.932664678924446,0.863462722315647,0.609087912679041,0.384078084510553,0.673390997223786,2.97241265678406,50.531015165329,0.958842792510986,8.62958513259888,0.788491208196742,0.560023530840813,0.935084467624125
"4502005",1991,0.437709780998846,0.0144614070271023,0.659620185958565,0.707660770846012,0.958842792510986,134.42975951004,51.7775107955933,0.570776470939523,5.27363535881042,0.470725749067033,0.419918896840375,10.5472707176208
"4502005",1992,0.368555607942163,0.67482188240942,NA,12.8484934196472,19.6562772464752,133.950338113785,11.697882068634,18.6974344539642,0.917876155332264,0.679528913015397,0.479421396255493,0.327881673874951
"4502005",1993,0.714266737646113,0.664076747283499,0.057599832747171,23.9710698127747,21.2863099937439,0.713727588182242,0.0531813800764469,20.1356986427307,1.43826418876648,0.581985656916548,0.526652614774305,0.807376843543176
"4502005",1994,0.190523601114128,13.9032204914093,0.31371338296813,0.785001942436676,0.405321516609823,18.6974344539642,NA,NA,0.74465318245383,0.646240471005322,0.461056411151939,0.31090080796923
"4502005",1995,6.42424670982361,0.00369732551447604,0.0917325812214447,0.0876144100383143,0.125807425419471,0.0718466756898329,1.91768558502197,0.346266387179651,2.87652837753296,0.958116842751777,0.537345529517667,0.579777889953261
"4502005",1996,0.41933042385979,0.910268922660974,0.0827965394869883,0.634465017854992,0.741214975293814,3.35594977378845,27.8064409828186,50.8186680030823,0.858792943314868,0.235935725624758,0.616046056523478,0.483154804225471
"4502005",1997,NA,NA,NA,NA,NA,NA,NA,NA,NA,NA,NA,NA
"4502005",1998,0.892934141948604,0.600972387657055,0.9461973187471,0.363579561728828,1.91768558502197,31.1623907566071,0.199841017827075,0.0705099915540115,0.0409195396676635,0.528390568409512,0.744401421906445,0.188257551915755
"4502005",1999,0.333188101431891,0.252923767613695,1.43826418876648,0.523964639163786,9.58842792510986,6.7118995475769,0.479421396255493,5.75305675506592,23.7793012542725,0.331642640022637,0.355626828467427,0.0845636968607975
"4502005",2000,0.924074011198493,0.394222657777528,0.523426872051434,0.862958513259888,24.9299126052856,102.692063077927,41.2302400779724,0.841143682989584,0.553360349377489,0.809848119702283,0.387450320551648,0.396036903509228
"4502005",2001,0.0442109844956331,0.415708222854849,2.10945414352417,0.383537117004395,0.333435954246555,0.664913824977958,80.0633731746674,41.2302400779724,6.7118995475769,4.31479256629944,0.286036311643756,0.626377335428647
"4502005",2002,0.53906480600324,0.831141654230484,0.831892270436258,19.1768558502197,148.620632839203,53.2157749843597,82.9399015522003,35.956604719162,0.674946013870026,0.600750831668987,0.376488419892911,0.658462365652232
"4502005",2003,0.825766120259929,0.780004066812165,0.624513393579346,0.936948701258542,61.8453601169586,2.39710698127747,19.1768558502197,0.602004374013652,0.167890843674025,0.79825169647794,0.119887289153022,0.47183671631885
"4502005",2004,0.522805211248716,0.174885017510688,1.43826418876648,29.7241265678406,1.91768558502197,2.87652837753296,59.4482531356811,9.58842792510986,0.524496907901526,0.0492159346255265,2.87652837753296,0.815358945746687
"4502005",2005,0.212095272046095,0.763566909987152,0.825997612122797,8.15016373634338,47.4627182292938,0.479421396255493,12.4649563026428,9.10900652885437,0.102656810568775,1.91768558502197,0.544317339264231,0.524699315686712
"4502005",2006,0.404454859450403,15.8209060764313,0.0248645333846397,0.724699629434182,0.62551761190513,8.15016373634338,72.3926308345795,0.393732575095187,0.795088542667025,4.31479256629944,0.460293233675066,0.0206501918812237
"4502005",2007,0.0993759320679136,0.176913984493411,0.937299973255549,0.0815062540960346,2.39710698127747,39.3125544929504,0.447971654114851,4.79421396255493,0.417767815219339,0.222590524809926,0.341649518844201,0.328785470569079
"4502005",2008,0.485971578518961,0.151162467666854,0.280105710628031,0.556155318147336,26.8475981903076,41.2302400779724,15.1497161216736,92.5283294773102,8.15016373634338,0.477802914448958,0.411144938054152,0.0440379715493238
"4502005",2009,0.152029592530802,0.710414477137373,0.769925774532314,0.812152236477235,4.31479256629944,24.4504912090302,11.0266921138763,22.0533842277527,0.0478469721798599,0.457161090571939,0.93395561887849,0.607179024982757
"4502005",2010,0.826680585975238,0.897855413822435,0.744015869734915,0.377553203834165,50.8186680030823,45.0656112480164,2.39710698127747,9.58842792510986,23.0122270202637,0.48329014943234,0.0704733791077944,0.605636693956742
"4503003",1981,0.34519848141089,0.35794242665848,0.0111611405968433,0.14469400588254,46.5686620559692,13.3977301549911,12.0117580699921,20.3275905799866,0.92398138999939,0.0153377137094582,0.0215736535087479,0.637104128003401
"4503003",1982,0.724746412825232,0.123490137059491,0.764666140283281,0.24143103412752,12.9357394599915,11.5497673749924,35.9428760709763,36.4972649049759,0.813127688530716,0.0851466505998336,0.553705616176036,0.28865517255757
"4503003",1983,0.318111477815469,0.679345373476623,0.600368323964348,0.0457975844171392,5.54388833999634,22.637544054985,124.275496954918,27.7194416999817,4.15791625499725,0.259213170081159,0.411832909453046,0.433031482822055
"4503003",1984,0.142943403642909,0.268824086353945,2.77194416999817,0.477100141187175,0.697011879862166,3.69592555999756,282.276314644814,0.292483718276552,0.465754615957071,0.92398138999939,0.868070582740144,0.354459009225324
"4503003",1985,0.248260074029815,0.0334056049697268,1.38597208499908,0.224385485181708,0.595192318932477,0.0385463340811996,55.4388833999634,5.54388833999634,0.18583948993212,0.537365324899183,0.564164570962066,0.0780739006290715
"4503003",1986,0.36463422512929,0.200322735717838,0.24287625098558,0.244938206776027,71.6085577249527,11.5497673749924,1.38597208499908,36.0352742099762,0.0701477368773602,2.77194416999817,0.592102902641628,0.899181233447628
"4503003",1987,0.394308464728246,0.161075172944451,0.841258416113617,3.23393486499786,22.1755533599854,0.625629708216534,238.756791175842,27.257451004982,0.330823107562853,0.526768119286165,0.454412663410502,0.713044675105423
"4503003",1988,0.156225104345684,0.0361882185947789,0.0698627386173589,0.201651614150557,0.106752916059555,12.9357394599915,0.365222493816215,0.49348252309487,0.59739618579184,0.537652249228654,0.491199777957453,0.639058803682048
"4503003",1989,0.904289727733088,0.738158649535688,0.437173784892023,1.84796277999878,18.4796277999878,0.435941795089631,11.5497673749924,52.6669392299652,0.449965897365814,0.153518240776172,0.306234577060505,0.570185015362507
"4503003",1990,0.343788091064189,0.530478099756945,0.875105305692957,0.542332017832631,0.763796350501646,0.257191792979608,24.9474975299835,1.84796277999878,0.0955390717652805,0.700125192709554,0.708313468420757,0.47497840646499
"4503003",1991,0.0991624610748782,0.524660631841623,0.0349387612160846,0.516534016599473,0.92398138999939,132.129338769913,36.0352742099762,0.510883918161984,3.69592555999756,0.876372284000487,0.565216373340552,3.69592555999756
"4503003",1992,NA,NA,NA,NA,NA,NA,NA,NA,NA,NA,NA,NA
"4503003",1993,0.0563441234098854,0.193646579220122,0.176010930605896,19.4036091899872,18.4796277999878,0.204717807030336,5.08189764499664,21.251571969986,1.84796277999878,0.527042597201116,0.340251840639763,0.215983507620318
"4503003",1994,0.710115699132175,0.210849866866153,0.74514171583453,0.744007612010625,0.216743404521951,28.6434230899811,9.70180459499359,0.0625665854557692,0.0614763417166767,0.111542832043723,0.259245138359636,0.802104943329016
"4503003",1995,2.21755533599854,0.225423812388363,0.791518354654949,0.0382593906050529,0.808607742172455,0.197498250250355,0.92398138999939,0.383600052644229,1.84796277999878,0.0606726593807521,0.15240892996044,0.754192565397271
"4503003",1996,0.9235512651047,0.585733907003127,0.449264189361354,1.38597208499908,0.6117540294604,0.327244720469512,34.1873114299774,22.1755533599854,0.351596151239214,1.84796277999878,0.780330902438921,0.690542170560925
"4503003",1997,0.479346799144507,0.215018492602651,1.38597208499908,0.913414420858836,0.695504124584701,169.088594369888,26.7954603099823,120.57957139492,0.118795358537832,46.6610601949692,0.0495176102233202,0.502981261579373
"4503003",1998,0.245534643993923,0.0809947629298007,0.774769282293341,0.263870224919834,2.77194416999817,27.257451004982,0.92398138999939,0.206297316516772,0.913990016382976,0.52325752820318,0.528941184308317,0.546740095546116
"4503003",1999,0.545641576786117,0.253949997766801,0.104222750271049,0.518240226089486,7.1146567029953,3.69592555999756,0.131179261745551,5.08189764499664,39.2692090749741,11.5497673749924,0.281277513720804,0.158821542800649
"4503003",2000,0.339435310669663,0.224506881771393,0.906899677286793,2.77194416999817,17.3708501319885,85.4682785749435,30.0293951749802,0.189262533380688,49.894995059967,0.276456726196923,0.743999967969475,0.0607218495557233
"4503003",2001,0.434327240518556,0.533435598037403,5.26669392299652,0.352645740563234,0.17324673350079,0.512099809052652,90.5501762199402,37.4212462949753,19.4036091899872,0.209106646853024,0.626186891953613,0.774920619550117
"4503003",2002,0.799330455854092,0.0985657018056026,0.40718156161436,20.3275905799866,105.79586915493,68.8366135549545,104.409897069931,42.0411532449722,0.0481312313132091,0.90332663663358,0.792546812933772,0.411652731494913
"4503003",2003,0.565572888950092,0.431267351412666,0.438506069496743,0.675119320407335,50.8189764499664,10.625785984993,11.0877766799927,0.754584682635818,0.313810004271612,0.585968731508394,0.109741032455195,0.828029349836032
"4503003",2004,0.544443929019663,0.693723349121173,1.38597208499908,21.251571969986,3.23393486499786,3.69592555999756,63.7547159099579,40.6551811599731,0.813173040120011,0.612320874093459,0.92398138999939,0.00886856783678169
"4503003",2005,0.492677305582832,0.358026931047199,0.657506966197471,16.631665019989,26.7954603099823,2.30995347499847,8.31583250999451,24.4855068349838,15.7076836299896,2.77194416999817,0.796521782743601,0.579128352902033
"4503003",2006,0.0833079317038103,0.769235193991009,0.188787935277318,0.678895691866724,0.92398138999939,14.7837022399902,56.3628647899628,0.872324479377763,0.474197452738418,0.92398138999939,1.90601924413735e-05,0.76246682108197
"4503003",2007,0.645302455503941,0.229161828109356,0.63516867171427,0.635515698963039,0.376212826923809,18.9416184949875,0.325826454385378,17.5556464099884,0.786838158800445,0.196866290356596,0.0221371582302099,0.818923098400579
"4503003",2008,0.692755148010704,0.558942443956138,0.732861720127077,0.149643647948783,22.637544054985,37.883236989975,10.1637952899933,73.0869279489517,4.15791625499725,0.0845418544598699,0.448899181663546,0.390862920924508
"4503003",2009,0.0573981515355785,0.900074884074026,0.369471125978685,0.20523312709997,3.23393486499786,38.3452276849747,1.84796277999878,38.8072183799744,0.235716793467666,0.187296577083395,0.593400608996373,0.910907058760465
"4503003",2010,0.918173061717194,0.648597283780019,0.0381527627709952,0.866251285887211,53.036531785965,42.9651346349716,10.1637952899933,9.2398138999939,8.7778232049942,0.405726642985398,0.219462079438735,0.0653688439998148
"4501003",1981,0.224962856640992,0.761236922169729,0.0219347770565817,0.25625591051219,30.6879095840454,13.1519612503052,15.3439547920227,6.57598062515259,8.76797416687012,0.832765200154725,1.0655357731949,0.682300904581693
"4501003",1982,0.295793909503946,0.647113024920006,5.47998385429382,0.516687700548755,17.5359483337402,70.1437933349609,143.027578597069,20.8239386463165,6.57598062515259,0.381244381696163,0.230733928614064,0.0208451655160927
"4501003",1983,0.136069847434133,0.808544517762695,0.243541614484715,4.38398708343506,8.21997578144073,69.0477965641022,74.527780418396,36.1678934383392,0.220546030535264,0.242466653432174,0.600482628049658,0.0929937119667937
"4501003",1984,0.738033421328853,0.710537957052203,23.0159321880341,0.484466946862861,0.628843854454894,24.1119289588928,264.683220162392,0.0814716278488665,3.83598869800568,1.09423114616953,2.73999192714691,1.00184417574522
"4501003",1985,6.57598062515259,0.490719471299958,7.67197739601135,1.04731592372557,1.09599677085876,1.64399515628815,59.7318240118027,2.19199354171753,1.04577793253668,1.09599677085876,0.295114278900361,0.195453273586576
"4501003",1986,1.02683260346929,13.1519612503052,0.545829891460189,0.219576383198092,46.0318643760681,24.1119289588928,12.0559644794464,38.3598869800568,0.77578619283346,42.7438740634918,0.121420080373912,0.23134914550415
"4501003",1987,0.611002497529606,0.210379369182375,1.09599677085876,2.73999192714691,10.9599677085876,4.38398708343506,177.55147687912,74.527780418396,1.08707853716376,0.763207673084047,0.201082096344268,0.844543251610503
"4501003",1988,0.297603622179202,0.526799612171791,0.238401683756393,0.993113012643634,6.90477965641022,2.19199354171753,1.00296795865827,0.757000309416557,10.9599677085876,1.06370560694616,0.641014858321985,0.23242919870619
"4501003",1989,1.08090362111689,0.749167188665024,0.370748850164519,9.3159725522995,34.5238982820511,0.547998385429382,2.73999192714691,72.8837852621078,0.418902010259774,0.561396633561408,0.568374903240643,0.272399438894294
"4501003",1990,0.912772029286758,0.731767129842623,0.504627422033937,0.714188668946902,0.854497637569665,1.64399515628815,96.9957142210007,4.93198546886444,18.631945104599,0.138622833267575,0.666210608619448,0.0298360167589335
"4501003",1991,0.905008766548877,0.873989135204813,0.987007977576764,1.05154980858707,0.547998385429382,201.663405838013,59.1838256263733,1.05895666730312,3.28799031257629,0.823613195585905,0.0542863626212047,8.76797416687012
"4501003",1992,0.496774176382871,0.414775473421616,26.3039225006104,58.0878288555145,21.9199354171753,122.751638336182,4.38398708343506,21.3719370317459,0.89535400542217,0.257728257501744,10.9599677085876,1.08937769229517
"4501003",1993,0.967222645945972,13.1519612503052,NA,39.4558837509155,24.6599273443222,0.66624673672477,0.831650940875428,26.3039225006104,4.38398708343506,0.577758599973691,0.455506014017591,0.299865264589745
"4501003",1994,0.692826034375836,0.547998385429382,0.170764325496619,0.173520373390909,0.47393679994262,14.2479580211639,48.2238579177856,4.38398708343506,0.645657732994934,0.694245679723329,0.768785609306638,0.944804644444102
"4501003",1995,22.4679338026047,0.531261129257739,0.218266078332146,0.664741715768485,0.341012266970572,0.912667745229281,3.83598869800568,0.113597547618721,4.93198546886444,0.936541526308326,6.02798223972321,1.64399515628815
"4501003",1996,5.47998385429382,0.0767051947392918,0.906105150099559,0.839164101880488,0.377460575737554,0.547998385429382,38.9078853654861,56.9918320846558,0.788047498590778,0.563819575261825,0.873455944154213,0.516295848735829
"4501003",1997,0.286318338961807,0.424546489941777,4.93198546886444,0.415514307695287,3.28799031257629,278.931178183556,20.2759402608871,117.271654481888,5.47998385429382,12.0559644794464,0.979271564540007,0.539299066699032
"4501003",1998,0.892245705056039,0.804248369858495,0.505682594261155,13.8095593128204,6.57598062515259,37.263890209198,0.77893606152216,0.998619168314147,0.882403196083863,0.764889220783825,0.232714406031527,0.324689374990753
"4501003",1999,0.984647442075934,0.109115618553901,8.76797416687012,0.627014780383553,14.7959564065933,10.4119693231583,1.05888217621173,5.47998385429382,64.6638094806671,12.0559644794464,0.561085061124869,0.141345654471717
"4501003",2000,0.0277482183673707,0.326503108307827,0.70228358858428,22.4679338026047,31.7839063549042,109.599677085876,46.0318643760681,0.240166066986982,44.38786921978,0.0999000768204943,0.0929961890149111,0.525054962392111
"4501003",2001,0.291850075825544,1.02016939966315,4.38398708343506,4.93198546886444,6.02798223972321,4.93198546886444,64.1158110952377,53.7038417720795,7.67197739601135,10.9599677085876,1.05625227021292,4.38398708343506
"4501003",2002,0.72460469761987,0.885123575710134,1.03050651673329,30.6879095840454,163.303518857956,80.0077642726898,136.999596357346,39.4558837509155,0.0841733123582969,1.00825489391171,0.91976114546133,0.636784090248948
"4501003",2003,0.976663278805109,0.0724864926746184,0.490461874117012,0.97556901071017,97.54371260643,10.9599677085876,29.5919128131866,0.571623761733469,0.301431686585162,1.01183590549501,1.64399515628815,1.05775729525211
"4501003",2004,5.47998385429382,0.215255914187575,14.2479580211639,38.3598869800568,0.660561387917873,0.538272675897904,37.8118885946274,2.19199354171753,7.12397901058197,6.02798223972321,25.2079257297516,0.0647475655884068
"4501003",2005,0.849169904387004,1.04418743466449,8.76797416687012,29.5919128131866,88.7757384395599,17.5359483337402,8.76797416687012,27.9479176568985,21.9199354171753,0.0368490768813673,0.39037506813613,0.0496142377535051
"4501003",2006,23.5639305734634,9.86397093772888,0.544867959539709,0.67800004194163,0.336796118508507,12.9327618961334,88.7757384395599,0.886102519059036,0.326686968461109,8.21997578144073,0.793623459197162,0.674436564398741
"4501003",2007,0.0116836819703116,0.238438043566638,0.559152705604687,0.449202106206752,6.57598062515259,59.1838256263733,10.9599677085876,16.4399515628815,0.43325023275611,0.175308612276515,1.09599677085876,0.710226912331282
"4501003",2008,0.53668677971612,13.1519612503052,2.19199354171753,0.747361946771989,38.3598869800568,76.7197739601135,14.2479580211639,135.903599586487,7.67197739601135,0.640364532522021,0.230434821800326,0.718195513605363
"4501003",2009,0.938885035069835,0.595293750421831,1.07764186370285,0.539633790999643,13.1519612503052,39.4558837509155,23.0159321880341,8.76797416687012,0.409454438756837,0.537707140830426,0.839381707252997,0.802732522311042
"4501003",2010,0.691319144724449,0.642906008643062,0.651553066174851,2.73999192714691,43.8398708343506,61.3758191680908,3.28799031257629,7.67197739601135,19.1799434900284,0.525861067903213,1.08429787393873,0.806835875387423
"4506007",1981,0.00841059208925998,0.863699765243908,0.187137026182176,0.123608343360747,42.3848664522171,12.7610350608826,16.4070450782776,1.36725375652313,3.64601001739502,0.57879801594554,0.556089211021144,0.0925458877797193
"4506007",1982,0.314002417749089,0.166999809055678,0.178573595075452,0.674178623820143,19.1415525913239,18.4123505878448,28.2565776348114,30.5353338956833,0.272730455785529,0.535944517607165,0.296940812608452,0.826966690134817
"4506007",1983,0.605921515995051,0.318812524822532,0.00455586597278017,0.402639119534982,6.38051753044128,13.2167863130569,128.977604365349,33.7255926609039,0.31518321403678,0.0456791124645134,0.410072121246227,0.793748347694778
"4506007",1984,0.121540764046106,0.726941090188482,0.247729159827386,0.132732265339138,0.752497760468535,0.589285436570542,221.039357304573,0.911502504348755,0.312070483348952,0.718879029387155,0.455751252174377,0.791357122467293
"4506007",1985,0.00194148774068707,0.162608345006207,1.36725375652313,0.440226112821282,0.455751252174377,0.400389377551414,27.800826382637,1.36725375652313,0.137392950016899,0.818470751262133,0.775446138513318,0.474861938824129
"4506007",1986,0.696854682104523,0.638539007538115,0.673939984917353,0.296193525968279,27.3450751304626,8.65927379131317,0.856797194117412,15.0397913217545,0.212864286675155,0.672874574052982,0.868829817862632,0.290541963672726
"4506007",1987,0.389797447009847,0.00226506828801157,0.42719302585941,2.73450751304626,5.46901502609253,0.774023705846841,135.905023398399,12.3052838087082,0.706084592788261,0.790370600570072,0.385284826058742,0.0103247326365663
"4506007",1988,0.356691083133728,0.843431983037615,0.635406799410862,0.39984785414078,1.82300500869751,10.9380300521851,0.721292188566714,3.19025876522064,10.9380300521851,0.106957101257819,0.69045957958934,0.172420814215886
"4506007",1989,0.339535448206773,0.0878453348036312,0.410022779616444,0.0750012038558158,16.3158948278427,0.169843744415549,10.0265275478363,NA,0.191017746765331,0.51388785386604,0.523609778247864,0.149225162865109
"4506007",1990,0.0267963587791441,0.641700266182335,0.497936948345083,0.642399043754203,0.848167152998943,2.27875626087189,25.9778213739395,0.729202003479004,3.64601001739502,0.845533886890461,0.457605067774483,0.402402629842006
"4506007",1991,0.697780289279283,0.101445327371626,0.10537801609001,0.874462100513126,2.27875626087189,94.3405092000961,35.0928464174271,0.224679615906625,3.64601001739502,0.383715360021455,0.51445874337328,0.639730268675802
"4506007",1992,0.742768278092331,0.737969695511877,32.8140901565552,2.73450751304626,6.38051753044128,136.725375652313,0.809605593763289,35.5485976696014,0.45558745785329,0.656952181056805,1.82300500869751,0.491473868660102
"4506007",1993,0.575246973791173,0.446225586069005,0.563037389241519,11.8495325565338,24.6105676174164,0.401052562536432,13.6725375652313,9.11502504348755,1.82300500869751,0.225400006545287,0.842530411486182,0.0775795866966509
"4506007",1994,0.241906929644296,0.715250475186076,0.880596175798191,0.219860769802698,0.911502504348755,23.6990651130676,10.0265275478363,0.338959287225004,0.793295287814416,0.745760848490481,0.856711177549631,0.0140257508835055
"4506007",1995,1.82300500869751,0.255579419789813,0.639358566796554,0.532693609727605,0.877265833319169,18.2300500869751,6.38051753044128,0.911502504348755,0.911502504348755,0.00411469709921628,0.756049618630775,0.773205949233624
"4506007",1996,0.0437836864051879,0.662895738134326,0.130661471653822,2.73450751304626,0.552774919385156,2.73450751304626,30.9910851478577,8.20352253913879,0.00453676735625573,0.184426489115394,0.448906984332922,0.101134232912005
"4506007",1997,0.101353915601725,0.463788106715334,0.563531350747215,0.629844229724287,0.724440775850182,136.725375652313,14.5840400695801,128.521853113174,0.911502504348755,0.593514956694934,0.788144646117971,0.33083312704214
"4506007",1998,0.777838935908898,0.550955620387527,0.448330721270584,4.1017612695694,0.537194627237755,8.20352253913879,0.35897714309164,0.803890849962415,0.814840645478853,0.787089717081653,0.135277260406073,0.795550421816718
"4506007",1999,0.561821331651318,0.366436639485569,0.911502504348755,0.583946893834069,12.7610350608826,4.55751252174377,1.82300500869751,8.20352253913879,27.800826382637,11.8495325565338,0.889806527547829,0.180549530233034
"4506007",2000,0.581342947556986,0.841456924796686,0.113023819496625,0.514533606843072,9.11502504348755,78.3892153739929,9.11502504348755,0.608959968107157,43.7521202087402,0.686522901451969,0.219376524839128,0.257146345909745
"4506007",2001,0.675390660581952,0.426381949475017,0.455751252174377,0.50099350479624,5.01326377391815,0.794966392142122,60.6149165391922,33.2698414087296,21.4203088521957,1.36725375652313,0.590096862915139,0.458992109680763
"4506007",2002,0.866389994644269,0.510395113298909,0.688224812676658,8.65927379131317,50.5883889913559,50.5883889913559,73.8317028522492,37.3716026782989,0.0959723729642766,0.599109349839666,0.326641107201549,0.168365709248478
"4506007",2003,0.233820036312084,0.805593225536968,0.104616348610951,0.023673267444147,42.8406177043915,16.4070450782776,13.6725375652313,0.138204846865906,0.630630062072134,0.177536289899166,0.623115837123103,0.568378913961511
"4506007",2004,0.439517969940846,0.165435969122091,2.27875626087189,8.65927379131317,2.27875626087189,13.6725375652313,53.7786477565765,36.9158514261246,0.891158053692967,0.725954777545815,0.622247034070934,0.306467044719806
"4506007",2005,0.374851679825811,0.539561597188298,0.62355491833231,0.500619617628807,31.9025876522064,1.82300500869751,2.73450751304626,14.5840400695801,9.57077629566193,1.82300500869751,0.685800132399721,0.830806707099231
"4506007",2006,0.273047650673322,0.713795792063305,0.480612330602766,0.405004159292649,1.82300500869751,13.6725375652313,44.663622713089,0.232361676591029,0.829919762992964,3.64601001739502,0.411514056819214,0.543230280725333
"4506007",2007,0.513559149553285,0.0400618950808346,0.106142038001148,0.595582494837786,0.339953209857351,23.6990651130676,0.348960662151245,20.9645576000214,0.378138068873723,0.148664691942658,0.435621604077998,0.888002452561851
"4506007",2008,0.34928483502054,0.7211217205958,0.678427311322191,0.130707274207585,12.3052838087082,22.7875626087189,21.8760601043701,63.3494240522385,NA,0.381462199506074,0.683247232561588,0.686650359971751
"4506007",2009,0.750471311346322,0.438134087226556,0.259281113975654,0.503334168096081,NA,29.0769298887253,0.911502504348755,39.1946076869965,0.318871583631118,0.806806257849606,0.309902292067449,0.867228855619241
"4506007",2010,0.301550753905584,0.696400344837583,0.649481736150477,0.313297812883543,43.2963689565659,43.2963689565659,14.1282888174057,5.01326377391815,4.55751252174377,0.731102715698879,4.55751252174377,0.705719651783609
"4551005",1981,0.863306485321563,0.226528393077519,0.742119360318646,0.337655899763508,43.4366888999939,11.2935391139984,20.4152437829971,1.30310066699982,0.434366888999939,0.317536220972146,0.521018558466781,0.725604012399014
"4551005",1982,0.737027990638247,0.21415386357471,2.43245457839966,0.303887062012829,21.197104183197,21.8920912055969,42.1335882329941,22.9345717391968,1.91121431159973,0.434366888999939,0.273460681584835,0.107937184718157
"4551005",1983,0.38682111200627,0.617525620857653,0.5637599937628,0.206705153993985,5.12552929019928,14.420980714798,107.375494960785,30.5794289855957,1.04248053359985,0.0556493906155552,0.187570280121163,0.634584532056122
"4551005",1984,0.000270611722204066,0.118451406690876,0.497501478113133,0.819023543318049,0.679497231151005,1.73746755599976,178.785411512375,1.73746755599976,0.0538780580808641,0.701642650319956,0.292950092153983,0.444521164420558
"4551005",1985,0.22690044758507,0.292982642511426,1.04248053359985,0.172444319533333,0.868733777999878,0.18906546587408,31.5350361413956,2.34558120059967,0.579730115761913,0.0868733777999878,0.825307069763959,0.165653202335695
"4551005",1986,0.32945900385247,0.154975456721665,0.284592109726892,0.582839894876256,22.5870782279968,4.34366888999939,1.73746755599976,13.986613825798,0.173746755599976,0.668427890135216,0.559170117874486,0.712525016355985
"4551005",1987,0.434366888999939,0.0969502195070656,0.434366888999939,0.868733777999878,11.2935391139984,5.38614942359924,128.746345899582,13.2047534255981,0.0868733777999878,0.0868733777999878,0.786782504785297,0.419020045048595
"4551005",1988,0.729997609188977,0.407288771790843,0.473850833222258,0.672070200031073,2.17183444499969,6.68925009059906,1.73746755599976,6.51550333499908,1.3899740447998,0.407667771367109,0.162341898104183,0.77317280363032
"4551005",1989,0.17836623678546,0.333707013304518,0.298295322947294,0.596872638419342,13.6391203145981,0.25570831834163,18.5909028491974,43.6973090333939,0.0381022250667767,0.534706773728767,0.215121764160396,0.493069817953352
"4551005",1990,0.0492092077239288,0.200447761362682,0.406160198933651,0.517674802584533,0.478668465535448,3.90930200099945,23.1951918725967,1.30310066699982,3.73555524539948,0.0480199110257415,0.160137767398697,0.117459964150745
"4551005",1991,0.796356065582975,0.545572800770568,0.0194796911946749,0.848145475559337,16.5059417819977,80.2710010871887,26.4095068511963,0.619371149687671,6.94987022399902,0.243208994635339,0.420141689625303,0.347493511199951
"4551005",1992,0.54799439954701,0.326074992421503,18.6777762269974,6.60237671279907,8.68733777999878,130.570686833382,0.833728512513715,49.0834584569931,0.0634626879863427,0.286797052537775,1.30310066699982,0.83211990648276
"4551005",1993,0.123243242774493,0.203577990565195,0.791450057998545,11.9016527585983,23.8901788949966,0.636113106566698,17.7221690711975,4.34366888999939,2.77994808959961,0.15104672503979,0.730268864931998,0.822436371444315
"4551005",1994,0.865596232567154,0.27343456637887,0.778742956873737,0.620381807066245,2.60620133399963,23.8901788949966,11.1197923583984,0.763901358782997,0.483014256927121,0.489411743099411,0.0641475665039462,0.176350949812353
"4551005",1995,1.73746755599976,0.760009861172778,0.858039022873715,1.56372080039978,0.536414753142748,6.60237671279907,15.3765878705978,2.69307471179962,0.260620133399963,0.499411613113158,0.666081988886043,0.0842595892551189
"4551005",1996,0.847031622744542,0.287039214883087,0.338013831525607,5.21240266799927,0.621665102890827,1.73746755599976,32.4906432971954,6.08113644599915,0.176789572083468,0.635789116562547,0.0767628906169019,0.714417529174575
"4551005",1997,0.804455642747753,0.622444301938429,0.15892105147375,0.202297122561553,0.434366888999939,128.572599143982,11.6410326251984,98.6012838029861,2.60620133399963,18.5040294713974,0.0718948758108123,0.345193988673054
"4551005",1998,0.0164176325261277,0.575841508154659,0.0657949286720875,2.17183444499969,0.372699370409249,5.12552929019928,0.653343983257244,0.156094978092806,0.549343598887554,0.173746755599976,0.840293170025628,0.158823361565995
"4551005",1999,0.554594433907228,0.648949729096786,0.868733777999878,3.90930200099945,14.073487203598,2.60620133399963,1.47684742259979,13.0310066699982,16.3321950263977,11.8147793807983,0.0585572516063058,0.80429209281162
"4551005",2000,0.520668223075858,0.324570918412687,0.427104966087614,0.843628624228725,7.99235075759888,76.8829393529892,9.9904384469986,0.448264886154783,43.5235622777939,0.458477896516681,0.39431314897747,0.462464832591276
"4551005",2001,0.625081864115332,0.603267541833522,0.826007921575526,0.868733777999878,9.81669169139862,0.86824727650271,58.9001501483917,35.1837180089951,13.5522469367981,0.868733777999878,0.491627464966005,0.224457934920289
"4551005",2002,0.321562082077579,0.045507586221168,0.615114966794287,2.34558120059967,46.3035103673935,31.3612893857956,56.2070754365921,39.3536401433945,0.1118480199434,0.173023241860903,0.499887803400139,0.182359975127673
"4551005",2003,0.0912775880692056,0.0871965986604331,0.30444196058395,0.817642246295499,38.0505394763947,13.2047534255981,13.0310066699982,0.550913609786527,0.735731494207318,0.332591839073894,0.116659445870044,0.448553657281815
"4551005",2004,0.793351476265802,0.172508434192476,8.68733777999878,8.07922413539887,0.434366888999939,12.2491462697983,49.604698723793,34.0543640975952,0.329432747261283,0.578889897966797,0.868733777999878,0.849866439355341
"4551005",2005,0.00505896657394595,0.31525428025402,0.0849651397487182,0.266792973865013,25.2801529397964,1.3899740447998,3.47493511199951,12.6835131587982,4.34366888999939,0.434366888999939,0.0317630320827927,0.233472973720677
"4551005",2006,0.0484588771521924,0.75484601002384,0.277050088528179,0.26339707737776,0.434366888999939,19.9808768939972,33.7937439641953,0.186555006990373,0.0334386741273724,7.29736373519898,0.463341286873036,0.683662049052136
"4551005",2007,0.666395301777477,0.731118551087193,0.417711109549753,0.49186453299338,0.603221740100502,22.4133314723969,0.774793506289727,13.8128670701981,0.182961634990469,0.765253452980934,0.312384498612248,0.615884449703703
"4551005",2008,0.545175870554405,0.244046380680629,0.467748004575818,0.397256347172029,9.72981831359863,17.9827892045975,29.0157081851959,40.0486271657944,0.521240266799927,0.514723212297098,0.589986080127846,0.305421539912721
"4551005",2009,0.579811713037677,0.799468653793145,0.467660550432343,0.719202545797808,3.64868186759949,22.5002048501968,0.628534647827102,35.0099712533951,0.16343474783052,0.317281713411201,0.0188787309763536,0.205772166456436
"4551005",2010,0.0814132935395975,0.292814997662778,0.710062224923899,0.308690824617641,38.1374128541946,47.5197376565933,7.38423711299896,3.64868186759949,7.21049035739899,0.511671450275454,1.3899740447998,0.0635438530157229
"4552002",1981,0.289322563456621,0.676460590265109,0.0715437984007631,0.152955326484513,29.3413858413696,10.4790663719177,12.5748796463013,0.393896105903651,0.393175114882728,0.766885290375072,0.0415893460301065,0.00994403367727984
"4552002",1982,0.14547918750394,0.375349664772536,2.51497592926025,0.146321143249397,20.119807434082,10.8982290267944,30.5988738059998,44.4312414169312,0.254564445695213,0.419162654876709,0.515715965849645,0.636186995384893
"4552002",1983,0.645913343502034,0.182008112812874,0.045852853133066,0.834777572592346,8.38325309753418,7.96409044265747,103.533175754547,38.1438015937805,0.639564082566291,0.288933033172153,0.587748529584809,0.823021486814551
"4552002",1984,0.603551073217724,0.129591147701469,NA,0.397031623367138,4.6107892036438,0.14776034913486,215.868767261505,2.51497592926025,0.600363423234191,0.560468304956926,0.150532769429412,0.807195861050622
"4552002",1985,0.0184232785917136,0.513970273509482,0.166635668081991,0.0931711358305957,1.67665061950684,0.143119527967615,35.2096630096436,0.109422518933844,0.402845253786984,0.292760957180862,0.40996422267201,0.48141230252663
"4552002",1986,0.0915672491994149,0.180449956346007,0.773512746266733,0.038105711087044,22.2156207084656,5.02995185852051,0.509856926739827,10.4790663719177,0.504573030602167,0.0183948506566447,0.34730291727024,0.20629711764917
"4552002",1987,0.129531524653587,0.0589467209101609,0.838325309753418,2.51497592926025,29.3413858413696,10.8982290267944,182.754917526245,20.9581327438354,0.2958887342761,0.535555915697646,0.193676956075675,0.0586705176507727
"4552002",1988,0.526423580530492,0.607486886318806,0.797530037163535,0.373484173955072,1.67665061950684,9.2215784072876,1.67665061950684,7.54492778778076,0.559473060212575,0.461818610612825,0.577943122592463,0.077003373727504
"4552002",1989,0.723717744040713,0.74501932978268,0.252005948520353,0.213801520021478,10.8982290267944,0.277648246151368,32.2755244255066,27.6647352218628,0.764204274390244,0.191787894572079,0.588743284798105,0.0598136564026329
"4552002",1990,0.208957260443558,0.501389108510837,0.244808591815853,0.353924165798804,0.609323121214461,5.02995185852051,21.3772953987122,2.51497592926025,1.67665061950684,0.508013079714322,0.725717075928103,0.721322915172341
"4552002",1991,0.32807278921945,0.260601412557817,0.640374616781062,0.0524632088148774,0.369881121150962,112.335591506958,23.4731086730957,0.0357218828091016,2.51497592926025,0.154826282756165,0.666104669099915,0.70027359114677
"4552002",1992,0.428364963901919,0.440268806274996,28.5030605316162,5.86827716827393,4.6107892036438,94.3115973472595,0.404111288646871,64.5510488510132,0.129330844832393,0.503006833568184,0.0748147594261909,0.442539205054252
"4552002",1993,0.178435132596415,0.450169699344789,0.117164614593929,7.54492778778076,25.1497592926025,0.565278200938126,21.7964580535889,5.86827716827393,0.167144225461488,0.217194178506521,0.100477173504461,0.118420630462941
"4552002",1994,0.446780581957203,0.738672377918865,0.159551685247648,0.316867373374383,4.6107892036438,21.7964580535889,12.5748796463013,0.33669283150258,0.465248629998774,0.386559685488686,0.445624573105959,0.750539850749982
"4552002",1995,4.19162654876709,0.107007684875274,0.488380378343271,0.186487782620589,0.485581674447056,4.19162654876709,20.5389700889587,0.495755887461738,0.44012304801263,0.356883126703951,0.0488693762930769,0.768083753553423
"4552002",1996,0.827627282503174,0.0293773223864747,0.64143481866608,1.25748796463013,0.264066669005986,1.67665061950684,36.4671509742737,8.38325309753418,0.0333702267542072,0.199279761787306,0.736073084147065,0.101662750578027
"4552002",1997,0.193686123071709,0.259263491389601,0.649263943110497,0.178444733885354,0.838325309753418,137.904513454437,16.7665061950684,119.880519294739,1.67665061950684,46.107892036438,0.109485655167325,0.144805772928934
"4552002",1998,0.335495465865349,0.090222381882197,0.749352664157641,3.35330123901367,0.835801016511639,9.2215784072876,2.09581327438354,0.216983986206848,0.327445410863263,0.693608693546444,0.781330850992314,0.321477556104482
"4552002",1999,0.674051178329031,0.278530094578963,1.67665061950684,3.77246389389038,12.5748796463013,2.93413858413696,3.77246389389038,11.3173916816711,24.7305966377258,10.8982290267944,0.240855202246636,0.403221246039343
"4552002",2000,0.428498459879777,0.138168388027983,0.250418719998607,0.191976307424258,16.7665061950684,101.85652513504,9.64074106216431,0.418413773663165,51.5570065498352,0.710027992243175,0.728829891486451,0.475820320174887
"4552002",2001,0.123070797418266,0.367207829724168,0.649760447446831,0.176869353069182,20.119807434082,0.601394753131847,68.3235127449036,32.6946870803833,18.4431568145752,1.84431568145752,0.182097181309938,0.68177619856812
"4552002",2002,0.352367078375636,0.791057892416597,0.663410998307871,2.51497592926025,60.7785849571228,65.3893741607666,43.5929161071777,20.5389700889587,0.209322330570992,0.133420914868776,0.303071149743243,0.69734662152556
"4552002",2003,0.467517519780982,0.737004745677824,0.485726425540264,0.285853543787254,44.4312414169312,16.3473435401917,24.3114339828491,0.568258990868475,0.451482145964862,0.0379759562741591,0.208672668597167,0.776486291801088
"4552002",2004,0.588794040658446,0.723186282346307,6.70660247802734,21.7964580535889,1.67665061950684,13.49703748703,55.3294704437256,38.5629642486572,0.322478773205794,0.464121944604324,4.19162654876709,0.275234811589478
"4552002",2005,0.549581964205105,0.197646720341609,0.506991188514149,0.503119061490641,10.8982290267944,0.639262355766618,0.703441688971039,8.38325309753418,1.67665061950684,1.67665061950684,0.473127542757501,0.106435811884688
"4552002",2006,0.433394331607011,0.248392995789938,0.247190949939124,0.198602728039714,0.830695970584409,33.11384973526,48.6228679656982,0.726576063567673,0.224397823186689,11.3173916816711,0.756252778697852,0.764286520097009
"4552002",2007,0.0490077718756301,0.287598888302719,0.302307616170317,0.729105192782917,0.200834383793101,14.6706929206848,0.678268955072489,15.9281808853149,0.485874898865227,0.0345492470784744,0.809546353395724,0.108539871407307
"4552002",2008,0.205634161042449,0.514921657988849,0.386930497846639,0.745078710016913,16.7665061950684,18.4431568145752,29.3413858413696,49.4611932754517,0.419162654876709,0.451027467255662,0.487171187056689,0.0574391139901087
"4552002",2009,0.801080669350375,0.320708695270345,0.453933324581351,0.654421628460545,0.36902291133486,22.6347833633423,0.126563450429055,25.988084602356,0.629688838932928,0.269766180914137,0.16552679708963,0.493751215040365
"4552002",2010,0.527236231947561,0.317863611819934,0.37378669868256,0.797371996512315,36.4671509742737,44.4312414169312,7.54492778778076,3.35330123901367,3.77246389389038,0.790308277882407,0.156977209802534,0.0259743775032408
"4540005",1981,0.16565737984471,0.246988494852075,0.707876261759636,0.0644290772750052,48.7373602685928,11.9410955286026,18.9288477268219,3.53810237884522,2.65357678413391,0.0248843643351564,0.46809162680105,0.186249025992984
"4540005",1982,0.0145201921401381,0.672536603777407,1.76905118942261,0.465902229082904,21.2286142730713,23.8821910572052,49.0911705064774,21.6708770704269,0.442262797355652,0.442262797355652,0.506130681806782,0.358736957253584
"4540005",1983,0.756871729177958,0.255237071658575,0.254825679687848,0.488592813609363,NA,15.9214607048035,119.853218083382,31.8429214096069,1.32678839206696,0.393992356477782,0.21148718822615,0.749556083550818
"4540005",1984,0.516669174420645,0.0217673026783642,0.728095077839761,0.713089168711712,0.0701837101316357,0.226820616301252,233.514757003784,1.76905118942261,0.808876472170734,0.224069021778995,0.483967468223993,0.0248018962659759
"4540005",1985,0.0357290412645967,0.859659843037005,1.32678839206696,0.761608990454004,0.746208318357085,0.784723165053612,15.0369351100922,0.884525594711304,0.622388337833145,0.884525594711304,0.503956349764553,0.705633644851259
"4540005",1986,0.238731028444173,0.239075343002316,0.263106210868343,0.633708029012277,30.7814906959534,5.74941636562347,0.442262797355652,16.8059862995148,0.614690530785154,0.543594357078599,0.659406587542917,0.186258761203174
"4540005",1987,0.539370063800234,0.32703268431086,0.557396588227801,0.884525594711304,11.8526429691315,3.98036517620087,151.696139492989,19.4595630836487,0.870491412412389,0.405105396603174,0.724708319083432,0.630230728744067
"4540005",1988,0.558452940396468,0.520860715083499,0.816198311583629,0.395595300611513,4.86489077091217,7.96073035240173,0.601195327706815,5.30715356826782,2.47667166519165,0.142258602076763,0.270178383565623,0.413655805496676
"4540005",1989,0.475473651688365,0.278671983859354,0.0402659719286265,0.186096772956726,18.5750374889374,0.357279393164855,17.2482490968704,54.8405868721008,0.128625075235431,0.223928939866408,0.466754100030805,0.421465844148512
"4540005",1990,0.798729316018428,0.329510643865668,0.274531157275843,0.445434692602891,0.620985186178026,3.98036517620087,27.8625562334061,1.76905118942261,2.21131398677826,0.3691527406229,0.193624641264534,0.242131445038699
"4540005",1991,0.444609104930787,0.254091180310706,0.132547128862305,0.337506327833398,8.40299314975739,106.143071365356,30.0738702201843,0.460192114254469,4.86489077091217,0.120050716625116,0.837552637341135,0.884525594711304
"4540005",1992,0.0658509041981591,0.333807939378644,32.7274470043182,7.07620475769043,7.07620475769043,142.40862074852,1.32678839206696,46.8798565196991,0.856344765998103,0.809729114381399,1.32678839206696,0.0988165579312307
"4540005",1993,0.794696310939736,0.726984579935824,0.392331015704981,11.0565699338913,29.189344625473,0.847028100648451,19.4595630836487,10.17204433918,1.76905118942261,0.857755542960335,0.728707940532163,0.558689409354265
"4540005",1994,0.370257361895863,0.689703755722705,0.274591040835386,0.0862539268647591,3.98036517620087,21.2286142730713,8.84525594711304,0.560604958334401,0.843088325689223,0.326637397212822,0.60365620229828,0.76074546447976
"4540005",1995,2.65357678413391,0.601282874371399,0.46948762579206,0.442262797355652,0.424439332306893,4.86489077091217,11.4988327312469,1.32678839206696,1.76905118942261,0.0841377533895701,0.761958440242332,0.709900502154852
"4540005",1996,0.432798479979471,0.325699660520682,0.601085875326204,3.98036517620087,0.546877660151031,3.53810237884522,45.1108053302765,9.46442386341095,0.381357344099861,0.442262797355652,0.146124592005714,0.741246494402075
"4540005",1997,0.138310972594012,0.396677585950046,0.702730181997377,0.561571313920766,0.884525594711304,157.26865073967,17.2482490968704,142.40862074852,3.53810237884522,32.7274470043182,0.250933765856539,0.829273945864319
"4540005",1998,0.535445147748481,0.526671227935412,0.0124732333712519,0.782565682579975,0.0357209447560941,9.72978154182434,0.884525594711304,0.660715639786147,0.834926066469556,0.442262797355652,0.152808271101572,0.687198624446822
"4540005",1999,0.139987793609338,0.867054174559578,1.32678839206696,0.884525594711304,11.4988327312469,5.30715356826782,1.76905118942261,11.9410955286026,28.3048190307617,15.4791979074478,0.67115526310377,0.574070164954661
"4540005",2000,0.656821696576124,0.658055798348228,0.377045999453828,0.442262797355652,4.68798565196991,88.3641069116592,15.0369351100922,0.649131859792557,45.5530681276321,0.442262797355652,0.0948654673424642,0.106770672174569
"4540005",2001,0.0859448685914025,0.656849534528184,0.698951243230149,0.613781481566812,10.6143071365356,0.82234493415829,71.6465731716156,37.5923377752304,22.1131398677826,0.442262797355652,0.812703240762292,0.815711724685459
"4540005",2002,0.664099867894451,0.47865385021255,0.24311934284876,10.17204433918,57.0519008588791,42.8994913434982,82.2608803081512,43.7840169382095,0.193769082201869,0.583495810247866,0.842411394023883,0.331751221098097
"4540005",2003,0.126965321060317,0.479600087682567,0.622736124206426,0.146049821324278,53.0715356826782,19.4595630836487,16.3637235021591,0.604255665818983,0.264677013630323,0.437455487091471,0.543936711455434,0.0527255266612704
"4540005",2004,0.359283727772672,0.699863914603233,8.40299314975739,11.0565699338913,1.32678839206696,11.9410955286026,54.6636817531586,36.2655493831635,0.178166378184067,0.68343219661196,0.442262797355652,0.445957082362985
"4540005",2005,0.288948474907924,0.15119556827996,0.549946610869027,0.847783363572517,34.0542353963852,0.442262797355652,3.98036517620087,15.9214607048035,9.72978154182434,2.65357678413391,0.665949781486538,0.845058219553122
"4540005",2006,0.0856211863934322,0.34202383276704,0.497681448995697,0.647711452240024,0.442262797355652,19.017300286293,40.2459145593643,0.870743730459603,0.311911043549409,3.09583958148956,0.128064033368994,0.00863270438105469
"4540005",2007,0.592849794212165,0.691129893067667,0.774217432263324,0.734641057390901,0.565204073989589,24.1475487356186,0.226624174748261,18.5750374889374,0.802794398214134,0.00221252509791784,0.236164140542033,0.699591050074772
"4540005",2008,0.0111244589332059,0.655346597329017,0.384213293872306,0.884525594711304,15.0369351100922,30.0738702201843,22.5554026651382,57.4941636562347,0.884525594711304,0.835722198700212,0.460350004819946,0.211415106152297
"4540005",2009,0.633028047306469,0.233758799752872,0.523511609667401,0.844698828403995,1.76905118942261,35.8232865858078,0.207001367055216,49.533433303833,0.786282907763381,0.410307865044034,0.569150721734129,0.500532111962684
"4540005",2010,0.409401492076595,0.210251099705877,0.853194359017058,0.0272976461445999,42.4572285461426,47.7643821144104,9.28751874446869,8.40299314975739,5.13024844932556,0.0890872552634708,0.0040603232264209,0.560314710222835
"4540006",1981,0.326697617515446,0.172027771293883,0.664498728325336,0.381645977142606,55.9678689994812,17.0336992607117,16.6731976890564,5.04702200317383,3.87539189529419,0.567880168274317,0.793850215373446,0.287911110635883
"4540006",1982,0.114923545701257,0.826003184303571,0.270376178741455,0.50328229263347,18.6559563331604,23.1622259788513,46.6849535293579,51.6418501396179,0.721003143310547,0.270376178741455,0.43558588889568,0.664919644184374
"4540006",1983,0.467395081287117,0.54851913013399,0.742621204801701,0.133967435100202,7.93103457641602,15.2311914024353,145.913011127472,29.290752696991,0.901253929138184,0.36158133613843,0.547237640739039,0.00975185978979549
"4540006",1984,0.391059889106407,0.86691129790718,0.774361371737987,0.348169779636137,0.501488276475776,0.611078056101647,276.144203887939,2.52351100158691,0.180250785827637,0.819979610844715,0.00322441523907014,0.664385903903942
"4540006",1985,0.854520452720928,0.315906901795082,1.71238246536255,0.453856307679741,0.360501571655273,0.851758299073165,35.0587778434753,2.07288403701782,0.100667757546157,1.08150471496582,0.715948885632703,0.420060335290144
"4540006",1986,0.478343777007696,0.61421581579757,0.711157772771889,0.609839831841169,34.7884016647339,7.21003143310547,0.811128536224365,20.7288403701782,0.71598895826853,0.811128536224365,0.106358938470799,0.28261184931417
"4540006",1987,0.563270772671464,0.192393091364059,0.54075235748291,0.901253929138184,16.1324453315735,7.3902822189331,192.327588478088,29.290752696991,0.54075235748291,0.991379322052002,0.638939792534598,0.786015251043613
"4540006",1988,0.23236760958271,0.713766489445313,0.0180072453868884,0.210761844520284,2.70376178741455,8.92241389846802,0.270376178741455,11.0854233283997,0.721003143310547,0.300173492270229,0.1534810876439,0.565074634080338
"4540006",1989,0.271996630578508,0.593180183485685,0.461848547998158,0.270376178741455,18.836207118988,0.652830091425075,17.3942008323669,55.5172420349121,0.152809158378753,0.656925579521063,0.156686501493631,0.747838137261586
"4540006",1990,0.525005337010563,0.581591370592752,0.167363969965942,0.871518661424001,0.183153348520399,3.06426335906982,25.5054861946106,1.80250785827637,2.79388718032837,0.270376178741455,0.41438956063051,0.552530318555262
"4540006",1991,0.289427812939831,0.773049437984315,0.176102819970217,0.785916891071027,5.67789975357056,117.523512359619,34.6982762718201,0.180250785827637,6.03840132522583,0.123033794526716,0.775758848465604,2.4333856086731
"4540006",1992,0.833434004828513,0.732132667031116,28.3894987678528,5.13714739608765,9.19279007720947,156.637932884216,0.370788740821589,44.3416933135986,0.700319873583462,0.233936138474053,1.80250785827637,0.832599254145459
"4540006",1993,0.149485496595073,0.0499187528064189,0.485197457820433,13.7891851158142,47.3158312797546,0.688440124893699,19.3769594764709,9.91379322052002,0.901253929138184,0.371400376474208,0.548362569068693,0.840120281327955
"4540006",1994,0.834846580559686,0.462768520810513,0.0193185712354351,0.295933416972344,3.60501571655273,24.333856086731,7.75078379058838,0.88945556167492,0.579629316826055,0.0636460143541094,0.0382109724397803,0.667461328458526
"4540006",1995,4.95689661026001,0.441751334232883,0.103386776999315,0.0901253929138184,0.0806560378622166,5.4075235748291,12.0768026504517,2.25313482284546,1.62225707244873,0.455105513682309,0.436958889940236,0.282888669625334
"4540006",1996,0.561976034847794,0.759234372651557,0.407373848445706,6.30877750396728,0.22753737927562,3.96551728820801,44.161442527771,8.47178693389893,0.692812074265412,0.180250785827637,0.319424817279908,0.201456182685911
"4540006",1997,0.730201899709185,0.870311779425604,0.750477058866825,0.148858831395784,0.180250785827637,185.74843479538,14.4200628662109,121.849531219482,2.70376178741455,3.69514110946655,0.371984213005251,0.290549480782831
"4540006",1998,0.805014581647368,0.577100661068792,0.799261313611714,5.67789975357056,0.721003143310547,7.21003143310547,1.80250785827637,0.698987570496539,0.878477683150888,0.652467684073663,0.553757940463525,0.0780508110300556
"4540006",1999,0.0455885556261508,0.368839870643195,1.80250785827637,0.630877750396728,11.5360502929688,5.13714739608765,0.360501571655273,10.0940440063477,22.2609720497131,13.3385581512451,0.22398049386171,0.364450630703852
"4540006",2000,0.638275787020035,0.557248690752004,0.0917818446531811,0.270376178741455,6.12852671813965,92.8291547012329,22.4412228355408,0.320117385731946,57.5000006790161,0.589335670605011,0.773972594062376,0.716916307150288
"4540006",2001,0.263718445706378,0.09508797308489,1.35188089370728,0.510906162800322,8.74216311264038,0.196443581470716,113.467869678497,37.4020380592346,21.6300942993164,0.811128536224365,0.878200692450023,0.566317331699969
"4540006",2002,0.382478876831144,0.62418789210434,0.202879577323696,9.8236678276062,64.1692797546387,69.3064271507263,72.1904397239685,38.5736681671143,0.180250785827637,0.131926965978958,0.663529167913397,0.192800723331498
"4540006",2003,0.728789223674715,0.577382794307077,0.164270501939484,0.128139050597289,67.0532923278809,14.6003136520386,22.9819751930237,0.444436738861825,0.0208933380265592,0.515786510761654,0.810019102991367,0.280404966532063
"4540006",2004,0.0532147361262547,0.313997971843769,3.24451414489746,19.82758644104,0.360501571655273,17.4843262252808,59.3926339302063,40.1057998466492,0.0420497485174767,0.443557957549684,2.97413796615601,0.685323744698536
"4540006",2005,0.732675169371065,0.370963962286985,0.46618155262153,0.655431095656324,39.6551728820801,1.26175550079346,1.44200628662109,15.6818183670044,15.5916929740906,1.26175550079346,0.172350591997826,0.471586370362593
"4540006",2006,0.0302955270950422,0.841525343964509,0.105130345635019,0.461322671034524,0.270376178741455,17.9349531898499,51.2813485679626,0.277394397081762,0.694262940045583,0.901253929138184,0.157942444394387,0.439216358738422
"4540006",2007,0.521054797460148,0.647575974350848,0.547841251708259,0.232548044930968,0.070698909894218,29.9216304473877,0.843690045643167,22.0807212638855,0.119895782603675,0.302855559191568,0.771362556239255,0.186385153468443
"4540006",2008,0.851631103791393,0.495617942322419,0.310565641930314,0.275219850361762,15.5015675811768,30.9130097694397,21.810345085144,63.4482766113281,2.70376178741455,0.598892843794704,0.0882561474791339,0.031851154212575
"4540006",2009,0.460296637348584,0.268717204227298,0.027521135605749,0.651385982897526,0.901253929138184,36.1402825584412,0.901253929138184,57.2296245002747,0.692524477854899,0.358274816146153,0.0157468627569548,0.860477813203885
"4540006",2010,0.521409403397423,0.575308798494219,0.55956785258256,0.338901308921131,44.6120694923401,54.6159881057739,15.3213167953491,5.67789975357056,9.19279007720947,0.607072246077431,2.70376178741455,0.302973430253717
"4522003",1981,0.5993627988863,0.0118724491856847,0.811561934871371,0.852494826349192,69.6500690460205,9.67362070083618,22.2493276119232,35.7923965930939,19.5407138156891,0.799094535463989,0.793859644477794,0.830667466593422
"4522003",1982,0.636280320020281,0.95139302170249,2.41840517520905,0.849183972358798,25.6350948572159,43.047612118721,55.623319029808,48.8517845392227,11.1246638059616,1.93472414016724,0.0110658486667978,0.383291710312917
"4522003",1983,0.882987757410575,0.257193499323151,0.68340998257742,2.41840517520905,22.2493276119232,35.7923965930939,158.647379493713,58.0417242050171,8.70625863075256,0.0737666079188459,0.594605433211389,0.595682691986444
"4522003",1984,0.396211212472711,0.271222337057295,1.93472414016724,0.0130163066728583,0.967362070083618,6.77153449058533,301.430021038055,1.45104310512543,4.83681035041809,0.967362070083618,7.25521552562714,0.619499939906675
"4522003",1985,0.408915412656461,0.487549819523372,4.83681035041809,0.2242777853153,0.967362070083618,0.84885766659813,50.78650867939,6.28785345554352,0.430019867255471,0.249857235518546,0.793142660883278,0.54019891527029
"4522003",1986,0.0537040854298002,0.0292223691246186,0.508691109163053,0.694214797581936,76.4216035366058,14.5104310512543,3.38576724529266,35.7923965930939,3.38576724529266,0.824406052712621,0.456550927894842,0.507096649415943
"4522003",1987,0.814563663762466,0.082454727603732,4.83681035041809,6.77153449058533,62.3948535203934,3.38576724529266,259.25303478241,52.2375517845154,0.919950574633011,9.18993966579437,0.426676393432554,0.151392089230858
"4522003",1988,0.455173386385259,0.328779969154497,0.182109293690722,0.218774550101711,5.3204913854599,25.1514138221741,1.93472414016724,6.28785345554352,9.67362070083618,0.0369387075381723,0.470022158570299,0.0499563795645862
"4522003",1989,0.563168232009555,0.589568142354098,0.448297220602038,20.314603471756,50.3028276443481,0.505950910795003,24.6677327871323,NA,0.967362070083618,0.351046834688246,0.834445048070155,0.151989823990003
"4522003",1990,0.831259373261407,0.761695973604952,0.45686459433755,0.35496244367945,0.0818387058459255,2.41840517520905,42.0802500486374,0.866346348982027,8.70625863075256,0.473846192248949,0.568408519768522,0.125400396400597
"4522003",1991,0.888429851272101,0.329998192913681,0.619004185706466,0.0462824737393084,3.38576724529266,155.261612248421,46.4333793640137,2.90208621025085,NA,0.686483316176695,0.249576093860654,7.25521552562714
"4522003",1992,0.019480262262405,0.0140534361708353,55.1396379947662,17.4125172615051,26.6024569272995,134.947008776665,0.57355831693,34.8250345230103,0.778383778828458,0.11835483871095,3.86944828033447,0.154149479972317
"4522003",1993,0.670428123941441,0.843542911212961,0.887819101734029,37.7271207332611,56.1070000648499,0.411719598402231,21.2819655418396,24.1840517520905,10.6409827709198,0.501682703865308,0.163043159693729,0.630569463901635
"4522003",1994,0.444147474873042,0.803413572420916,0.322288446576647,0.967362070083618,0.516520740839771,40.629206943512,18.8635603666306,11.6083448410034,0.143766363265053,0.0770845006198911,0.105278797707418,0.285247656900119
"4522003",1995,12.0920258760452,0.273948789770092,0.413398817279998,1.93472414016724,0.705998523336742,2.90208621025085,8.22257759571075,0.647301507075853,9.67362070083618,0.194696073693921,0.481725705953375,0.533917103295665
"4522003",1996,0.0409832773484688,0.377396132353985,0.181080228382568,3.38576724529266,0.78754163644436,18.8635603666306,39.1781638383865,34.8250345230103,4.83681035041809,9.18993966579437,0.795229731724549,0.382402543067118
"4522003",1997,0.923269417135432,0.0721917584056574,4.35312931537628,0.139168241464597,0.676952057336949,201.694991612434,25.1514138221741,145.587991547585,14.0267500162125,42.0802500486374,2.90208621025085,0.859497777890587
"4522003",1998,0.0249418440571288,0.157183666303999,0.0725784737411372,25.1514138221741,0.640643547404066,30.9555862426758,4.83681035041809,0.421093071291237,3.86944828033447,0.959039467843213,0.357140400399549,0.959102318477383
"4522003",1999,0.933059816115959,0.687729308055942,6.77153449058533,16.4451551914215,20.314603471756,20.314603471756,0.950715698227768,19.3472414016724,63.362215590477,10.6409827709198,0.933052967500722,0.828570494573942
"4522003",2000,0.820512879710157,0.109857525496225,0.702759488024485,2.90208621025085,24.1840517520905,134.463327741623,61.4274914503098,0.324452585567404,68.6827069759369,0.438559383679235,0.932204238549666,0.120321889749309
"4522003",2001,0.311380691301633,0.519314566610697,21.2819655418396,0.498212652623384,7.73889656066895,0.374132016609556,84.6441811323166,42.5639310836792,18.8635603666306,0.376397498754007,0.449441635086794,0.966191783703081
"4522003",2002,0.792500837051467,0.455219917643443,0.111399240748068,38.6944828033447,138.332776021957,63.362215590477,93.834120798111,53.6885948896408,0.195855028000318,0.377981287031062,NA,0.178779224522517
"4522003",2003,0.347072713247436,0.347193965517297,0.924269202794705,0.178613526638471,57.0743621349335,21.7656465768814,16.4451551914215,0.421475743945923,0.072830359399458,0.37671445019863,0.45182785597321,0.371632568678046
"4522003",2004,0.725290556228192,0.959320187191979,6.77153449058533,35.7923965930939,1.45104310512543,9.18993966579437,62.8785345554352,77.8726466417313,5.80417242050171,3.86944828033447,6.28785345554352,0.329969486704283
"4522003",2005,0.914198357220798,0.522099256765397,4.83681035041809,5.80417242050171,46.4333793640137,6.28785345554352,23.2166896820068,33.8576724529266,39.6618448734283,NA,0.0887516330191057,0.655700001531909
"4522003",2006,0.952289206487175,0.214437306103317,0.366130572012659,0.328318028739168,0.621459627675743,18.8635603666306,95.7688449382782,0.111215393481827,0.641570290927512,7.25521552562714,0.922491751435951,0.948710586889197
"4522003",2007,0.326994174994512,0.285764901116627,3.38576724529266,0.478852619403984,0.184501178249278,31.4392672777176,2.41840517520905,31.9229483127594,0.239035890096098,0.440991689189705,0.385967081640091,0.394468041353342
"4522003",2008,0.568788099093328,0.57668329184049,0.81830008755494,0.897961195024134,32.890310382843,48.8517845392227,24.1840517520905,92.8667587280273,9.67362070083618,0.669048507824203,0.829799400614294,0.735554335584092
"4522003",2009,0.523795621618878,0.805539592776493,0.527668569280104,0.260512898823155,1.93472414016724,35.7923965930939,1.93472414016724,14.5104310512543,0.00919736052408539,0.103908885690797,0.49225925435135,0.0456570442855824
"4522003",2010,0.0551020365200169,0.0988170410533318,0.522279183201104,0.14322269285796,79.3236897468567,44.4986552238464,15.4777931213379,22.733008646965,29.9882241725922,0.58271665316291,3.38576724529266,0.50297585584918
"4537003",1981,0.566776865705302,0.0393770011254546,0.811118395953907,0.860642110060143,50.1579779472351,15.2537678909302,11.6646460342407,8.97280464172363,8.07552417755127,0.84388702676785,0.566999028817058,0.819794468008403
"4537003",1982,0.490947567114618,0.0681220331664598,1.34592069625854,0.407984529501684,27.8156943893433,27.8156943893433,43.9667427444458,49.7990657615662,4.48640232086182,0.256771878048162,0.833645435944496,0.785321495441512
"4537003",1983,0.626180917546459,0.152143252865086,0.04880635181943,0.143280129104369,10.7673655700684,19.740170211792,157.024081230164,36.7884990310669,0.285632622963656,0.841283656208055,0.101355206849242,0.40892615323636
"4537003",1984,0.43797484714537,0.164648625164009,0.0403203291837075,0.865864601444359,0.119427111373302,0.805600818846227,322.123686637878,0.527490408702355,0.588182554584525,0.211797782611749,0.417460876113986,0.0502738199629046
"4537003",1985,0.641108272785844,0.868435481429616,2.24320116043091,0.404807101897367,1.61510483551025,2.06374506759644,44.9537512550354,6.37069129562378,0.554436496497004,1.34592069625854,0.820011939111919,0.692896011752912
"4537003",1986,0.080997337066409,0.104897124252606,0.356597458873894,0.0504145586919331,46.2099439048767,10.7673655700684,4.03776208877563,21.0860909080505,0.462813060213705,0.419322597044796,0.820288341203833,0.293215726179884
"4537003",1987,0.612356837936675,0.87062308102011,1.34592069625854,4.03776208877563,17.9456092834473,9.870085105896,275.913742733002,44.8640232086182,2.24320116043091,2.69184139251709,0.147993698354129,0.170368603544739
"4537003",1988,0.104493738563885,0.527398853852039,0.566785405498741,0.332189122047594,1.34592069625854,17.9456092834473,0.448640232086182,7.62688394546509,0.269184139251709,0.719036370026169,0.875258352082045,0.218571925236661
"4537003",1989,0.244414564838423,0.0103325872455113,0.0324975067351275,0.448640232086182,26.4697736930847,0.385608347217421,26.0211334609985,72.4105334587097,0.325091974798234,0.655869386907942,0.415054566975484,0.301172446664771
"4537003",1990,0.237923257197261,0.280745858045545,0.362198252849749,0.587268455529384,0.128003387740532,NA,31.8534564781189,2.69184139251709,5.38368278503418,3.14048162460327,0.651422747780657,0.697080823909475
"4537003",1991,0.0258892371203511,0.402685286105028,0.567262518328479,0.119065016986627,11.6646460342407,154.780880069733,41.2749013519287,0.448640232086182,12.1132862663269,0.294362511573418,0.68940859154789,4.03776208877563
"4537003",1992,0.263897109867617,0.867750554772864,27.8156943893433,7.17824371337891,30.5075357818604,180.802013530731,0.0705679042137049,42.890006187439,0.269393895397572,0.654539097592324,3.14048162460327,0.424271925763598
"4537003",1993,0.836005229876678,0.0374129104732038,0.827607907485074,16.5996885871887,NA,0.280635200063589,16.5996885871887,17.4969690513611,2.69184139251709,0.448640232086182,0.0461926199416473,0.623411379198327
"4537003",1994,0.0551916333195324,0.278127228169936,0.414117761851167,0.309236023934324,4.03776208877563,NA,6.72960348129272,0.572372144341315,0.0264350671151651,0.536359465213862,0.306311229396341,0.674759986807055
"4537003",1995,0.798999966110054,0.674201343257167,0.686326927165322,2.24320116043091,0.323249333600652,8.07552417755127,8.52416440963745,3.14048162460327,2.24320116043091,0.053254945967557,0.347904859184333,0.769194285749006
"4537003",1996,0.131369717614718,0.0752576770700989,0.831076447470107,7.62688394546509,0.331260293692441,4.03776208877563,52.4909071540833,10.3187253379822,0.17756500017024,0.448640232086182,0.595970456784235,0.505521116854587
"4537003",1997,0.0422933383911825,0.334442541996261,0.442139560275406,0.260896264224966,0.233560329856339,216.693232097626,13.4592069625854,158.370001926422,0.19632180649024,25.5724932289124,0.1541565731483,0.851526749543687
"4537003",1998,0.770218168270474,0.247860424450751,0.757033512510248,9.870085105896,4.48640232086182,16.1510483551025,5.38368278503418,0.301620207649735,1.79456092834473,0.104713851807665,0.280158023097134,0.54128577177602
"4537003",1999,0.236521522712488,0.0924286355799721,2.24320116043091,1.34592069625854,18.3942495155334,10.3187253379822,2.24320116043091,10.7673655700684,43.9667427444458,12.1132862663269,0.171523967380874,0.479331749981789
"4537003",2000,0.520543628419423,0.0684708474922317,0.258671332051163,0.448640232086182,7.17824371337891,108.12229593277,22.4320116043091,0.677342940999367,82.9984429359436,0.508501566603366,0.222792098660368,0.579194819658791
"4537003",2001,0.233929958113674,0.733882516273561,16.1510483551025,0.0268878827837479,9.42144487380981,0.313634828352014,90.6253268814087,46.6585841369629,20.6374506759644,2.24320116043091,0.637101075045851,0.249260942009215
"4537003",2002,0.750714047398945,0.645197380007773,0.418387390115548,12.1132862663269,65.9501141166687,103.187253379822,86.1389245605469,58.3232301712036,0.137737776212672,0.366997282708213,0.478337103566521,0.269701904147249
"4537003",2003,0.333174855966155,0.487359770858161,0.719000762866791,0.41228835934944,58.3232301712036,17.0483288192749,26.4697736930847,0.448640232086182,0.0969367784763432,0.580590219023663,0.102568919638292,0.559414111597199
"4537003",2004,0.528890693948018,0.62271618043003,6.72960348129272,19.2915299797058,0.327702705411918,26.0211334609985,72.6797175979614,57.8745899391174,0.242159513059472,0.00787904841348301,3.14048162460327,0.660350226782944
"4537003",2005,0.0816298642341894,0.587508576504105,0.538368278503418,2.69184139251709,45.7613036727905,8.07552417755127,3.58912185668945,26.0211334609985,20.6374506759644,2.69184139251709,0.571714038113695,0.594690142506116
"4537003",2006,0.463755865985988,0.803930919554944,0.0772070944113933,0.422170875016855,1.34592069625854,18.8428897476196,60.5664313316345,0.496240959446009,0.775386997696072,3.14048162460327,0.605215898471129,0.00373582484414095
"4537003",2007,0.615915047110759,0.806816199398836,0.0821470539466365,0.450561477322253,0.0373982756024949,43.9667427444458,0.180252961210313,24.67521276474,0.439280825929313,0.0781229523167665,0.165613016179776,0.794513527538367
"4537003",2008,0.534031900713233,0.14835316919392,0.0747745151242567,0.135303511195339,19.740170211792,51.5936266899109,30.9561760139465,73.1283578300476,10.3187253379822,0.00845561263957485,0.887972370105076,0.14593510423389
"4537003",2009,0.324714532724959,0.378660491861049,0.386772168116897,0.425381830246731,4.03776208877563,36.3398587989807,3.58912185668945,56.0800290107727,0.647979464291648,0.333478424240514,0.150204712233575,0.243192875489126
"4537003",2010,0.316381771773425,0.418227410998127,0.138391698302929,0.249657260750933,57.8745899391174,51.5936266899109,17.4969690513611,5.38368278503418,11.6646460342407,0.624158278219139,5.38368278503418,0.510281358414286
"4555001",1981,0.239533001938801,0.176818173188226,0.643666090996746,0.774353469823861,43.2825543880463,18.1374513626099,8.65651087760925,1.64885921478271,4.53436284065247,0.0106740852309798,0.524586089534833,0.533620534950142
"4555001",1982,0.319341672619971,0.442140171115163,6.59543685913086,0.531789515828429,49.0535616397858,18.7145520877838,57.7925154781341,45.0962995243073,2.06107401847839,0.799201084416525,0.433194931390184,0.295837507878104
"4555001",1983,0.602708529311419,0.46719917625146,0.0287159176727525,0.650714502421141,15.6641625404358,9.48094048500061,117.481219053268,42.3756818199158,0.813246448837466,0.722148385807917,0.209730733258358,0.550043579565679
"4555001",1984,0.809237068173564,0.801054459091419,0.423872156847805,0.281718560394962,14.8397329330444,0.457990005326938,253.512104272842,5.35879244804382,0.298505963058222,0.658840060156139,0.0444364705481819,0.797153907611435
"4555001",1985,0.765967100692914,0.287988093935038,0.740609447064431,0.685392933710395,1.64885921478271,0.400408578153588,41.2214803695679,0.715504237239556,0.769992712858198,0.63974757468452,0.755650891082585,0.00297351546086398
"4555001",1986,0.759467290980936,0.79532348526997,0.43793864295141,0.403607319324754,38.7481915473938,6.59543685913086,0.572581433852046,12.3664441108704,0.460309152109319,0.0661253468657072,0.349860533101609,0.687626710780728
"4555001",1987,0.754145949118232,0.302582749753643,0.782097062094406,0.521010888672086,20.6107401847839,19.7863105773926,257.222037506104,76.6719534873962,0.621217876789162,0.231561930435884,0.0440485695292612,0.137536942650479
"4555001",1988,0.15014011091637,0.267057827431829,0.225049125733224,0.263463124581412,1.64885921478271,14.8397329330444,6.59543685913086,9.48094048500061,2.88550362586975,0.355839860795257,0.621563934663667,NA
"4555001",1989,NA,NA,NA,NA,NA,NA,NA,NA,NA,NA,NA,NA
"4555001",1990,0.254068537354518,0.132492552315727,0.454603261677689,0.00401342529452613,0.090612539588125,4.12214803695679,30.7512243556976,1.23664441108704,5.35879244804382,0.636075213812785,0.142549033142073,0.0249681139112739
"4555001",1991,0.617575383722714,0.718879624788364,0.362351404946006,0.130973291848368,29.6794658660889,106.351419353485,NA,1.64885921478271,9.06872568130493,0.296019002591388,0.467955173592577,0.408993449371109
"4555001",1992,0.708049740178413,0.713017014373688,21.4351697921753,7.41986646652222,9.89315528869629,108.824708175659,0.128661251146653,92.7483308315277,0.689485238035939,0.0964493911322181,0.216435182545382,0.205705184245438
"4555001",1993,0.452810341667345,0.410611749062197,0.427380305447445,23.9084586143494,46.9924876213074,0.101485209445244,21.4351697921753,9.48094048500061,0.788059536552601,0.45636146209196,0.235474692780684,0.759696783794783
"4555001",1994,0.151281447286708,0.297101098396588,0.537094509098741,0.498260054283632,6.59543685913086,23.4962438106537,8.24429607391357,NA,0.358258693681213,0.126807034760152,NA,NA
"4555001",1995,5.7710072517395,0.752074747925134,0.215271774519576,0.48429242005814,0.0833121344886774,5.7710072517395,20.6107401847839,0.301496896670675,0.459008285955589,0.348657906113689,0.484041802298437,0.0538274811245877
"4555001",1996,0.811099897083766,0.164595915607932,0.218816647850856,0.226205848246239,0.584030245227238,3.29771842956543,53.5879244804382,0.111675036585522,0.159161314490114,5.7710072517395,0.163073037028351,0.697523393282169
"4555001",1997,0.467402073473881,0.595280593290257,0.277331574467102,0.635502550857484,3.29771842956543,147.985114526749,13.1908737182617,206.931831455231,0.428040120201582,49.4657764434814,0.759123387005165,0.706987775965005
"4555001",1998,0.0726113910897643,0.307383214559821,0.460714738669628,1.64885921478271,0.643793569515435,6.76032278060913,0.218697138623118,0.161216449260959,0.512976834874414,0.333771344709479,0.60252070074228,0.00822487778520078
"4555001",1999,0.407000381281707,0.386843784992139,1.64885921478271,0.824429607391357,10.7175848960876,2.47328882217407,NA,16.0763773441315,35.862687921524,14.0153033256531,0.0623479121682974,0.208600284624418
"4555001",2000,0.814564100851329,0.126110208497377,0.426495515864894,0.42691799174772,9.06872568130493,118.223205699921,14.0153033256531,0.635270338460956,50.7848638153076,0.440373423249083,0.0333419761866853,0.725582050704337
"4555001",2001,0.800733845477388,0.00861002255851661,0.571703486799411,0.41764584524678,43.2825543880463,0.608197415741204,135.948442258835,27.7008348083496,15.6641625404358,0.508820302482544,0.54548671032177,0.231775361050433
"4555001",2002,0.459274356273526,0.271600697581654,0.823723113826027,1.64885921478271,68.4276574134827,79.1452423095703,86.9773235797882,37.5115471363068,0.775276195742082,0.455453402110727,0.51929859196491,0.0618441292475808
"4555001",2003,0.632460045949125,0.496216920573547,0.160923401942026,0.207631430606658,85.7406791687012,16.4885921478271,12.3664441108704,1.23664441108704,0.107642176870597,0.103974116502138,0.726576129196987,0.736552416501759
"4555001",2004,0.38510288506259,0.481026794198379,4.12214803695679,25.5573178291321,1.23664441108704,18.9618809700012,59.7711465358734,40.8092655658722,0.350543772776171,0.166340240353561,0.576005274620738,0.122931131897628
"4555001",2005,0.47082222721941,0.0447505813881788,0.782394159034728,0.649074237032351,28.6901503372192,0.412214803695679,0.437584125923234,23.9084586143494,3.29771842956543,2.47328882217407,0.564671884077493,0.0388323508240178
"4555001",2006,0.099884047463177,0.597345926496159,0.322564090361258,0.0952894948769628,1.64885921478271,33.8016139030457,43.6947691917419,0.618668339431204,0.410827997731048,11.542014503479,0.353574807948224,0.666401496629073
"4555001",2007,0.784912697411457,0.417977058860448,0.070780720937653,0.459607576750332,0.344811341651523,10.0580412101746,0.14696635447145,12.3664441108704,0.489388734113545,0.727459145330612,0.741552290945818,0.632705756635728
"4555001",2008,0.297059991389919,0.156861016289174,0.4813269725518,0.60104442553657,11.542014503479,25.5573178291321,62.2444353580475,25.5573178291321,0.144277356345385,0.796397697011118,0.770861855050752,0.040622973547128
"4555001",2009,0.224212325613374,0.573892424731082,0.0885732288035541,0.559564432939423,1.64885921478271,39.5726211547852,0.295605106024482,43.2825543880463,0.259155116156191,0.810408897346452,0.732971657463112,0.153621691565741
"4555001",2010,0.440149987879526,0.0164353468497329,0.628925251658462,0.196408730610492,37.0993323326111,60.5955761432648,14.8397329330444,2.06107401847839,7.00765166282654,0.180250502287365,1.64885921478271,0.517586470894251
"4513004",1981,0.341263100044364,0.330411136499953,0.462094444803118,0.37828068681759,59.9232448482513,14.4975592374802,10.6315434408188,25.6123546528816,14.4975592374802,0.267455072182623,0.326482009243983,0.679039136427679
"4513004",1982,0.8435817980869,0.417011885764224,0.49998481289106,0.749288459749746,35.2773941445351,49.7749533820152,87.9518593740463,39.1434099411964,3.3827638220787,2.89951184749603,0.801822434373448,0.865624830000208
"4513004",1983,0.593640929534841,0.0814249212091368,0.380906347218588,4.34926777124405,21.7463388562202,42.5261737632751,186.535262188911,39.6266619157791,4.83251974582672,0.350212999262665,0.0923197636508259,0.319974018736891
"4513004",1984,0.415419991456878,0.305964904709605,0.567456892409085,0.699622276075093,0.070607640456094,6.28227566957474,392.883855335712,0.329539185777377,0.966503949165344,0.227005195373158,0.966503949165344,0.157997125957073
"4513004",1985,0.0277960409441786,0.832729296266576,2.89951184749603,0.918312194581735,1.93300789833069,1.44975592374802,44.4591816616058,4.83251974582672,0.665099617290469,1.93300789833069,0.774011829150246,0.890486725112205
"4513004",1986,0.834408665360628,0.200485522962232,0.17608201817274,0.636571134273837,87.6619081892967,15.560713581562,5.41242211532593,31.1214271631241,1.64305671358109,3.3827638220787,0.11594154374246,0.3989161827989
"4513004",1987,0.274494329315078,0.479274775597072,4.15596698141098,5.41242211532593,40.1099138903618,13.3377544984818,257.863253637314,87.1786562147141,0.434831890422384,7.82868198823929,0.844482401875464,0.942704915400347
"4513004",1988,0.208621096909965,0.413461740756715,0.346531575465702,0.246583198589607,5.79902369499207,22.0362900409698,1.44975592374802,8.6985355424881,5.79902369499207,0.330374853957968,0.358342793495275,0.906876449655721
"4513004",1989,0.777602386032105,0.502398354326588,0.922465963819314,19.8133309578896,40.1099138903618,0.274802082267959,33.5376870360374,70.3614874992371,1.44975592374802,0.560393317897111,0.794904004881504,0.436803318981041
"4513004",1990,0.184680233517514,0.24986254445589,0.937694505699421,0.950308240234154,0.929167485895466,1.93300789833069,42.5261737632751,2.70621105766296,12.2746001543999,0.0451347443486694,0.494796819620245,0.444190676581651
"4513004",1991,0.629062141168781,0.907211753694174,0.74894746533377,0.130657395592089,17.3970710849762,169.621443078518,46.8754415345192,1.44975592374802,17.3970710849762,0.589819120814173,0.56588428939742,5.79902369499207
"4513004",1992,0.0892782963579312,0.939510258427872,39.433361125946,22.7128428053856,28.2219153156281,189.628074826241,0.703611097724857,42.7194745531082,0.949276270343825,0.298759154921429,5.31577172040939,0.121589289227849
"4513004",1993,0.951534157552193,0.377470927215926,0.498324331385753,39.6266619157791,62.8227566957474,0.797433152321127,22.2295908308029,18.3635750341415,10.1482914662361,0.380944791415433,0.390125278178857,0.660038249602858
"4513004",1994,0.105750490532268,0.580953161809092,0.684909822429718,0.294516451566331,5.79902369499207,37.2104020428658,7.73203159332275,4.34926777124405,0.572096382298609,0.0273531598089586,0.760205265513958,0.61407885215207
"4513004",1995,9.66503949165344,0.172908266648592,0.0846995522104744,0.496409546690669,0.590805702028266,4.83251974582672,9.18178751707077,1.93300789833069,6.76552764415741,0.216223643133963,0.00836680733393941,0.698618600775195
"4513004",1996,0.336011987396725,0.551684554586585,0.714819382146759,4.83251974582672,0.654687673377714,7.24877961874008,63.0160574855804,17.3970710849762,0.65884606161672,3.86601579666138,0.612211603161021,NA
"4513004",1997,0.39909141973784,0.337917957148623,2.41625987291336,0.736513709831762,0.368231001694761,308.798011758328,8.6985355424881,175.903718748093,4.83251974582672,NA,NA,NA
"4513004",1998,NA,NA,NA,NA,NA,NA,NA,NA,NA,NA,NA,NA
"4513004",1999,0.359914018412585,0.0625684111459962,4.34926777124405,2.41625987291336,20.0066317477226,20.1032821426392,0.23881766885479,9.66503949165344,56.250529841423,13.5310552883148,0.517146678480837,0.480002879282674
"4513004",2000,0.478293263672908,0.113566638680881,0.0434142401282652,4.34926777124405,17.8803230595589,154.157379891872,44.9424336361885,0.767360239591155,89.7882168774605,0.881274776436659,0.370729991506207,0.0592957057412284
"4513004",2001,0.722251888314742,0.556584383242093,10.1482914662361,0.0968950171059848,4.34926777124405,0.95334331527554,129.028277213573,50.5481565413475,18.6535262188911,2.41625987291336,0.160734840236204,0.237474265842559
"4513004",2002,0.550190952341521,0.446796378242837,0.513568022402366,22.0362900409698,128.545025238991,57.9902369499207,110.664702179432,46.8754415345192,0.254808014273243,0.801798291618557,0.909428435341258,0.928638659514253
"4513004",2003,0.436248080624907,0.18209110319341,0.557167131052929,0.148956062106681,102.449418611526,24.4525499138832,19.9099813528061,0.13374485802175,0.817767982499068,0.743322973052816,0.579235787555112,0.553288716949115
"4513004",2004,0.331238886263798,0.796934073110204,0.966503949165344,28.4152161054611,3.3827638220787,9.95499067640305,62.8227566957474,69.5882843399048,1.06315434408188,0.638792348285127,5.12247093057632,0.954410123679199
"4513004",2005,0.234840949861883,0.765196899241878,7.24877961874008,19.8133309578896,59.0533912940025,14.3042584476471,14.4975592374802,49.8716037769318,29.6716712393761,7.24877961874008,0.952525107982483,0.748563702061035
"4513004",2006,0.544629430016319,0.193300789833069,0.703160725958221,0.821758603502597,0.773203159332275,21.7463388562202,80.5097789654732,0.42856458778488,0.468529812168054,2.41625987291336,0.608755456160198,0.102190307984149
"4513004",2007,0.245410325752515,0.567443222631214,0.733705028644056,0.641241284287406,0.0280259428175997,44.1692304768562,4.34926777124405,22.2295908308029,0.79886905237836,0.421519105824527,0.859911877968637,0.116889745343817
"4513004",2008,0.190150667721414,0.392439838504923,0.298151579584128,NA,29.9616224241257,73.4543001365662,36.53384927845,103.415922560692,5.79902369499207,0.765628534191031,0.286556303584197,0.432420052027039
"4513004",2009,0.180492903271772,0.0139530730237368,0.631306729676614,0.631906336640123,1.44975592374802,44.9424336361885,3.86601579666138,78.5767710671425,0.0384628645780183,0.75793257481783,0.875803681989642,0.748721486663644
"4513004",2010,0.800288910823221,0.831065545275168,0.815387789191679,0.486713517394475,66.8820732822418,59.4399928736687,22.2295908308029,6.28227566957474,12.0812993645668,0.61334525454165,0.966503949165344,0.123578223455358
"4554003",1981,NA,NA,NA,NA,NA,NA,NA,NA,NA,NA,NA,NA
"4554003",1982,NA,NA,NA,NA,NA,NA,NA,NA,NA,NA,NA,NA
"4554003",1983,NA,NA,NA,NA,NA,NA,NA,NA,NA,NA,NA,NA
"4554003",1984,NA,NA,NA,NA,NA,NA,NA,NA,NA,NA,NA,NA
"4554003",1985,NA,NA,NA,NA,NA,NA,NA,NA,NA,NA,NA,NA
"4554003",1986,NA,NA,NA,NA,NA,NA,NA,NA,NA,NA,NA,NA
"4554003",1987,NA,NA,NA,NA,NA,NA,NA,NA,NA,NA,NA,NA
"4554003",1988,NA,NA,NA,NA,NA,NA,NA,NA,NA,NA,NA,NA
"4554003",1989,NA,NA,NA,NA,NA,NA,NA,NA,NA,NA,NA,NA
"4554003",1990,0.642169925545883,0.76123667155628,0.69260039091915,0.312139992829308,0.652098881933694,3.66602045059204,25.2548075485229,4.88802726745605,8.47258059692383,0.433021781697755,0.115397108132601,0.269115821477864
"4554003",1991,0.770395850161705,0.762780143642414,0.0217245545886793,0.489328366742408,53.8497670631409,175.968981628418,14.1752790756226,4.31775741958618,15.1528845291138,0.0692211404930832,0.388926482534722,NA
"4554003",1992,0.175042321646585,0.775417694354184,36.2528689002991,8.14671211242676,13.2791407432556,144.115337268829,0.0469515496428311,115.357443511963,0.398593069737591,0.23134429176656,0.547170811808161,0.0882994195018874
"4554003",1993,0.720061998132269,0.5732975709311,0.0434617231151339,19.4706419486999,56.8640505447388,0.289612377234511,23.6254651260376,14.2567461967468,0.181277854990343,0.543819110184753,0.138756776627371,0.0278201798424966
"4554003",1994,0.688748170649964,0.0198608397342209,0.533877689137659,0.181386542251785,0.752953804742525,26.7212157287598,21.0999843711853,0.37945798865011,2.28107939147949,0.0641767878732715,0.399707089034714,0.360444476969964
"4554003",1995,0.0336159524043646,0.496533980774052,0.618435627973974,5.13242863082886,0.692336520603345,16.6192927093506,30.9575060272217,4.39922454071045,7.16910665893555,0.360353773119697,0.547538450403012,0.451264084646409
"4554003",1996,0.544357412601647,0.53827605112592,0.640252553893514,4.23629029846191,0.472940924745452,6.19150120544434,84.3999374847412,11.8127325630188,0.637546574503859,8.14671211242676,0.803556447018566,0.0226739542304206
"4554003",1997,0.736780042483504,0.462607717078602,0.688634247829501,0.178108472481899,13.0347393798828,248.474719429016,23.2181295204163,161.30489982605,9.77605453491211,45.2142522239685,0.103144178483267,0.507502269792634
"4554003",1998,0.33205114889952,0.629463333436495,0.803436869445347,0.568712802594132,0.57115734450908,10.9980613517761,0.71649471010332,0.326038144833807,0.206975618454089,0.337948358188681,0.543830157551919,0.73866109128337
"4554003",1999,0.558343368622114,0.453092784115517,0.814671211242676,4.88802726745605,14.2567461967468,4.88802726745605,3.2586848449707,30.9575060272217,37.0675401115417,13.8494105911255,0.180407635923522,0.121405250878766
"4554003",2000,0.232157013575955,0.554119215582993,0.17186298091596,2.44401363372803,33.4015196609497,158.860886192322,7.73937650680542,0.0852172112704083,90.428504447937,0.814671211242676,0.394784332377495,0.484745242745023
"4554003",2001,0.653887639447838,0.811766235655951,0.72337111650083,1.62934242248535,32.586848449707,0.386813858787142,180.857008895874,37.0675401115417,23.2181295204163,2.85134923934937,0.730161524450314,0.244583616896277
"4554003",2002,0.611794804471503,0.779251333718864,0.263220240026089,2.93281636047363,120.978674869537,126.274037742615,104.685250644684,52.5462931251526,0.349529461594839,0.0690824577386717,0.0716751730679708,0.149097117795549
"4554003",2003,0.480137471294179,0.235083539703879,0.321010667322462,57.84165599823,87.1698196029663,20.7741158866882,15.0714174079895,3.66602045059204,0.490304887270317,0.00814183752283666,0.194618713394688,0.802212999576752
"4554003",2004,0.0237428301560345,0.354166697054109,4.07335605621338,30.142834815979,2.03667802810669,14.6640818023682,81.0597855186462,109.165942306519,0.166486205958216,0.441288548247569,0.814671211242676,0.435633770454782
"4554003",2005,0.604373118073077,0.681911778285978,0.349099230357375,0.23790387893769,35.0308620834351,0.814671211242676,4.48069166183472,55.397642364502,4.07335605621338,3.2586848449707,0.636572147289093,0.477515497570032
"4554003",2006,0.790648292905034,0.136682496587515,0.0706533832207529,0.608690715275528,2.44401363372803,40.7335605621338,65.9883681106567,0.544485121964258,0.480810699655038,23.6254651260376,0.791057550988505,0.261371738110555
"4554003",2007,0.131471589382332,0.754094299633018,0.708573406041122,0.759660387981625,0.357398694208097,14.6640818023682,0.0786193266735764,18.3301022529602,0.345240385309753,0.105065065862267,0.780635370115562,0.737115519055599
"4554003",2008,0.808706401747748,0.788572845192498,0.523112086548766,2.85134923934937,16.2934242248535,27.698821182251,37.0675401115417,49.2876082801819,3.66602045059204,0.223566440352358,0.681859167954957,0.173956053164312
"4554003",2009,0.700251741614393,0.253251808866196,0.463144468858043,0.126970221820004,0.814671211242676,43.9922454071045,0.772615386331014,50.5096150970459,0.245109704083644,0.127336042897047,0.611722414455707,0.510655034209584
"4554003",2010,0.260286628006623,0.146125020377083,0.607646725611024,0.692642785821337,40.7335605621338,50.5096150970459,22.8107939147949,2.44401363372803,0.525212595976802,0.26701544349836,0.712428381418445,0.66779959847997
"4610001",1981,NA,NA,NA,NA,NA,NA,NA,NA,NA,NA,NA,NA
"4610001",1982,NA,NA,NA,NA,NA,NA,NA,NA,NA,NA,NA,NA
"4610001",1983,NA,NA,NA,NA,NA,NA,NA,NA,NA,NA,NA,NA
"4610001",1984,NA,NA,NA,NA,NA,NA,NA,NA,NA,NA,NA,NA
"4610001",1985,NA,NA,NA,NA,NA,NA,NA,NA,NA,NA,NA,NA
"4610001",1986,NA,NA,NA,NA,NA,NA,NA,NA,NA,NA,NA,NA
"4610001",1987,NA,NA,NA,NA,NA,NA,NA,NA,NA,NA,NA,NA
"4610001",1988,NA,NA,NA,NA,NA,NA,NA,NA,NA,NA,NA,NA
"4610001",1989,NA,NA,NA,NA,NA,NA,NA,NA,NA,NA,NA,NA
"4610001",1990,0.421148895402664,0.712634759318486,0.584457928051289,0.667037992072226,0.186697321780668,NA,29.7594598045349,3.2523999786377,8.45623994445801,1.62619998931885,0.561000117299112,0.788942240709786
"4610001",1991,0.27863212135664,0.127409631030789,0.414897109170614,0.519056118181836,48.8673096790314,105.215139308929,15.1236599006653,6.9113499546051,15.8554498958588,0.274880259910508,0.165204660892712,0.776140939618651
"4610001",1992,0.0833591132685386,0.475574842903042,28.4584998130798,6.09824995994568,15.0423499011993,105.702999305725,0.726580127506687,44.7204997062683,0.69040065293027,0.331040366965027,0.659481938839581,0.760327218686655
"4610001",1993,0.0599711378307805,0.331157952531826,0.716086331279054,12.1964999198914,NA,9.35064993858337,17.0750998878479,25.2060998344421,1.62619998931885,0.0877118825252502,0.6393562417812,0.755588267723263
"4610001",1994,0.0793676104032748,0.385659426332667,0.24164039345647,0.751810249626098,2.43929998397827,40.6549997329712,NA,2.03274998664856,0.0795300419472514,0.447338532043354,0.430495768154619,0.558241974410103
"4610001",1995,0.250850245415978,0.368560847121682,0.359747854590647,3.2523999786377,0.697455693795423,5.69169996261597,41.4680997276306,5.69169996261597,3.2523999786377,0.728341775161409,0.156924387516187,0.496397129829462
"4610001",1996,0.79467123733784,0.610699333146642,0.0273838796780443,4.87859996795654,0.724706929255829,4.39073997116089,59.3562996101379,8.53754994392395,0.624500832086916,6.99265995407105,0.00222381891467747,0.661453725694877
"4610001",1997,0.417559831256306,0.788004611523646,0.519086559590101,0.711256871658145,17.0750998878479,224.822148523331,22.7667998504639,166.685498905182,4.87859996795654,0.767183977502956,0.294728627178792,0.508490820103405
"4610001",1998,0.725906818411668,0.736149639333988,0.809607051591071,1.62619998931885,0.813099994659424,8.53754994392395,0.702890676716741,0.679451833772478,0.294286285865415,0.279305381608493,0.469311016262744,0.704811147389942
"4610001",1999,0.110472610434183,0.766408442502183,NA,5.69169996261597,NA,16.2619998931885,13.0095999145508,22.7667998504639,31.5482797927856,8.94409994125366,0.031612784560095,0.305612580151658
"4610001",2000,0.19657725918627,0.38918707228082,0.368404757616641,2.43929998397827,13.0095999145508,112.207799263,4.87859996795654,0.448118132953686,82.9361994552612,0.813099994659424,0.152664729614048,0.564122020610046
"4610001",2001,0.672798502954355,0.73117025902412,0.363659335312445,2.43929998397827,47.1597996902466,0.743538630198345,132.535299129486,32.523999786377,17.0750998878479,2.43929998397827,0.128208688937949,0.280306824011781
"4610001",2002,0.244802433354712,0.00229802228474819,0.786659570513499,0.813099994659424,61.7955995941162,77.2444994926453,91.8802993965149,38.3783197479248,2.43929998397827,0.303559554049365,0.605070078806168,0.266388380334612
"4610001",2003,0.195429082447974,0.286801686397662,0.125896736885292,0.342712069327028,59.3562996101379,5.69169996261597,13.0095999145508,1.62619998931885,0.567711968287618,0.485524168461988,0.528290761834147,0.398126771177216
"4610001",2004,0.120203354308185,0.169279961213098,4.87859996795654,16.2619998931885,2.43929998397827,10.5702999305725,57.892719619751,46.3466996955872,0.00143398914745708,0.597466420336123,0.210041337801498,0.33500678072426
"4610001",2005,0.440489286555389,0.791685342743529,0.275037631832615,0.0369343532724025,29.2715998077393,0.481388713807635,3.2523999786377,32.523999786377,0.146397657175016,0.129326367284287,0.491497750459826,0.0794278304294069
"4610001",2006,0.726260219728261,0.580599284275728,0.798751691937392,0.131331477294613,0.639067073202897,33.7436497783661,50.4935096683502,0.627332825842221,0.0990629738051039,0.690990853485978,0.615741364092729,0.129339219662834
"4610001",2007,0.266255328333336,0.098755541290552,0.62765163578531,0.522398547249288,0.405673467914627,11.7899499225616,0.206687463530883,13.0909099140167,0.189933115994761,0.396524959374058,0.156788791884011,0.409271313229164
"4610001",2008,0.6034537068175,0.228740908326187,0.108600079327958,0.217358087920192,8.94409994125366,6.09824995994568,21.9536998558044,37.4025997543335,6.50479995727539,0.618952470547732,0.786599092830203,0.36649920720531
"4610001",2009,0.739500042332187,0.552129412213758,0.382756862533001,0.360457357228588,0.390420973318187,48.2168296833038,0.163748548441669,59.7628496074677,0.519890492916027,0.79136959591059,0.566507762759012,0.776258242349445
"4610001",2010,0.186090888823631,0.25547489352765,0.197671210166458,0.635706101528111,28.7837398109436,27.6453998184204,10.5702999305725,2.84584998130798,0.0322794112285357,0.277963555349487,0.088069941359512,0.20606401346352
"4513003",1981,0.457330993768165,0.841919277576368,0.238664327767924,0.2989617713112,54.0699745160341,34.7238368451595,11.4092606776953,9.42504142940044,14.3855895501375,0.75028531931513,0.339938631828819,0.863410054908365
"4513003",1982,0.0215760245674518,0.748621460961869,0.409078362575306,0.255771271918538,56.5502485764027,84.7261619021893,104.171510535479,40.4780726652145,0.872263558926029,NA,0.635121212134962,0.000475216043756751
"4513003",1983,0.174756580206577,0.438354097688667,4.46449330866337,4.46449330866337,28.771179100275,55.0620841401815,166.178362044692,32.64040663445,4.96054812073708,0.300562118919462,0.940979516810165,0.596447511339
"4513003",1984,0.499223492050017,0.503383042070859,1.48816443622112,0.304763602349386,0.882997267520066,64.1894926823378,454.783051709175,0.79010218349194,0.652186392887726,0.986612181589417,0.332758083151315,0.215105574921119
"4513003",1985,0.49871768461012,0.955984741219243,11.4092606776953,0.447168251959796,6.94476736903191,1.98421924829483,59.0305226367712,5.95265774488449,0.0498441315182208,4.46449330866337,0.349497451236678,0.328897554014181
"4513003",1986,0.803258685431808,0.375912309400166,0.259739225748215,0.56678259718419,84.3293180525303,22.8185213553905,24.3066857916117,37.7001657176018,0.299458332542385,22.8185213553905,0.471899046535627,0.479786940343409
"4513003",1987,0.765959483640465,0.540747338529784,3.47238368451595,4.96054812073708,46.6291523349285,22.8185213553905,363.112122437954,126.990031890869,2.97632887244225,7.44082218110561,0.599211854940911,0.883202025722135
"4513003",1988,0.909835000212097,0.687833425522013,0.204003000394003,0.866114437442734,3.47238368451595,20.338247295022,0.167880054577508,9.92109624147415,NA,0.101082215391541,0.264046518763975,0.956355695102771
"4513003",1989,0.849283561966464,0.809382238704099,0.217699007339805,18.8500828588009,48.6133715832233,0.394790865069375,50.5975908315182,99.2109624147415,0.077969345645061,0.718427514123454,0.653337941333435,0.559400045364357
"4513003",1990,0.430737400439858,0.298158680520869,0.717619775050473,0.547472911046955,0.362656273044492,0.261347415355567,38.6922753417492,12.8974251139164,14.8816443622112,0.459985135211419,0.459293390459667,0.843701195794937
"4513003",1991,0.552289641334822,0.564241057460303,0.172194232586196,0.166098837655274,33.7317272210121,212.311459567547,41.6686042141914,1.28974251139164,0.992109624147415,0.415718319422353,0.267443910046649,4.96054812073708
"4513003",1992,0.666955331712842,0.895043364887447,39.6843849658966,32.7396175968647,24.8027406036854,239.098419419527,0.147854340956471,44.6449330866337,0.387167256032388,0.301907681827522,8.92898661732674,0.0565588101498828
"4513003",1993,NA,NA,NA,NA,NA,NA,NA,NA,NA,NA,NA,NA
"4513003",1994,0.549542294236289,0.0388912946150883,0.75927350156508,0.037061887824218,9.92109624147415,31.7475079727173,19.8421924829483,5.95265774488449,0.65490259582262,0.644859267501598,0.417976797604992,0.423197689636156
"4513003",1995,20.338247295022,0.778764514845449,0.390102395782748,7.44082218110561,0.108279978168318,10.9132058656216,11.4092606776953,3.67080560934544,10.9132058656216,0.764866680312396,0.838881848119467,0.92614530129457
"4513003",1996,0.804426284693412,0.552188193137683,0.117710044096747,6.94476736903191,0.0107931305226977,9.42504142940044,81.352989180088,27.7790694761276,0.777413771445664,0.889090294998376,0.045812201953583,0.874626395362202
"4513003",1997,0.26686496220379,0.204794264546982,2.97632887244225,0.0517884289432711,0.277434466742518,365.592396498323,20.8343021070957,203.38247295022,10.4171510535479,22.8185213553905,0.90795420983615,0.693898791295028
"4513003",1998,0.859867425293537,0.50658215475076,0.373571395173241,23.3145761674643,0.0537722096291123,29.2672339123487,0.112649970217841,0.245731005185662,0.992109624147415,0.39975465299438,0.328265709116689,0.512794176463176
"4513003",1999,0.402696686977408,0.551943857891453,4.96054812073708,2.97632887244225,21.3303569191694,29.7632887244225,0.280081589678588,11.4092606776953,75.4003314352036,15.8737539863586,0.0477894547624821,0.471758462260961
"4513003",2000,0.68262776497272,0.687077292942856,0.184123706867981,6.94476736903191,28.771179100275,177.091567910314,70.4397833144665,0.884844837331599,130.462415575385,0.524725550435687,0.352679443369683,0.587870988882084
"4513003",2001,0.534840582841948,0.791681365163746,12.4013703018427,7.44082218110561,22.3224665433168,0.376146856988867,179.075787158608,62.5029063212872,16.8658636105061,2.97632887244225,0.102350325247577,0.580266737333265
"4513003",2002,0.809531653168145,0.325388911169278,0.957930198693763,27.7790694761276,152.288827306628,118.061045273542,111.11627790451,44.6449330866337,0.674001149260542,0.495618709932099,0.667564953878516,0.18205760748256
"4513003",2003,0.529875193900839,0.203982083237572,0.445705294216781,0.47495677870619,75.4003314352036,18.8500828588009,21.3303569191694,0.0419077681086472,0.111751058001581,0.185417875565262,0.856392193120715,0.29450391717955
"4513003",2004,0.721127875291592,0.779120223618488,4.46449330866337,24.8027406036854,0.738912328987148,14.3855895501375,NA,71.4318929386139,0.339667799777625,0.347100335130794,7.44082218110561,0.566724421003594
"4513003",2005,0.448524068670314,0.24412208171189,11.905315489769,12.2029483770132,66.0745009682178,15.8737539863586,11.4092606776953,65.4792351937294,25.7948502278328,NA,0.507442101593705,0.603753694159409
"4513003",2006,0.754914827274179,0.284256541885514,0.749461586019667,0.916080494502858,0.876861126486766,24.8027406036854,106.155729783773,0.886683529369088,0.728098483427352,4.96054812073708,0.197950130677568,0.468039697082413
"4513003",2007,0.484495913539055,0.117258291913005,0.80395340422516,0.922120031966162,0.985685677889892,57.5423582005501,7.44082218110561,17.8579732346535,0.862571741994751,0.454778376749914,0.218413474693358,0.612827340547731
"4513003",2008,0.738247491746843,0.436108674335939,0.787909320636283,0.606377060566672,33.7317272210121,68.4555640661716,23.810630979538,112.108387528658,3.47238368451595,0.799512357875177,0.356081145222477,0.340487622814742
"4513003",2009,0.914648666139896,0.728633069195233,0.669274266444127,0.112477957426508,1.98421924829483,34.7238368451595,23.810630979538,0.0179696559860225,0.417797047685627,0.947467980944445,0.475022391492244,0.512661749724751
"4513003",2010,0.33554026984786,0.0612663338611755,0.64804860176371,0.11456264994253,63.2965940206051,57.7407801253796,15.1792772494555,5.95265774488449,16.6674416856766,0.389060326716964,0.694476736903191,0.377518920166793
"4535001",1981,0.173191901163621,0.626414379424751,0.0696718958890599,0.520094146022168,47.6028341350555,16.9405103683472,12.0277623615265,10.24900877285,10.24900877285,0.417921951031319,0.608355189088644,0.287632512307802
"4535001",1982,0.231944144315891,0.25482265684379,3.98101993656158,0.0934253242041242,25.664873208046,33.4575079774857,57.5977352523804,37.2691228103638,2.96458931446075,0.677620414733887,0.572923983265619,0.549285867456964
"4535001",1983,0.111648752559743,0.331310060865856,0.585684532289308,0.466558561151268,17.956940990448,25.326063000679,133.830031909943,40.2337121248245,0.762322966575623,0.193406824343009,0.279136656634527,0.805261391606808
"4535001",1984,0.656098480049562,0.83471221134464,0.4369888295635,0.0376995317958091,6.35269138813019,2.54107655525208,293.494342131615,2.54107655525208,1.27053827762604,0.571094136653722,0.762322966575623,0.726608799340367
"4535001",1985,0.0379889611402034,0.327885983536843,7.11501435470581,0.103843690603323,2.1175637960434,0.847025518417358,35.9985845327377,5.50566586971283,0.42458277357495,0.677620414733887,0.803671358973394,0.582255310843448
"4535001",1986,0.256077407205987,0.228821410195818,0.186033188406769,0.0793586639156672,47.0099162721634,4.65864035129547,1.1858357257843,15.2464593315125,1.69405103683472,0.342388082548497,0.448496141444153,0.813176292409039
"4535001",1987,0.0132933402173697,0.778192678590941,0.329619728603464,1.94815869235992,18.8886690607071,25.2413604488373,275.960913900375,81.5685574235916,3.13399441814423,2.3716714515686,0.780014916114496,0.790234982370684
"4535001",1988,0.6995912722987,0.134417331776568,0.179064331989111,0.183212428776039,0.677620414733887,11.858357257843,0.254107655525208,8.0467424249649,3.64220972919464,0.348582789020674,0.602403874639417,0.210813846803289
"4535001",1989,0.160886869958076,0.135355941212317,0.709359078900922,1.43994338130951,14.3147312612534,0.208245949584832,36.8456100511551,46.162890753746,0.814599047568532,0.361279865274895,0.290082052635101,0.163561461650352
"4535001",1990,0.0164020130151319,0.331780068354026,0.224795479281521,0.736935656507774,0.345170883905887,11.0113317394257,18.2957511978149,5.75977352523804,5.16685566234589,1.69405103683472,0.336564959830291,0.382304972461017
"4535001",1991,0.179824204663502,0.561583726599276,0.374275054183768,0.0218783849056482,21.8532583751678,150.008219311714,26.6813038301468,0.576551907367235,11.4348444986343,0.00772861175001936,0.794611160905178,0.592917862892151
"4535001",1992,0.398204088890357,0.246033914081885,22.44617623806,8.30085008049011,27.1048165893555,157.716151529312,0.776652156603073,85.9730901193619,1.01643062210083,0.338023564459205,1.52464593315125,0.112902353956108
"4535001",1993,0.534920707580974,0.139472810228119,0.205446922684219,31.3399441814423,66.067990436554,0.467472318136597,22.0226634788513,5.08215311050415,0.379419998143645,0.496545570662968,0.250137031006139,0.774757600298659
"4535001",1994,0.245647230084902,0.666551339286537,0.666651217470272,0.625176380574174,6.35269138813019,23.2932017564774,9.14787559890747,0.0372332820136045,0.410507459361047,0.373947034299564,0.614394270643562,0.354660746088905
"4535001",1995,7.19971690654755,0.832202386204046,0.670380222166313,7.62322966575623,0.0752735600777698,6.77620414733887,23.0390941009521,7.45382456207275,2.28696889972687,0.395124262905176,0.283493306299729,0.41231358138651
"4535001",1996,0.354182089802839,0.145657154117115,0.299491019419503,5.6750709733963,0.602408639909137,2.1175637960434,31.3399441814423,8.0467424249649,0.418283386178754,0.0267540478380151,0.154036558178824,0.266467529279837
"4535001",1997,0.692125380874798,0.412081307274432,0.189497348590121,0.162083614506145,3.21869696998596,216.499722507477,14.3994338130951,178.891789489746,3.72691228103638,38.4549585361481,0.399297954059699,0.0610110170893438
"4535001",1998,0.30344863597299,0.678355277818144,0.117008949332016,4.06572248840332,4.06572248840332,5.92917862892151,0.677620414733887,0.529056911945648,0.229428214234295,0.618486808049789,0.659460240280197,0.526668090695763
"4535001",1999,0.139611549923009,0.827807739217231,2.54107655525208,0.423512759208679,10.1643062210083,10.587818980217,0.473992867255976,32.3563748035431,39.6407942619324,12.2818700170517,0.234799079665095,0.561341900451488
"4535001",2000,0.155939154285856,0.367832527259572,0.171024226254265,0.338810207366943,12.5359776725769,117.228331748962,13.0441929836273,0.441041127527871,74.4535430688858,0.56091011530553,0.616547506172334,0.0153175434911974
"4535001",2001,0.259857411509474,0.774235158080428,2.20226634788513,0.762322966575623,24.3943349304199,0.304265846104969,114.771957745552,32.6104824590683,14.5688389167786,3.38810207366943,0.821873121059844,0.305997370744832
"4535001",2002,0.491513618401073,0.812220792820583,0.338354132736212,6.43739393997192,85.7189824638367,87.6671411561966,85.6342799119949,45.4852703390121,0.829829674338634,0.465616820556834,0.624028913368085,0.173651084983454
"4535001",2003,0.397724617915338,0.0575415433827516,0.06799415689171,0.00846150344872154,54.4637408342361,22.1920685825348,11.0960342912674,5.42096331787109,0.727996957336144,0.0965989072605318,0.141627484429349,0.168559809324061
"4535001",2004,0.0533079194410258,0.683267322301945,7.62322966575623,19.7356945791245,0.845863650090104,16.4322950572968,59.969406703949,58.360058218956,0.627306759058685,0.653279309565187,1.69405103683472,0.153575707904944
"4535001",2005,0.519087049269373,0.281990539849726,0.423512759208679,0.572796760247293,30.4082161111832,2.71048165893555,2.45637400341034,25.1566578969955,15.077054227829,4.65864035129547,0.837781211886563,0.338586310805318
"4535001",2006,0.21234976780028,0.802232602305211,0.330388663632453,0.169405103683472,0.254107655525208,38.5396610879898,54.9719561452866,0.804821663687273,0.023361241864311,7.28441945838928,0.146882045172638,0.458105492721011
"4535001",2007,0.0322983558338554,0.329890206716898,0.169405103683472,0.368691308221722,0.423512759208679,27.6977344522476,2.1175637960434,17.956940990448,0.67421456411289,0.203926428713002,0.122876636186844,0.0674180169881861
"4535001",2008,0.446343332685388,0.715985414523181,0.765848911302026,0.677206635416828,11.858357257843,38.1161483287811,33.4575079774857,50.5674234495163,2.54107655525208,0.543772730434762,0.827100047064704,0.57899998555367
"4535001",2009,0.759061682992799,0.0128538053698475,0.312408608761716,0.604998384241539,0.592917862892151,49.9745055866241,2.54107655525208,45.1464601316452,0.00871440293713235,0.139649894537588,0.763786904567453,0.313620200133453
"4535001",2010,0.0499142721545449,0.531336875092443,0.510881466817044,0.21091246479278,37.0997177066803,57.3436275968552,16.2628899536133,6.35269138813019,12.1124649133682,0.80231807542351,5.92917862892151,0.763423142892398
"4512002",1981,0.940813976265612,0.238577384132682,0.839178110994557,0.16794243022992,74.0397839736938,23.9540477561951,15.2434849357605,38.6531225156784,9.79938317298889,0.234746731084286,0.557512861056143,0.362209878469373
"4512002",1982,0.36703592903013,1.05488458964472,14.6990747594833,0.0113761564515957,80.5727060890198,108.337625079155,96.9050113773346,80.4638240537644,22.9741094388962,7.62174246788025,0.674936518820115,0.514011871861193
"4512002",1983,11.9770238780975,0.359800751170187,0.880179542819493,6.53292211532593,52.2633769226074,77.1973629961014,NA,75.1286043262482,7.62174246788025,0.950735309092371,0.596338459604139,0.255179080472956
"4512002",1984,0.0712994570241802,0.945204083921084,6.53292211532593,0.147557261725724,0.0290732760102099,31.5757902240753,420.284656085968,0.23589557104437,0.999004134162002,21.7764070510864,39.1975326919556,0.931407108761833
"4512002",1985,0.206169500559943,0.873059836314601,3.26646105766296,0.136722041681923,2.17764070510864,4.35528141021728,70.7733229160309,0.945081820506194,1.03498832801737,10.8882035255432,0.261091580985776,0.961339910412802
"4512002",1986,0.0614947122672972,0.892758230778562,0.197082750198379,0.402397232031561,141.546645832062,35.9310716342926,19.5987663459778,47.9080955123901,0.572905661501727,10.8882035255432,0.804393896046986,0.879728981724206
"4512002",1987,0.928318132828904,5.44410176277161,7.62174246788025,7.62174246788025,29.3981495189667,35.9310716342926,445.327524194717,278.738010253906,2.17764070510864,7.62174246788025,1.07851516263262,0.0817199555470358
"4512002",1988,0.888470115818929,0.624638905577655,0.392040911020979,0.195956778428424,6.53292211532593,29.3981495189667,0.616913031308535,19.5987663459778,8.71056282043457,0.375186236816779,0.360161792551727,0.650944627616948
"4512002",1989,0.907698925741409,0.586898630633489,0.82851070923221,21.7764070510864,72.9509636211395,0.524049089265513,82.641464758873,139.369005126953,3.26646105766296,1.08721664359089,0.2768875971137,0.297624732582372
"4512002",1990,0.389257495643372,0.447518645927841,0.556490130268928,0.549169311409614,2.17764070510864,6.53292211532593,55.5298379802704,5.44410176277161,30.486969871521,1.04149773605398,0.187183714148533,0.636476931985295
"4512002",1991,0.788378051119956,0.222987831463953,0.861722720263994,1.08882035255432,64.1315187654495,303.780878362656,77.3062450313568,3.26646105766296,34.8422512817383,0.964540076664855,0.644762545300546,6.53292211532593
"4512002",1992,1.06270371302414,0.82191990168448,50.0857362174988,42.4639937496185,43.5528141021729,290.715034132004,8.71056282043457,71.8621432685852,0.639136025694285,0.967466436863807,20.6875866985321,0.966811442930379
"4512002",1993,0.623174336492816,0.857039024858595,0.878104333787399,51.1745565700531,114.326137018204,1.07090846579211,45.7304548072815,34.8422512817383,15.2434849357605,0.800589351816554,0.854922964091248,NA
"4512002",1994,0.528602496373438,0.0127885616447865,1.08384976461773,2.17764070510864,0.769890025701615,50.6301463937759,27.7649189901352,6.53292211532593,0.303968818404306,0.928879249198904,0.417437551392882,0.801256700089045
"4512002",1995,28.3093291664124,0.50804799688918,0.698813849785844,9.79938317298889,0.1424574814186,7.07733229160309,17.4211256408691,1.08882035255432,15.2434849357605,0.52054963735606,1.05278901406652,0.686130276319842
"4512002",1996,0.970941936824703,0.710794775636408,1.06754752885727,7.62174246788025,0.295948151702203,27.220508813858,97.9938317298889,44.6416344547272,0.816971788489342,9.79938317298889,0.550804219686742,0.512347649883282
"4512002",1997,0.654397716214074,0.577677908716856,4.35528141021728,0.867669397067167,0.0527153761316127,480.169775476456,31.5757902240753,259.139243907928,20.6875866985321,83.8391671466827,1.00269387605224,0.218419614004882
"4512002",1998,0.964296982170775,0.600444681872858,3.26646105766296,60.973939743042,0.844881931350239,44.6416344547272,0.738666208167303,0.494273840992484,3.26646105766296,0.243858624894903,0.862858776437816,0.108530417223144
"4512002",1999,0.568781547965796,0.676530384468402,8.71056282043457,4.89969158649445,43.5528141021729,34.8422512817383,0.546146059150983,7.62174246788025,88.1944485569,11.9770238780975,0.680055426259326,0.813579070687164
"4512002",2000,0.200422372456925,0.799128881493415,0.394922028932111,15.2434849357605,31.5757902240753,253.695142145157,67.5068618583679,0.196329716562135,146.990747594833,1.04330932839028,0.300247328349618,0.22163004135779
"4512002",2001,0.230175188578304,0.793617564774327,15.2434849357605,0.292423014337728,25.0428681087494,0.314832792143656,219.941711215973,56.6186583328247,10.8882035255432,10.8882035255432,0.1620995516261,3.26646105766296
"4512002",2002,1.03153813932964,0.143412472360574,0.526304076455409,21.7764070510864,239.540477561951,137.191364421844,185.099459934235,56.6186583328247,5.44410176277161,0.884193301861221,1.08342920423734,0.705830435218579
"4512002",2003,0.492892716489935,0.136268719094106,0.674172943700135,0.224392884592071,112.148496313095,26.1316884613037,38.1087123394012,0.958278365863385,0.985613939299655,0.39308705479291,0.222920898543409,0.876870738847992
"4512002",2004,1.07723609749923,0.455046173898262,6.53292211532593,39.1975326919556,0.315282318408089,18.5099459934235,69.6845025634766,87.1056282043457,8.71056282043457,1.08882035255432,14.1546645832062,0.726592267957392
"4512002",2005,0.786210915036094,0.71322296846457,21.7764070510864,16.3323052883148,87.1056282043457,79.4838857364655,13.0658442306519,96.9050113773346,34.8422512817383,14.1546645832062,0.519148313370978,0.688552312386088
"4512002",2006,0.320029010472719,3.26646105766296,0.145786083818637,0.159830118887017,0.689471454120312,20.6875866985321,139.369005126953,4.35528141021728,0.49979085764713,3.26646105766296,0.139804165472966,0.664184662742188
"4512002",2007,0.273658487286551,0.0652109072430849,0.38677879916542,0.479149504875125,1.08882035255432,97.9938317298889,18.5099459934235,22.8652274036407,0.238833116897857,0.296778319784821,2.17764070510864,0.0621877366149128
"4512002",2008,0.717264967842592,0.265955328847601,1.02726185520938,0.185780107299207,57.707478685379,96.9050113773346,32.6646105766296,202.520585575104,3.26646105766296,0.879940518947422,0.838590893411916,0.147302676096662
"4512002",2009,0.522801278204142,4.35528141021728,0.0915562910381996,0.847867446506613,3.26646105766296,82.7503467941284,81.6615264415741,88.1944485569,0.473325474795086,0.0349929567078177,0.426572570200011,0.116322269944859
"4512002",2010,0.647573142607093,0.827445956504152,0.221048686464604,0.95083066310237,59.2318271789551,84.0569312171936,26.3494525318146,5.44410176277161,25.0428681087494,0.706988164532883,3.48422512817383,0.0462535581458182
"4511003",1981,0.0928698104000009,0.438111640284719,0.837916258986061,3.47619501113892,80.5318510913849,24.3333650779724,21.2047895679474,64.30960770607,13.9047800445557,0.45299531956289,0.403374036371367,0.951324914060972
"4511003",1982,0.162045057139024,0.587799503812874,16.2222433853149,0.577127129940922,79.3731194210052,148.897019643784,138.468434610367,59.0953151893616,26.0714625835419,12.746048374176,1.15471291796674,0.807920732960544
"4511003",1983,27.8095600891113,0.32028951533441,0.347841321329089,20.8571700668335,36.5000476169586,114.714435367584,225.95267572403,102.547752828598,16.2222433853149,0.973461207013492,0.88609726011871,0.322123038034954
"4511003",1984,0.0961017510389664,0.0880046632104351,25.4920967483521,0.941386750000736,0.212530424042998,41.714340133667,518.532422494888,13.3254142093658,17.3809750556946,4.63492668151855,20.2778042316437,0.905959103038755
"4511003",1985,0.238984516993116,0.913573858864275,5.79365835189819,11.5873167037964,3.47619501113892,18.5397067260742,79.2572462539673,1.73809750556946,1.03762099674256,28.968291759491,1.07957662451014,0.676494981936096
"4511003",1986,0.5288312761772,0.637120463860897,0.764416309447515,0.420598729185684,119.928727884293,61.4127785301208,33.0238526058197,70.682631893158,3.47619501113892,23.1746334075928,0.721271403585654,0.805251157006173
"4511003",1987,0.151010275644272,12.746048374176,9.26985336303711,12.1666825389862,26.6508284187317,57.3572176837921,410.654503982544,273.460674209595,0.730154667297236,6.95239002227783,0.519792236465686,1.03897214913016
"4511003",1988,0.904070327166952,0.779763670807197,0.841591734730092,0.506116948159916,14.2523995456696,25.4920967483521,1.03181707874316,11.5873167037964,22.0159017372131,0.0689047905027028,1.10821645302557,0.427445901854546
"4511003",1989,1.03430245650645,0.331447758133207,0.985141926575294,33.0238526058197,101.389021158218,2.31746334075928,84.0080461025238,187.135164766312,5.79365835189819,0.0147887213715369,0.748796404230107,0.618728375476499
"4511003",1990,0.452984555281877,0.86339289268327,0.920174647422376,0.156108475628476,2.8968291759491,10.6603313674927,105.444582004547,12.746048374176,48.6667301559448,0.483690504969085,0.907576792179118,0.055025556585788
"4511003",1991,0.459057602699033,0.010169378248015,0.483433331487004,11.0079508686066,75.3175585746765,295.476575946808,70.1032660579681,6.95239002227783,60.2540468597412,0.414520668293652,1.01570583329339,8.69048752784729
"4511003",1992,0.156455258195532,0.271704542193245,30.1270234298706,55.8508665122986,55.8508665122986,293.6226052742,18.7714530601501,89.5699581203461,0.416754929590648,0.0089974723581259,30.2428965969086,0.775010331148834
"4511003",1993,0.689674380840187,0.644088095630262,0.102602032146324,71.0302513942718,139.743039447784,1.39047800445557,52.7222910022736,37.6587792873383,21.4365359020233,0.357869147622583,1.06524568171384,0.489044148283383
"4511003",1994,0.909184110659512,0.154947474579273,0.798690846936122,6.60477052116394,15.1793848819733,55.3873738441467,41.598466966629,17.1492287216187,0.701985292817951,0.935097656969843,0.738513340724736,0.858063892906024
"4511003",1995,37.0794134521484,0.845588278714598,1.1234711763877,8.92223386192322,0.682062995209368,33.7190916080475,23.8698724098206,0.58294608890453,19.6984383964539,0.88319646700889,1.09859799747307,7.0682631893158
"4511003",1996,0.597518589839549,0.845854359255444,0.804173066739507,15.1793848819733,0.502855805371996,42.2937059688568,105.908074672699,68.5969148864746,3.47619501113892,1.01922059888035,0.724700318507625,0.218122599281315
"4511003",1997,0.74439863818862,0.532830411477758,15.6428775501251,0.327512221093768,0.0616751541532317,595.81982490921,35.9206817817688,269.17336702919,52.8381641693115,65.9318320446014,0.500904434311754,0.133082142906661
"4511003",1998,0.480945928423395,0.82583412851551,9.73334603118897,0.864549539620057,3.70794134521484,69.4080270557403,0.416354839565126,0.753323316013869,6.95239002227783,0.551318870919595,0.830531026045839,0.229181755064455
"4511003",1999,0.522622964760048,1.10334227818189,10.6603313674927,8.3428680267334,61.065159029007,58.5159493541718,0.426869252961762,13.2095410423279,88.5270996170044,13.5571605434418,0.0337046476006147,0.972016222275796
"4511003",2000,0.413960424144628,0.428095328283547,0.279867994151937,33.0238526058197,34.1825842761993,260.830499002457,128.155722743988,0.964924167946884,75.2016854076386,0.414117437123643,0.322878230896874,0.680179198819123
"4511003",2001,0.636739223939747,0.387950047327485,6.95239002227783,2.8968291759491,14.1365263786316,0.909488847538629,180.878013746262,99.6509236526489,11.0079508686066,22.2476480712891,0.0389553138226149,4.75079984855652
"4511003",2002,0.606069716708507,0.00103308877876368,0.302953955740487,35.341315946579,318.071843519211,118.190630378723,208.919320169449,90.3810702896118,20.9730432338715,0.391620884332506,0.829003305887962,0.258859476477844
"4511003",2003,0.271098175855967,0.356647838919433,0.701888313388031,0.643901252705056,152.604960988998,31.2857551002502,58.6318225212097,4.63492668151855,0.627363819803878,0.383939072639776,1.02009232650303,1.0373592503498
"4511003",2004,0.167196896691021,0.919049004010627,17.4968482227325,64.8889735412598,0.271600184594519,20.8571700668335,70.2191392250061,88.6429727840424,19.6984383964539,5.21429251670837,23.1746334075928,1.10081058802964
"4511003",2005,1.13200389533521,0.261162190605562,49.8254618263245,22.595267572403,110.195381853104,152.952580490112,17.3809750556946,143.335107625961,48.6667301559448,8.80636069488525,1.07867241168541,0.854282747583053
"4511003",2006,0.173502923250625,15.0635117149353,0.962463776351715,0.948847575177891,0.560338215819753,21.4365359020233,146.23193680191,8.69048752784729,0.00935093919863134,6.95239002227783,0.852363943200915,1.12765249698927
"4511003",2007,0.528605438059693,0.3920173707965,0.0277429706577112,0.697644943919201,0.305071840912215,116.452532873154,37.3111597862244,12.1666825389862,0.0371941504865158,0.178192513296667,0.628780720934666,0.156664144708515
"4511003",2008,0.437779028614792,5.21429251670837,0.0307532659582169,0.223654992413176,98.7239383163452,118.769996213913,32.4444867706299,233.484431581497,2.8968291759491,1.04598769286297,0.921513264099378,1.00464985318762
"4511003",2009,0.950048573412921,0.650279727929014,0.890412612057812,0.350643747488066,10.4285850334167,62.5715102005005,64.8889735412598,107.414425844193,8.11112169265747,1.09599468744594,0.271074971099601,0.424592097223021
"4511003",2010,1.73809750556946,0.203028551003778,0.392000926663657,0.557181563096584,121.7826985569,98.0286993141174,27.8095600891113,8.3428680267334,29.7794039287567,0.982961410333291,1.50635117149353,0.41824531267475
"4531003",1981,0.574543523710793,0.107877103004174,0.0564731859325881,0.493365272066129,56.5173925876617,17.3478264808655,19.1739134788513,16.7086960315704,12.7826089859009,0.686711751464421,0.57161217321716,0.10814428792672
"4531003",1982,0.0380780003682544,0.837728208751542,4.5652174949646,0.262971517203311,51.1304359436035,52.0434794425964,82.1739149093628,69.3913059234619,1.82608699798584,1.36956524848938,0.611772002806499,0.414948466575554
"4531003",1983,0.387352270720542,0.810085855485761,0.418766651599319,0.415877421749278,30.1304354667664,36.9782617092133,119.152176618576,57.0652186870575,3.65217399597168,0.795412057779356,0.2051372934126,0.177702933677392
"4531003",1984,0.695912123788999,0.0486083136894817,0.0694924320547278,0.0727032748382711,0.368111416127486,2.73913049697876,333.260877132416,2.73913049697876,0.91304349899292,0.617775178146944,0.447053381239449,0.805788688872074
"4531003",1985,0.879160980542149,0.282593996272865,3.65217399597168,0.634893239122448,2.73913049697876,2.2826087474823,38.8043487071991,4.5652174949646,0.393114467918533,1.82608699798584,0.853738055220027,0.227196165872857
"4531003",1986,0.667787540854636,0.844623570011876,0.0526831139341759,0.0494754095356881,67.5652189254761,8.21739149093628,3.65217399597168,19.1739134788513,0.556750643834575,0.566560218726382,0.150337297623387,0.412369505937215
"4531003",1987,0.391865281823177,0.29603091057442,1.36956524848938,5.02173924446106,31.0434789657593,18.7173917293549,305.869572162628,96.7826108932495,7.30434799194336,12.7826089859009,0.518149714706733,0.533296337768365
"4531003",1988,0.21682278243363,0.902252249670688,0.572887917069626,0.3778781569421,2.73913049697876,15.5217394828796,0.91304349899292,6.8478262424469,10.5000002384186,0.305462092486797,0.52663630521725,0.461052051159854
"4531003",1989,0.504484648548867,0.645802474545939,0.390166640425044,3.65217399597168,29.2173919677734,0.0948892594400259,50.6739141941071,NA,0.0559394763749711,0.121386866189261,0.470708287147128,0.631917947198932
"4531003",1990,0.806373924662147,0.622534820439205,0.854078351355384,0.710378917758289,0.564179656404372,7.30434799194336,34.2391312122345,8.67391324043274,7.30434799194336,1.82608699798584,0.131465673617571,0.430877906781335
"4531003",1991,0.0874511369864119,0.771529122038871,0.841029031328413,0.109890445150612,39.2608704566956,132.756524753571,30.1304354667664,1.82608699798584,12.7826089859009,0.259905372189319,0.869474458703291,3.65217399597168
"4531003",1992,0.155168326855536,0.459491758057259,42.9130444526672,10.0434784889221,44.7391314506531,115.956524372101,1.82608699798584,44.7391314506531,0.343525948757559,0.252630077349642,2.73913049697876,0.121584519184315
"4531003",1993,0.399834428466934,0.539476921893984,0.37794766803631,40.1739139556885,92.2173933982849,0.644072309841816,21.0000004768372,18.2608699798584,0.257438251196429,0.618494876612964,0.209111301816013,NA
"4531003",1994,0.707819985131388,0.848549120415003,0.314563133638231,0.529296947412741,9.1304349899292,20.5434787273407,25.5652179718018,0.91304349899292,0.795813833991473,0.892837308789366,0.291268274454568,NA
"4531003",1995,7.30434799194336,0.184846324083062,0.774787389236836,4.5652174949646,0.0649672808887346,4.10869574546814,21.9130439758301,9.1304349899292,8.67391324043274,0.37261220829791,0.606465909066528,0.805971994113678
"4531003",1996,0.830454792308556,0.523315656159052,0.0976636366844192,14.1521742343903,0.496794177020181,8.21739149093628,48.8478271961212,18.7173917293549,0.408901349380058,0.122334015620478,0.620325771934031,0.627717836679009
"4531003",1997,0.107933921527896,0.766307767458997,0.91304349899292,0.874335613923475,2.00869569778442,249.260875225067,17.1652177810669,118.69565486908,6.39130449295044,37.4347834587097,0.682983229695657,0.755600223710996
"4531003",1998,0.0585848186510143,0.638059457654677,0.591973243775496,3.65217399597168,7.30434799194336,10.956521987915,0.377031368230786,0.0398634576645197,0.249834070694731,0.524818145196157,0.522793710390219,0.853439413317856
"4531003",1999,0.732946806810336,0.183004634571142,5.02173924446106,0.45652174949646,12.7826089859009,13.2391307353973,0.507536122893547,26.9347832202911,46.5652184486389,11.869565486908,0.283755866046164,0.49209946335053
"4531003",2000,0.512707360038483,0.642731591235903,0.494835631931402,0.884109837500099,12.3260872364044,124.173915863037,15.9782612323761,0.390051491689181,66.7434797763824,0.242267475983953,0.513105696633301,0.380035224709144
"4531003",2001,0.0188032893542593,0.414085399843481,5.47826099395752,0.36468242698997,21.0000004768372,0.336461284771831,116.413046121597,30.7695659160614,14.1521742343903,2.73913049697876,0.803429738741237,0.500160144843272
"4531003",2002,0.0237819094184944,0.720199369748907,0.660524931357575,9.1304349899292,101.347828388214,73.0434799194336,86.1000019550323,35.6086964607239,0.00492314443683462,0.265993454844204,0.1952485263282,0.195616889995826
"4531003",2003,0.468041718308205,0.141532157096924,0.525150117585199,0.624811025240022,42.0000009536743,23.2826092243195,9.58695673942566,8.21739149093628,0.688493497885557,0.803734444616429,0.746129149253229,0.153176105830062
"4531003",2004,0.151498695246499,0.873331333681898,17.3478264808655,18.2608699798584,0.290707509904682,13.6956524848938,77.6086974143982,66.6521754264832,0.797417747096178,0.782624011550168,1.82608699798584,0.759247875145081
"4531003",2005,0.706116516364303,0.624895588167563,1.82608699798584,3.65217399597168,36.0652182102203,1.82608699798584,0.786711499050739,46.1086966991425,15.9782612323761,6.39130449295044,0.11253893899195,0.256537193487369
"4531003",2006,0.334344513460737,0.132066113664065,0.0853698120157735,0.00628551668789879,0.45652174949646,34.695652961731,73.5000016689301,0.780314960104814,0.352211835753941,9.58695673942566,0.424846512123284,0.180844866555706
"4531003",2007,0.24088535782109,0.205691854959198,0.693465815669541,0.208325641991858,0.45652174949646,41.5434792041779,5.02173924446106,16.4347829818726,0.609060702148502,0.0648819615855219,0.278501303428093,0.600453512447985
"4531003",2008,0.355659372676983,0.817206663889744,0.577971547714654,0.202835084212141,19.6304352283478,42.9130444526672,33.3260877132416,81.2608714103699,10.0434784889221,0.552087731956616,0.413296613539002,0.383178318086275
"4531003",2009,0.336439158551324,0.103080263100301,0.707089089414292,0.0687705624631529,3.65217399597168,35.1521747112274,15.9782612323761,49.3043489456177,0.728139070675046,0.192424802267702,0.203021171759755,0.129583911076014
"4531003",2010,0.783663230905572,0.686383905978385,0.227268682274223,0.513007292116018,68.478262424469,50.2173924446106,17.3478264808655,6.39130449295044,12.3260872364044,0.828532580037622,10.956521987915,0.774649493533709
"4532006",1981,0.788128133343137,0.625029180918092,0.0350804134663351,0.115630323566626,69.3114964532852,15.8930819892883,19.8663524866104,19.424877986908,24.2810974836349,0.411041272980235,0.843821420338623,0.517655905264755
"4532006",1982,0.462666072896662,0.23458984103915,7.06359199523926,0.0554774780208696,60.0405319595337,75.0506649494171,114.783369922638,79.4654099464417,6.18064299583435,1.76589799880981,0.591932097132927,0.252768433394026
"4532006",1983,0.0481865910959028,0.668068324348669,0.0737172950806113,0.87800227234743,35.3179599761963,39.7327049732208,133.325298910141,51.2110419654846,4.85621949672699,0.837476680396303,0.51448239300175,0.358031461933255
"4532006",1984,0.30601136140356,0.175390905085606,0.866075284243979,0.365793971177381,7.68165629482269,4.41474499702454,323.424218482018,0.371084150125705,0.882948999404907,0.0320744804433104,0.038288880497076,0.663010126135594
"4532006",1985,0.102215229435677,0.282600180193543,1.32442349910736,0.264531559305791,5.7391684961319,0.353179599761963,38.5848712739945,9.00607979393005,0.247548125538167,2.20737249851227,0.850544510200113,0.508913435842569
"4532006",1986,0.183812122940224,0.292632375536169,0.238253523242083,0.557661321171816,88.2948999404907,6.6221174955368,2.20737249851227,19.424877986908,0.0923292768467583,0.142946837056482,0.473537384542148,0.415020402267656
"4532006",1987,0.136508975402542,0.17419814456087,0.279170783867306,3.09032149791718,31.7861639785767,38.8497559738159,314.94790808773,132.972119310379,6.6221174955368,8.74119509410858,0.246535298438312,0.225241331161142
"4532006",1988,0.840141674714443,0.184285746762739,0.232188572541178,0.786563300621909,3.97327049732208,18.5419289875031,1.76589799880981,10.0656185932159,3.97327049732208,0.410069603746131,0.0316285855420369,0.321802919246792
"4532006",1989,0.00510355746790756,0.557987471653206,0.312345557888337,7.94654099464416,21.6322504854202,0.791341564250218,53.4184144639969,55.4491971626282,0.207416563936417,0.826162604590568,NA,0.507485940459693
"4532006",1990,0.849793425302319,0.661986550411768,0.333390274268595,0.674954962484875,0.609098468636244,9.27096449375153,34.8764854764938,4.7679245967865,7.24018179512024,1.9424877986908,0.343719213452708,0.705307619651588
"4532006",1991,0.508971306137999,0.712484082504542,0.0326455622254216,0.154826622696484,55.6257869625092,182.593853076935,22.9566739845276,2.20737249851227,13.6857094907761,0.03711306799393,0.279710654243905,0.882948999404907
"4532006",1992,0.650898487218445,0.836476555524198,42.3815519714355,12.0964012918472,34.8764854764938,135.356081608772,0.595034152683563,110.368624925613,0.0263943006718295,0.389169971073164,7.06359199523926,0.412809951294164
"4532006",1993,0.361737681427527,0.174866698898585,0.0349435966504243,48.5621949672699,13.1559400911331,7.94654099464416,18.5419289875031,13.2442349910736,3.53179599761963,0.252541025320975,0.358976080240988,0.407644910504791
"4532006",1994,0.324453279319049,0.414370965206195,0.0643560794800344,0.755953025961776,11.4783369922638,22.5151994848251,28.254367980957,1.32442349910736,0.0847595681284862,0.882948999404907,0.277457014298134,0.52788993153976
"4532006",1995,8.82948999404907,0.782277386055918,0.676549949120524,6.18064299583435,0.864330431549707,4.41474499702454,23.39814848423,10.5953879928589,7.94654099464416,0.435570270995642,0.862116793918088,0.576818216543848
"4532006",1996,0.356334436247132,0.735517768998137,0.0724374745048929,14.568658490181,1.76589799880981,12.3612859916687,57.391684961319,14.568658490181,0.123126888602876,0.540768308648669,0.425198305656694,0.498430483072077
"4532006",1997,0.535106387455875,0.11582700991997,2.20737249851227,0.750689915413917,0.618064299583435,274.067369415283,19.6897626867294,191.423343070984,4.23815519714355,39.5561151733398,0.0716874195507948,0.470555682537775
"4532006",1998,0.661172301595761,0.692669799563571,0.584217461151906,1.67760309886932,5.7391684961319,9.71243899345398,0.794654099464417,0.339571180388935,1.32442349910736,0.175887713125717,0.581216184255578,0.218864068022748
"4532006",1999,0.545043281758916,0.2717129813068,4.32645009708405,0.708018118156757,16.7760309886932,11.9198114919662,0.436045834031506,48.9153745670319,44.5889244699478,12.3612859916687,0.276634200092096,0.849059435208511
"4532006",2000,0.21831874613978,0.689970301926069,0.374541841328272,1.85419289875031,18.1004544878006,154.339485095978,17.5706850881577,0.81005702123184,89.2661438398361,0.274042214391505,0.529125333378092,0.727467733600229
"4532006",2001,0.0735487233120566,0.774294950529328,5.7391684961319,0.515390383962525,28.5192526807785,0.610908465577594,136.415620408058,47.679245967865,15.0101329898834,3.53179599761963,0.10736664742088,0.141533908284464
"4532006",2002,0.238559136522848,0.721049288337928,0.230641225015766,9.09437469387055,116.372678121567,109.573970826149,92.0032857379913,58.3629288606644,0.295586669114753,0.353101652266308,0.258456026087603,NA
"4532006",2003,0.851530159532228,0.451538527911628,0.162543467608643,0.244549650869884,43.1762060709,22.5151994848251,11.0368624925613,11.4783369922638,0.343528414430211,0.199463109709709,0.34551238571902,0.622775740793732
"4532006",2004,0.28517329962811,0.479821192110925,8.65290019416809,17.2175054883957,0.882948999404907,16.7760309886932,69.3114964532852,60.6585962591171,0.0592773872376256,0.488973443031386,1.76589799880981,0.788379492027016
"4532006",2005,0.176774259671988,0.262862495871467,1.32442349910736,0.673681239545872,33.7286517772675,3.70838579750061,0.742644011097556,36.2892038755417,19.7780575866699,4.85621949672699,0.626576103514638,0.167322015345173
"4532006",2006,0.61772059088507,0.166215068248951,0.669156336927109,0.428046876234501,0.441474499702454,43.7059754705429,57.6565696611404,0.0227921246094741,0.14346706819534,15.0984278898239,0.59618191350866,0.733389195259162
"4532006",2007,0.805655752355268,0.398182499338566,0.69201268705744,0.774087234116301,3.09032149791718,44.0591550703049,6.71041239547729,12.7144655914307,0.428719773604253,0.776241020301314,0.1049682485804,0.756247015269218
"4532006",2008,0.485530588157467,0.106816663449466,0.391900356742639,0.121663905595168,18.4536340875626,38.9380508737564,36.7306783752441,77.6112170476914,7.24018179512024,0.639143482854706,0.417213711771051,0.837664950608941
"4532006",2009,0.152322840263819,0.285920792879936,0.685605761951783,0.2268422100615,0.700604705963932,40.8805386724472,13.5974145908356,49.8866184663773,0.834710322555629,0.592992194947989,0.59076903290691,0.342003496447084
"4532006",2010,0.117543680805583,0.114874579047318,0.332161126717096,0.2838745299386,63.3957381572723,47.502656167984,18.1887493877411,7.50506649494171,10.3305032930374,0.529146966101662,15.1867227897644,0.514354589940581
"4732001",1981,0.531622000401562,0.641958654635408,0.291300586137463,0.802191803952274,57.9418000392914,27.4804357099533,11.1784823226929,23.2885048389435,0.183257605635051,0.0222504257610865,0.36462847534947,0.311730912949687
"4732001",1982,0.148756497588484,0.842499003969881,10.4332501678467,0.715745359624218,61.7611148328781,73.777983329773,50.4894784908295,47.2290878133774,4.6577009677887,0.260501423367369,0.481004039187785,0.627812879398213
"4732001",1983,0.218539692778977,0.334431742583043,0.929398082678308,0.182239661295701,6.8002434129715,35.2122193164825,116.349370175362,32.976522851944,2.04938842582703,0.868863983436124,0.147971406452706,0.0531892182515954
"4732001",1984,0.67824933616013,0.26073815501764,3.81931479358673,0.811634230339825,21.3322704324722,1.21100225162506,254.962550976753,8.84963183879852,5.12347106456757,0.247179445001495,7.91809164524078,0.807181449491469
"4732001",1985,0.715175442247541,0.292130888006741,0.365414581969393,0.903833289751712,5.77554920005798,0.576803310670566,35.9574514713287,0.082284241382731,0.217262255586349,7.63862958717346,0.642494208219529,0.410013725719796
"4732001",1986,0.352401337026987,1.86308038711548,0.915730709568959,0.843393219092457,98.2774904203415,20.7733463163376,0.25312707837113,24.2200450325012,0.60516146601684,0.25770158870029,0.1460911811692,0.908668155726958
"4732001",1987,0.402043336861522,0.250882578407428,0.0868666966498806,9.03593987751007,45.1796993875504,43.3166190004349,245.274532963753,126.037388188362,0.931540193557739,4.93716302585602,0.492570004503412,0.0269088295688318
"4732001",1988,0.923972495782474,0.718525324029798,0.137158002077687,0.476915723883796,1.21100225162506,15.5567212324142,22.1706566066742,9.12909389686584,1.02469421291351,0.63474472793801,6.52078135490417,0.763412688510725
"4732001",1989,0.299296336072394,0.332609107960296,0.259151898078885,0.423128437742394,26.362587477684,0.225555342618639,45.8317775230408,34.9327572584152,0.317807321724493,0.100914839007799,0.234608491553439,0.49950254948054
"4732001",1990,0.557612772659554,0.516431028674836,0.41599007568834,0.178600556095351,0.842038458703424,0.46577009677887,32.6970607938767,2.1425424451828,11.1784823226929,1.7699263677597,0.886267472364527,0.16656268670932
"4732001",1991,0.76168242086817,0.107787127949405,0.306585979020015,0.579089370439833,46.577009677887,90.3593987751007,19.7486521034241,0.835333049680394,21.2391164131165,6.33447331619263,0.32660834386165,0.426734487220431
"4732001",1992,0.43566664887578,0.108077199194819,14.9977971162796,12.2031765356064,32.138136677742,141.873571478844,0.76764295426993,48.7195521230698,6.52078135490417,0.776149576665932,1.86308038711548,0.324035442138599
"4732001",1993,0.286142093260498,0.814642349870797,0.822241821758849,40.0562283229828,34.4669871616364,5.58924116134644,40.0562283229828,29.8092861938477,1.86308038711548,0.744497534530316,0.364436850975642,0.120756230997665
"4732001",1994,0.614306733374627,0.771184243751803,0.762114711730658,0.304549258130156,4.6577009677887,26.0831254196167,24.2200450325012,3.72616077423096,2.04938842582703,0.0981216824177773,0.0866458915301829,0.490120814428954
"4732001",1995,3.26039067745209,0.148383601270058,0.358390379029089,6.52078135490417,0.717283272837492,8.19755370330811,36.7958376455307,6.52078135490417,1.86308038711548,0.0649117171295195,0.793201549967045,0.70511187466088
"4732001",1996,0.450688317576529,0.879849505649854,0.557920417506578,4.2850848903656,0.46577009677887,6.70708939361572,43.0371569423676,4.19193087100983,0.479793769916346,0.577716837993832,0.0723988019041311,0.347264021614196
"4732001",1997,0.729527279648608,0.0922328421531758,0.786426817125265,0.0448832665404304,58.6870321941376,160.783837408066,19.376036026001,116.908294291496,7.63862958717346,42.1987707681656,0.931540193557739,0.77569050539141
"4732001",1998,0.34862288861937,0.244216637709059,0.890615825786026,7.07970547103882,0.507093324035368,4.6577009677887,0.475057906704582,0.423405541719441,2.32885048389435,0.422682655819526,0.146733096631924,0.725733960970089
"4732001",1999,0.499618045511048,0.410814831227045,0.931540193557739,0.302144693400111,11.2716363420486,9.31540193557739,4.56454694843292,39.3109961681366,36.9821456842423,10.2469421291351,0.21085328703286,0.495866628458471
"4732001",2000,0.886877219623331,0.235306924716637,0.030353026230274,0.838470071064051,20.4938842582703,112.064285284996,4.19193087100983,0.305461861497324,54.4951013231277,0.362364550401705,0.113647247494166,0.350805411516649
"4732001",2001,0.0842268304494962,0.0269338948060244,0.58886726207928,0.931540193557739,24.2200450325012,0.396352096971306,131.533475330353,31.6723665809631,8.19755370330811,3.9124688129425,0.224722626317604,0.490733323579062
"4732001",2002,0.308790839098196,0.30976054880829,0.0154934237669654,1.67677234840393,44.900237329483,114.486289788246,75.3616016588211,27.2941276712418,0.0583740840022129,0.205370493156628,0.059590273316305,0.195325714629315
"4732001",2003,0.347435385322542,0.232357183378019,0.208704727330269,0.641259464739152,54.0293312263489,15.8361832904816,9.78117203235626,2.79462058067322,0.252254015987142,0.729140781438449,0.301195713274063,0.923074752058545
"4732001",2004,0.354302335923433,0.0125667002135287,8.66332380008698,31.6723665809631,0.146016676906458,24.2200450325012,61.9474228715897,41.4535386133194,1.67677234840393,0.6582294796641,0.762180821873937,0.316568012035728
"4732001",2005,0.775452405808953,0.794332059487429,0.0917919144700812,0.593685307498827,22.3569646453857,8.84963183879852,0.291741831782915,34.7464492197037,12.3894845743179,0.415050380019732,1.86308038711548,0.0886343042647039
"4732001",2006,0.68878438162618,0.387798238946468,0.905697464226041,0.687610365051909,0.498052703381341,37.2616077423096,79.6466865491867,2.60831254196167,0.263619090690353,31.6723665809631,0.918039653084707,0.386571526726738
"4732001",2007,0.160300093189545,0.217443700176265,0.425645505622619,0.0309668547289607,11.6442524194717,42.5713868455887,1.86308038711548,16.9540315227509,0.540432710630501,0.119130423315632,0.197740330309957,0.902999754469872
"4732001",2008,0.0184019200090093,0.557359329766698,0.55389577427298,0.403529729979116,18.9102659292221,13.2278707485199,36.6095296068192,42.4782328262329,0.675081619263142,0.090274672714037,0.913839263641139,0.349400282723691
"4732001",2009,0.827738539826994,0.580401510208917,0.416807297072095,0.635020607564782,0.45864306533292,41.1740765552521,9.31540193557739,55.1471794586182,0.109870293683138,0.448276875229612,0.143122540373661,0.891811547954307
"4732001",2010,0.0685497717093672,0.678064246498339,0.508780189599331,0.41740792319246,24.0337369937897,33.6286009874344,11.8305604581833,1.02469421291351,15.2772591743469,2.79462058067322,0.473107163616805,0.882819676395232
"4721002",1981,NA,NA,NA,NA,NA,NA,NA,NA,NA,NA,NA,NA
"4721002",1982,NA,NA,NA,NA,NA,NA,NA,NA,NA,NA,NA,NA
"4721002",1983,NA,NA,NA,NA,NA,NA,NA,NA,NA,NA,NA,NA
"4721002",1984,NA,NA,NA,NA,NA,NA,NA,NA,NA,NA,NA,NA
"4721002",1985,NA,NA,NA,NA,NA,NA,NA,NA,NA,NA,NA,NA
"4721002",1986,NA,NA,NA,NA,NA,NA,NA,NA,NA,NA,NA,NA
"4721002",1987,NA,NA,NA,NA,NA,NA,NA,NA,NA,NA,NA,NA
"4721002",1988,NA,NA,NA,NA,NA,NA,NA,NA,NA,NA,NA,NA
"4721002",1989,NA,NA,NA,NA,NA,NA,NA,NA,NA,NA,NA,NA
"4721002",1990,0.909916398000219,0.672219059517974,0.371853223800659,0.743706447601318,6.78632133436203,11.8993031616211,23.705643017292,16.2685785412788,9.29633059501648,13.9444958925247,4.64816529750824,0.100062090295678
"4721002",1991,0.108239196293283,0.213848509682249,0.328662940934263,2.23111934280396,37.3712489919662,110.347444162846,66.6546903662682,4.64816529750824,11.8063398556709,0.459026245695882,0.61865587220585,0.851156571665563
"4721002",1992,0.282772149222616,0.135151700813013,20.2660006971359,31.9793772468567,69.0717363209724,104.583719193935,12.5500463032722,74.6495346779823,0.694089418652211,0.807329736253234,6.50743141651154,0.0450118910941108
"4721002",1993,0.260756773369576,1.8592661190033,0.788955209963693,70.8380391340256,227.109356436253,1.8592661190033,37.1853223800659,17.3841382126808,18.1278446602821,0.271016859415367,0.640470934093617,0.449231499625032
"4721002",1994,0.559860710022271,0.115158421479426,0.827460371378256,2.78889917850494,4.64816529750824,14.8741289520264,39.0445884990692,13.4796793627739,0.484607314198527,0.176115482258603,0.318471544364107,0.864477463559473
"4721002",1995,17.6630281305313,0.922501659916935,0.846411957660406,15.3389454817772,2.32408264875412,43.5068271846771,19.9871107792854,18.1278446602821,15.3389454817772,0.438133446348138,0.886797470472985,0.915971569105812
"4721002",1996,0.744485454046242,0.548868093521238,0.0879723155338144,24.6352760767937,0.481067513596013,16.7333950710297,33.4667901420593,43.6927537965775,0.832401916281082,1.39444958925247,0.87896963557825,0.578518531968778
"4721002",1997,0.698430572516994,0.0020730672055668,2.32408264875412,0.817771319222377,6.97224794626236,296.367019369125,13.4796793627739,154.783904407024,6.50743141651154,37.6501389098167,0.493658666336011,9.7611471247673
"4721002",1998,0.184145804030684,0.446443571620259,0.259132402009099,5.11298182725906,3.71853223800659,0.32662800975328,0.187613141619455,0.864911500960075,5.57779835700989,0.613093435914248,0.882804474523823,0.40800660509979
"4721002",1999,0.115326790022581,0.0533627859022381,6.50743141651154,13.4796793627739,13.9444958925247,16.2685785412788,1.39444958925247,38.5797719693184,65.0743141651154,8.36669753551483,0.594435381720043,0.197735110413042
"4721002",2000,0.046197534429671,0.149456062147594,0.306821723150435,13.1078261389732,10.690780184269,146.88202340126,64.1446811056137,0.367501105506843,0.375469399827458,0.696071724842172,0.264695009726775,0.322690732689467
"4721002",2001,0.427164942699331,0.898048191655933,17.6630281305313,2.32408264875412,13.4796793627739,2.78889917850494,152.738711676121,28.8186248445511,7.90188100576401,7.62299108791351,0.237136596650209,0.034051770872971
"4721002",2002,0.29503167497503,0.317176356520315,4.64816529750824,19.9871107792854,86.4558745336533,93.8929390096664,78.0891769981384,49.7353686833382,9.85411043071747,0.280807368102053,0.231105069356055,0.231302580548301
"4721002",2003,0.673141099766863,0.0221462585785909,0.791137642242876,0.499497892535188,48.3409190940857,29.2834413743019,22.7760099577904,3.25371570825577,0.0339058121765463,0.234847496660716,0.766827879031473,0.621720717605516
"4721002",2004,0.256886555069221,0.92161061077506,7.90188100576401,31.1427074933052,2.78889917850494,25.5649091362953,41.2757078418732,48.8057356238365,0.628170803954306,0.462757563205662,6.50743141651154,0.727218150373094
"4721002",2005,0.672652437620819,0.131189881682446,22.7760099577904,9.7611471247673,31.607524023056,36.7205058503151,22.3111934280396,53.6398275332451,37.4642122979164,6.97224794626236,6.50743141651154,0.212745487870467
"4721002",2006,0.560957868715995,4.64816529750824,0.690618299083896,0.4913391726334,0.457343021080128,28.3538083148003,102.259636545181,1.39444958925247,0.525369600527218,11.6204132437706,0.466561053473673,0.500955621084947
"4721002",2007,0.790983160077534,0.087754392517682,0.0687828032801496,0.88495293781729,2.78889917850494,86.4558745336533,43.2279372668266,24.1704595470428,0.431173169379017,0.831206005779059,0.387154788055516,0.877462539132881
"4721002",2008,0.00192906973598534,0.41336374957655,0.880841353552238,1.8592661190033,24.9141659946442,25.1000926065445,37.4642122979164,108.116324820042,8.36669753551483,0.0359303549807115,0.619882318193817,0.882625529944246
"4721002",2009,0.739651902591991,3.25371570825577,0.358378049868361,0.870761298433837,1.39444958925247,66.4687637543678,40.9038546180725,48.3409190940857,12.2711563854218,0.0950426393848017,0.563914471103623,0.309979707236701
"4721002",2010,0.49531968045278,0.759507822238098,0.893030440936743,0.21934811550378,55.3131670403481,55.3131670403481,33.0019736123085,6.04261488676071,26.9593587255478,3.25371570825577,19.9871107792854,0.496919261265274
"4723002",1981,0.129171879851985,0.642125355175519,0.392425801026082,0.618184917071701,77.9041770815849,19.2355992794037,27.8916189551353,31.7387388110161,0.458426454810793,0.728045542027567,0.0124036585139429,0.850296565372993
"4723002",1982,0.484805369439039,0.489274319556446,15.869369405508,0.902394582574207,77.9041770815849,101.467786198854,43.2800983786583,75.0188371896744,15.869369405508,3.36622987389565,0.0994459660651879,0.554758864175013
"4723002",1983,0.126300190148657,0.798923200813322,0.861591409218151,2.88533989191055,21.6400491893291,40.3947584867477,122.146055424213,32.2196287930012,14.9075894415379,0.14610292976918,0.222429432417219,0.782583936486735
"4723002",1984,0.446946430747811,0.151844040074421,2.40444990992546,0.750838152951758,22.1209391713142,9.61779963970184,288.05309920907,8.65601967573166,6.73245974779129,1.92355992794037,0.388903874145436,0.787894973137583
"4723002",1985,0.647626783610093,0.753778707968458,12.9840295135975,0.373847880161392,5.28978980183601,2.88533989191055,55.3023479282856,2.40444990992546,0.0692394358623,4.80889981985092,0.792985986894708,0.558827577317466
"4723002",1986,0.224670423444837,2.88533989191055,0.763939154274781,0.388919481971314,107.719355964661,37.9903085768223,0.0828740157227996,34.6240787029266,1.92355992794037,3.36622987389565,0.69336498450048,0.121277785750802
"4723002",1987,0.0155770531636916,0.116956742171177,2.40444990992546,24.0444990992546,60.1112477481365,36.547638630867,325.081627821922,137.534534847736,10.0986896216869,25.968059027195,0.238924487026232,0.303577508648427
"4723002",1988,0.273210515601171,0.455919393783532,0.677029409227157,0.046555965961878,8.65601967573166,17.7929293334484,35.1049686849117,12.9840295135975,18.2738193154335,0.59804590392144,3.84711985588074,0.477304208775586
"4723002",1989,0.757255041653041,0.895942639357496,0.71438053766653,2.88533989191055,25.4871690452099,0.359284920734072,50.4934481084347,79.3468470275402,2.88533989191055,0.206439496399248,0.295206497037419,0.0373846008762937
"4723002",1990,0.460674578963501,0.14135891766877,0.841944838772741,0.17758278818842,1.92355992794037,5.77067978382111,50.4934481084347,14.9075894415379,16.8311493694782,0.473719133785582,0.82959237779722,0.645909166545634
"4723002",1991,0.949541806319327,0.288014052402617,0.760503621420778,0.720143096612042,26.4489490091801,120.703385478258,50.9743380904198,5.77067978382111,24.0444990992546,0.452252216644685,0.0947227046094796,0.298863613590127
"4723002",1992,0.0960348155825979,0.842414977865524,21.6400491893291,24.0444990992546,68.7672674238682,181.29552320838,5.28978980183601,83.674856865406,7.21334972977638,3.84711985588074,4.80889981985092,0.576614925378907
"4723002",1993,0.745936233965095,0.112496811132881,0.10433457790178,32.7005187749863,103.391346126795,4.32800983786583,41.3565384507179,35.5858586668968,7.21334972977638,0.154401247280078,0.408524454164833,0.699974756451231
"4723002",1994,0.641019964424691,0.5795011997635,0.081749423039932,0.480889981985092,9.13690965771675,16.3502593874931,47.6081082165241,7.59806171536446,1.44266994595528,0.122321375118405,0.31982261411154,0.929960440125504
"4723002",1995,12.5031395316124,0.449490938554432,0.756796344805899,5.77067978382111,0.961779963970184,10.291045614481,33.1814087569714,17.3120393514633,15.3884794235229,1.92355992794037,0.699441002575117,0.0385387270348751
"4723002",1996,0.588821751605243,0.0600038912372648,0.11649476718571,37.5094185948372,1.44266994595528,7.21334972977638,56.7450178742409,21.6400491893291,0.912331728968141,0.501314433000535,0.189638992479382,0.0786030513659483
"4723002",1997,0.658835614560614,0.482096830657981,0.433335080681501,0.441622077989616,11.8298935568333,242.657084909678,23.5636091172695,175.043953442574,9.61779963970184,53.8596779823303,0.616983042149089,0.497058509026259
"4723002",1998,0.0983517551118743,0.955619948611474,0.930481768919095,10.675757600069,2.40444990992546,13.5610974919796,0.127291692744469,0.961779963970184,6.73245974779129,0.82682919046403,0.676658903907602,0.478675902191247
"4723002",1999,0.528790145442802,0.210770297585221,2.40444990992546,0.45420383622028,11.5413595676422,17.3120393514633,0.134554358599981,59.1494677841663,75.9806171536446,6.73245974779129,0.506892511963111,0.721869635793123
"4723002",2000,0.225491767619056,0.0647337801799484,0.172210157291306,2.40444990992546,21.6400491893291,152.923014271259,27.4107289731503,0.716635339466947,108.200245946646,0.0519677309648278,0.688572508173785,0.136012791345194
"4723002",2001,0.012979773353823,0.541815773545085,16.3502593874931,0.525833876904392,31.7387388110161,0.631743888806952,131.571499071121,39.9138685047626,14.4266994595528,11.5413595676422,0.110606308828716,0.736982545415332
"4723002",2002,0.6168658832455,0.370154320491865,0.527898032758435,12.6954955244064,99.5442262709141,171.196833586693,109.065847914219,54.6291019535065,1.92355992794037,0.234294136909673,0.854245625011069,0.721379744567749
"4723002",2003,0.639017049004592,0.910000453545883,0.750985749343931,0.0995323871875843,54.8214579463005,18.6585313010216,15.869369405508,8.17512969374657,0.643538456948864,0.442395178734352,0.168736277899777,0.27438507934773
"4723002",2004,0.0403214027952202,0.220370064897882,9.81015563249588,25.7757030344009,0.817621758019269,22.1209391713142,59.7265357625485,65.9781055283546,10.579579603672,0.047191014737668,3.84711985588074,0.845738107904459
"4723002",2005,0.943846276669964,0.819592485923391,5.28978980183601,3.36622987389565,31.257848829031,23.7559651100636,11.5413595676422,52.320830039978,22.4094731605053,29.2381109046936,1.73120393514633,0.0132753125607387
"4723002",2006,0.249015426902303,0.161331437042133,0.0775129020884953,0.480889981985092,0.648380533284177,59.7265357625485,66.7475294995308,3.36622987389565,0.166689911415676,36.547638630867,0.0216108887482451,0.447415171386202
"4723002",2007,0.358139462529465,0.370174100168073,0.436642634468949,0.205636754691512,2.88533989191055,73.6723452401161,11.5413595676422,29.8151788830757,0.717160649544865,0.242229946155173,0.929955126894545,0.404332194462826
"4723002",2008,0.415546897578199,0.477283818437228,0.921074408328928,0.391328364558429,36.547638630867,37.5094185948372,42.7992083966732,55.9755939030647,4.32800983786583,0.609949415355299,0.201607393540583,0.650210225327479
"4723002",2009,0.129867735753594,0.290769875065188,0.72322356872605,0.238319448477061,0.310651285750778,69.5366913950443,40.8756484687328,50.0125581264496,2.88533989191055,0.846878066566809,0.82244231763903,0.322664961353021
"4723002",2010,0.559582191816348,0.439140379483467,0.122518500084938,0.78680286445646,39.9138685047626,41.3565384507179,19.2355992794037,3.36622987389565,18.2738193154335,5.38596779823303,30.7769588470459,0.835564318618969
"4730004",1981,0.224317835575436,0.492109568865153,0.528269293058609,0.174175202264597,78.5401796340942,27.7200634002686,0.515055459237777,0.135660481876592,0.712506402488187,0.487961048107686,0.40183549518244,0.294023415901647
"4730004",1982,0.739876721674535,0.917264053179444,12.4740285301208,0.782912743177945,58.212133140564,66.4357519493103,72.5341658973694,49.4341130638123,13.3980306434631,6.93001585006714,0.513813348267903,0.792582668020704
"4730004",1983,0.0727386972617697,0.878682812307867,0.0161500610286953,0.678632393380473,15.2460348701477,55.9021278572082,100.254229297638,23.5620538902283,0.0827627931978777,0.590609560314093,0.163960813582358,0.356968011172133
"4730004",1984,0.625772991381207,0.320726082004531,3.234007396698,0.669457560599861,23.1000528335571,0.699828774511215,250.404572715759,12.4740285301208,15.7080359268188,0.394673961949248,7.39201690673828,0.00174566648252755
"4730004",1985,0.805937813497322,0.152123955836742,0.721681970818807,0.562266446662017,4.62001056671143,0.318341550648153,36.0360824203491,0.687669092924662,0.864082902158731,3.69600845336914,0.488135786520526,0.0289778926628863
"4730004",1986,0.86970117488839,0.529902766113597,0.22892845513705,0.838352384468148,95.1722176742554,38.808088760376,0.280462241125408,7.85401796340942,0.507967361174548,0.174932896651254,0.736776096996269,0.0391860697232016
"4730004",1987,0.921007476063171,0.151398336937883,0.37554228474825,13.3980306434631,54.0541236305237,27.7200634002686,205.590470218658,140.448321228027,2.77200634002686,8.31601902008057,0.121112010316407,0.171159868686496
"4730004",1988,0.307120749702356,0.781471199623828,0.00283223541031017,0.730091046130365,0.0839949181997243,14.7840338134766,19.404044380188,20.7900475502014,0.0929627417362058,0.180197898201479,0.488832485331401,0.666676793036998
"4730004",1989,0.437408730223443,0.83710436306676,0.350158474652668,0.433633783245503,32.8020750236511,0.41230421679136,54.0541236305237,21.2520486068726,0.397836901632423,0.362179469888125,0.348749439655129,0.913284477007017
"4730004",1990,0.866050000173013,0.475768394561597,0.509915016917624,0.119558698658635,0.719576839391211,0.139040647827996,30.9540707969666,1.84800422668457,23.1000528335571,0.777241814404673,0.721336142484664,0.821937279321267
"4730004",1991,0.444150902495917,0.250564270493624,0.524929925499532,1.84800422668457,0.418876132794559,121.044276847839,28.6440655136108,0.787338978488718,20.7900475502014,3.234007396698,0.40203534878785,0.412321205006136
"4730004",1992,0.454300748439896,0.302582429607727,13.8600317001343,13.8600317001343,32.8020750236511,91.9382102775574,0.176023705264321,67.4521542739868,8.31601902008057,0.715714745549915,0.625762248564708,0.893977233980097
"4730004",1993,0.545099179781168,0.737026858880373,0.715288682026906,28.1820644569397,46.6621067237854,7.85401796340942,23.1000528335571,31.4160718536377,3.69600845336914,0.205495336138465,0.436655274876665,0.821287637639428
"4730004",1994,0.468703089082607,0.572940699960972,0.738516029458808,0.724472493939033,6.00601373672485,28.1820644569397,22.638051776886,0.336938388549206,7.39201690673828,0.351817455953709,0.306036160456108,0.747822711783355
"4730004",1995,4.15800951004028,0.226323313853328,0.908590441900949,15.2460348701477,0.12743971640259,14.7840338134766,50.8201162338257,14.3220327568054,6.93001585006714,0.414669304585717,2.77200634002686,0.0760218039583038
"4730004",1996,0.0488563512614596,0.0434820857906985,0.280658598770707,6.00601373672485,2.77200634002686,2.77200634002686,47.1241077804565,18.0180412101746,0.101763567668506,0.642075046213832,0.399586469391298,0.610432024603636
"4730004",1997,0.186550500041505,0.891126775474332,0.538200643001647,0.289640706907767,65.6041500473022,148.302339191437,34.1880781936646,90.7370075302124,5.54401268005371,27.6276631889343,3.69600845336914,0.831228575548881
"4730004",1998,0.648132960130162,0.22448950399746,0.920230983737651,3.234007396698,2.77200634002686,6.00601373672485,0.66765224507782,0.00680173310622621,2.77200634002686,0.404834856417991,0.38761889005983,0.858701220949817
"4730004",1999,0.658434105203906,0.347988363115311,2.86440655136108,2.77200634002686,10.1640232467651,34.1880781936646,8.77802007675171,48.9721120071411,34.6500792503357,16.17003698349,0.651687308152693,0.711709894338867
"4730004",2000,0.77422366964437,0.125945705264002,0.812553253881191,0.125356199259324,22.638051776886,125.20228635788,6.93001585006714,0.742138009572657,42.9660982704163,0.605459256060134,0.454214018725256,0.198833629680656
"4730004",2001,0.0144051458011035,0.471646917260726,0.589107066147621,2.77200634002686,30.9540707969666,0.584783216859247,146.916336021423,42.5040972137451,4.62001056671143,3.234007396698,0.324371455577486,0.443243429991065
"4730004",2002,0.882435184849477,0.223374521411853,0.755611046138819,3.69600845336914,85.9321965408325,149.68834236145,89.1662039375305,53.1301215171814,0.431629324066876,0.865849174367989,0.916639216464051,0.670799981314531
"4730004",2003,0.694488087253257,0.332174424129539,0.123175133211637,0.705212661724744,67.4521542739868,18.4800422668457,28.6440655136108,8.77802007675171,0.0337550911740114,0.00587241719719655,0.0640941648416317,0.628007046503045
"4730004",2004,0.30070782308062,0.821778016071666,1.84800422668457,47.5861088371277,3.234007396698,27.2580623435974,79.0021806907654,29.5680676269531,6.00601373672485,0.737253166899992,0.0510839165905178,0.193000667566559
"4730004",2005,0.000427735344918014,0.891708027140701,0.494448810004518,0.195600879223822,22.1760507202148,23.5620538902283,3.69600845336914,50.8201162338257,7.85401796340942,0.0313762230578759,8.31601902008057,0.382175516449608
"4730004",2006,0.586762588812986,0.103440585326948,0.788766475382681,0.686669856522611,0.390818239575929,79.4641817474365,67.914155330658,3.234007396698,0.108906989461831,32.34007396698,0.191678410689262,0.123946553275526
"4730004",2007,0.0849424092288793,0.243179399408522,0.382011882927166,0.433565386560818,4.15800951004028,60.5221384239197,3.69600845336914,21.2520486068726,0.386406065339424,0.441224503346252,3.234007396698,0.569855317668788
"4730004",2008,0.491765279614004,0.915102180705738,0.404806390266981,1.84800422668457,19.8660454368591,15.2460348701477,56.3641289138794,58.212133140564,0.0306026677691201,0.786096255672042,0.26548365696743,0.2585415334178
"4730004",2009,0.841430256792607,0.908181732539062,0.781375516809129,0.513580651569426,0.649192924693937,52.2061194038391,21.2520486068726,22.638051776886,0.48291449028035,0.865447883325889,0.643722060574496,0.777783287208252
"4730004",2010,0.903494800793665,0.793243481715375,0.280672672968271,0.337453537741266,18.4800422668457,37.4220855903625,16.17003698349,0.78025523305718,14.7840338134766,4.62001056671143,1.38600317001343,0.129403461522206
"4726003",1981,0.901335085851482,0.707323356729562,0.88183456391929,0.824727118159868,63.1430857650042,43.9603761655092,10.9900940413773,7.49324593730271,4.99549729153514,0.678013440417606,0.168640845338718,0.209152356711968
"4726003",1982,0.792148022570646,0.224345948840179,9.49144485391676,0.415698368525628,69.7371421898305,79.4284069354087,61.6444365775436,64.4419150608033,6.49414647899568,1.19891934996843,0.948944613685834,0.421016427247278
"4726003",1983,0.97700420949825,0.0470549661879946,0.999099458307028,2.49774864576757,10.1908144747317,32.9702821241319,130.182659417406,29.8730738033801,8.19261555811763,0.574474708087486,0.475346172523295,0.340794843060609
"4726003",1984,0.127937274881425,0.0830933075072979,3.99639783322811,0.272691145842286,23.4788372702152,1.09900940413773,260.565138726473,10.1908144747317,5.89468680401146,0.999099458307028,0.27093374721926,0.0708901158704389
"4726003",1985,0.673534390170781,0.598312456146165,6.49414647899568,0.637886225167482,7.49324593730271,0.299729837492108,31.4716329366714,5.49504702068865,0.0999099458307028,4.49594756238162,0.620196846839835,0.0866293381628663
"4726003",1986,0.61985693828709,0.599459674984217,0.952201300984394,0.0999099458307028,97.5121071307659,32.1710025574863,0.199819891661406,26.5760455909669,0.399639783322811,0.954590920601491,0.444534095597312,0.0363030542130277
"4726003",1987,0.0371722487480191,0.506432081317647,0.999099458307028,13.9873924162984,28.574244507581,28.9738842909038,286.241994804963,135.677706438094,3.99639783322811,14.4869421454519,0.715590045823337,0.4819870550484
"4726003",1988,0.147374087978093,0.211042306020366,3.09720832075179,0.724919168854949,1.99819891661406,10.3906343663931,24.3780267826915,12.089103445515,2.49774864576757,0.95794346425576,2.99729837492108,0.898353180910574
"4726003",1989,0.264020213609831,0.27327906417263,0.623116738984711,0.457096997181741,33.7695616907775,0.811539132857968,29.573343965888,40.3636181156039,0.499549729153514,0.941349641137512,0.762716945161249,0.907980666389697
"4726003",1990,0.991785306724115,0.348302684400563,0.737797031788822,0.213062218105846,0.575521670869851,1.69846907912195,43.1610965988636,7.49324593730271,10.9900940413773,0.0432433711030744,0.308282045378307,0.0806684611662375
"4726003",1991,0.990903905868968,0.117601825392067,0.0692696419048829,0.499549729153514,37.9657794156671,109.40139068462,32.7704622324705,0.999099458307028,18.9828897078335,0.371531012740025,0.052625189763009,0.1241505104567
"4726003",1992,0.173290796396642,NA,16.6849609537274,11.4896437705308,23.4788372702152,155.859515495896,0.159567629101392,84.9234539560974,13.9873924162984,0.721451339876319,0.499549729153514,0.782971846198431
"4726003",1993,0.599001157046497,0.159098658014719,0.141847274034902,40.4635280614346,66.9396637065709,4.99549729153514,25.4770361868292,21.9801880827546,2.49774864576757,0.203674554844042,0.217709598934675,0.124240204217673
"4726003",1994,0.831469977996265,0.693495164555693,0.974557494459804,0.539657150917926,6.49414647899568,16.9846907912195,44.4599258946627,2.99729837492108,0.947331130678288,0.158747628783885,0.440958963450282,0.17645314705229
"4726003",1995,9.49144485391676,0.727441282863144,0.474059474058612,9.49144485391676,0.228577853961553,17.1845106828809,36.4671302282065,15.9855913329124,4.49594756238162,0.499549729153514,0.0742894977570076,0.276097406330937
"4726003",1996,0.997983390580498,0.0941042085044025,0.614831482550355,19.9819891661406,1.49864918746054,9.49144485391676,55.9495696651936,8.39243544977903,0.644588284681475,0.499549729153514,0.872921795204537,0.233792854382265
"4726003",1997,0.982189181808435,0.5258135387652,0.823718696019804,0.17362938412752,39.4644286031276,207.812687327862,13.4878426871449,123.388783100918,9.49144485391676,40.4635280614346,1.49864918746054,0.790248249678686
"4726003",1998,0.304220731216902,0.270518705815156,0.192357892191612,5.49504702068865,0.999099458307028,7.99279566645622,0.483985248942262,0.299729837492108,0.999099458307028,0.649619692258346,0.464205513920805,0.3537643481887
"4726003",1999,0.780928930225233,0.320241217850307,2.49774864576757,0.999099458307028,9.99099458307028,14.9864918746054,5.99459674984217,52.9522712902725,53.451821019426,6.99369620814919,0.117461349310249,0.81490770479493
"4726003",2000,0.750511547347112,0.572045089759848,0.12788969668182,0.499549729153514,33.9693815824389,136.876625788063,11.4896437705308,0.0815509185858305,68.9378626231849,0.566779958357006,0.797812112661593,0.252296522415229
"4726003",2001,0.448134803954744,0.939189058499082,0.0755194318199824,2.49774864576757,27.9747848325968,0.400388660616192,131.281668821543,32.9702821241319,3.4968481040746,6.49414647899568,0.118830961797737,0.842943783557767
"4726003",2002,0.117721692419053,0.848397909961235,0.699369620814919,9.39153490808606,65.7407443566024,159.855913329124,106.903642038852,49.4554231861979,1.49864918746054,0.851501764119432,0.977062134678598,0.138523894536878
"4726003",2003,0.332391661286503,0.194013214872056,0.739008542503598,0.288023445202461,62.9432658733428,17.9837902495265,17.2844206287116,4.99549729153514,0.186607503907992,0.377844961844847,0.378326184612765,0.849587781575523
"4726003",2004,0.171975829133828,0.135396594976362,12.4887432288378,33.9693815824389,0.299729837492108,31.4716329366714,76.9306582896411,40.4635280614346,1.09900940413773,0.10903775481341,0.499549729153514,0.189243175331982
"4726003",2005,0.52849105032733,0.143417422779818,5.59495696651936,0.366183820568098,26.4761356451362,21.4806383536011,15.4860416037589,30.4725334783643,16.9846907912195,1.49864918746054,4.99549729153514,0.169671679346131
"4726003",2006,0.177772801162407,0.183742111832303,0.707188203713398,0.67736313756292,0.189687320876121,50.6543425361663,71.4356112689525,4.99549729153514,0.427004616737231,30.9720832075179,0.543323235770617,0.230260924834397
"4726003",2007,0.593494375258135,0.213292462619969,0.300626596495458,0.887148514787233,2.99729837492108,60.9450669567287,6.99369620814919,26.9756853742897,0.0334383290616593,0.0903840555596655,0.0778636273076557,0.64892856581916
"4726003",2008,0.367268588212637,0.396348964154145,0.869295768148114,0.961283330067166,18.48333997868,32.4707323949784,40.9630777905881,64.9414647899568,0.999099458307028,0.226380777745358,0.815345119683924,0.466368854280833
"4726003",2009,0.912732715489196,0.978759746688274,0.104012788976439,0.974556444176125,0.269531142099604,74.9324593730271,21.9801880827546,43.4608264363557,0.499549729153514,0.802343068788548,0.0162254243122077,0.270705970581008
"4726003",2010,0.407729405195768,0.626066241452853,0.380643493768732,0.234305248825399,23.9783869993687,32.9702821241319,13.4878426871449,2.99729837492108,11.4896437705308,2.49774864576757,11.4896437705308,0.779052803952732
"4713004",1981,0.0792193262564113,0.372626145761241,0.506962617234427,0.340961894634884,87.5753413006067,20.6406528317928,19.1663204866648,NA,0.689961355239552,0.0652941710195533,0.879555163294955,0.202645741347359
"4713004",1982,0.332165229952062,0.0510293201584449,11.3032146459818,0.395222226658447,58.1869832210541,132.001889300466,58.7767161591053,68.5073096369505,14.448456982255,6.09390702652931,0.869542381540075,0.305808403313272
"4713004",1983,5.89732938051224,0.396063973742381,0.97595333854527,3.44010880529881,23.785895168066,28.4054698494673,201.492087167501,28.6020474954844,28.5037586724758,0.906275055591346,0.375591494073463,0.0876901560897492
"4713004",1984,0.315011338728521,0.317395440046142,2.45722057521343,0.208526703677507,13.4655687521696,9.33743818581104,295.751068432689,11.0083481769562,6.585351141572,4.91444115042686,1.17946587610245,0.367213356455028
"4713004",1985,0.15223403486725,0.89123923346082,8.84599407076836,0.151618459524684,0.982888230085373,1.96577646017075,77.3533037077189,3.44010880529881,1.96577646017075,15.726211681366,0.735337192895807,0.810522151949574
"4713004",1986,0.907269713329149,8.84599407076836,0.807142790570163,0.589015314425017,90.4257171678543,71.2593966811895,3.44010880529881,36.3668645131588,1.47433234512806,24.5722057521343,0.982888230085373,0.384506140340127
"4713004",1987,0.681286140995809,0.60058055444422,12.7775469911098,18.6748763716221,48.1615232741833,48.652967389226,440.333927078247,158.736449158788,10.8117705309391,26.5379822123051,0.828670598845379,0.283062476932208
"4713004",1988,0.62690811390422,0.638590463602102,0.296952770151063,0.223074956212515,9.82888230085373,12.2861028760672,27.0294263273478,15.726211681366,15.726211681366,0.170197230750759,10.8117705309391,0.982888230085373
"4713004",1989,0.768299779691394,0.690955087522113,0.170463802595411,4.42299703538418,30.9609792476892,1.47433234512806,55.0417408847809,95.3401583182812,5.89732938051224,0.396870399513388,0.679254886195363,0.44847480634752
"4713004",1990,0.719563087472123,0.570740102816729,0.109515095913435,0.131424824509326,2.94866469025612,8.84599407076836,36.8583086282015,12.7775469911098,17.200544026494,0.174217727109391,0.428029618225562,0.812039360758769
"4713004",1991,0.0493770212011222,0.54440931524801,0.132888800190099,0.0633766375965203,35.8754203981161,137.11290809691,59.9561820352077,3.93155292034149,53.0759644246101,2.45722057521343,0.0477978146714277,4.42299703538418
"4713004",1992,0.264828263174259,0.679091400773611,23.0978734070063,57.4989614599943,60.4476261502504,205.423640087843,7.3716617256403,74.6995054864883,9.82888230085373,0.436756626839789,11.3032146459818,0.069646265497907
"4713004",1993,0.793378385124006,0.979121445313521,0.782013498841818,41.2813056635857,137.11290809691,7.3716617256403,44.7214144688845,NA,14.2518793362379,0.0900096803579798,0.494002791683415,0.793370010257519
"4713004",1994,0.541439635329249,0.207320981499984,0.172821710829268,3.93155292034149,7.86310584068298,14.2518793362379,45.2128585839272,5.89732938051224,0.442895533043874,1.47433234512806,0.345270250597221,0.324168669613399
"4713004",1995,17.200544026494,0.717085906273629,0.889149886663079,10.3203264158964,1.47433234512806,15.2347675663233,21.6235410618782,20.6406528317928,22.1149851769209,0.982888230085373,0.184496509736907,0.571850799231595
"4713004",1996,0.469627729958836,0.414065568924232,0.93844770088696,38.3326409733295,0.982888230085373,26.0465380972624,57.0075173449516,38.3326409733295,0.889205800957088,3.44010880529881,0.0515829492709759,0.0868478902108013
"4713004",1997,0.790794104450401,0.207959412886664,7.86310584068298,0.234063163445401,16.7090999114513,286.511919069886,27.5208704423904,116.472255265117,12.2861028760672,48.1615232741833,0.506575778087099,0.396711585764071
"4713004",1998,0.406487220299479,5.40588526546955,0.972090448999517,16.2176557964087,1.96577646017075,14.7433234512806,0.781048560025793,0.192308164163795,9.82888230085373,0.677639943682885,0.753536636174353,0.196189255931251
"4713004",1999,0.365289194264297,0.545806755868744,6.38877349555492,5.89732938051224,6.88021761059761,36.8583086282015,0.601413442651322,43.2470821237564,72.7337290263176,10.8117705309391,0.665851251305266,0.396808960178348
"4713004",2000,0.499206723087854,0.125316038852626,0.912733174742612,13.2689911061525,19.1663204866648,169.056775574684,50.127299734354,0.946637184545654,101.237487698793,1.96577646017075,0.123443379024245,0.124144360795718
"4713004",2001,0.309453255924166,0.175111116380885,11.7946587610245,3.44010880529881,38.5292186193466,0.589871708142596,151.364787433147,51.6016320794821,11.7946587610245,4.91444115042686,0.403682683108821,0.0299835900781499
"4713004",2002,0.919151468652999,0.204485895818987,5.40588526546955,19.6577646017075,117.455143495202,139.07868455708,117.455143495202,55.5331849998236,8.35454995572567,0.238554888386427,0.519017746208418,0.60533498761445
"4713004",2003,0.972728244421775,0.140704283676612,0.16722574134273,2.45722057521343,52.0930761945248,26.5379822123051,27.5208704423904,6.88021761059761,1.96577646017075,0.137589533842741,0.982888230085373,0.548072465738443
"4713004",2004,0.0698597614316808,0.789985741264931,9.82888230085373,33.4181998229027,3.93155292034149,21.1320969468355,58.4818496900797,72.2422849112749,11.7946587610245,2.45722057521343,5.89732938051224,0.242842175138117
"4713004",2005,0.709362271244976,0.861021988360777,18.1834322565794,3.93155292034149,30.9609792476892,30.4695351326466,14.7433234512806,87.4770524775982,28.9952027875185,14.2518793362379,8.84599407076836,0.191641492203722
"4713004",2006,0.687944359406783,0.0611145098610736,0.300119787609978,0.669323717280972,0.596844565088079,57.0075173449516,80.5968348670006,7.86310584068298,0.635915766134338,33.4181998229027,0.604145938506323,0.1084006548833
"4713004",2007,0.836769009378152,0.536119399785808,0.96100257179312,0.821264460872856,2.45722057521343,94.3572700881958,24.5722057521343,26.5379822123051,0.908799645317165,0.674768084200231,0.563754099097557,0.289853671178501
"4713004",2008,0.386946431254096,0.537354961716061,0.500318822560608,1.96577646017075,38.8240850883722,50.127299734354,34.8925321680307,88.9513848227263,3.93155292034149,0.0197856804303898,0.0810901662974303,0.248804232200279
"4713004",2009,0.302721877804693,0.199524332309207,0.520610405937264,0.695309009797456,1.47433234512806,74.2080613714457,38.3326409733295,63.8877349555492,8.84599407076836,0.716113657642725,0.835686666129157,0.900122405781902
"4713004",2010,0.674745951997594,0.894828581184091,0.73861545446878,0.0126773383477236,47.1786350440979,43.2470821237564,26.5379822123051,9.82888230085373,16.7090999114513,10.8117705309391,35.3839762830734,0.781253788193242
"4716005",1981,0.0172094832895265,0.8856945041906,0.436996098383273,0.395220872482723,NA,33.4043145370483,12.7722379112244,11.7897580718994,0.480310364021706,1.9649596786499,0.368817148179268,0.549011620955342
"4716005",1982,0.081611678804666,0.439139754641849,5.89487903594971,0.371106799537394,67.7911089134216,91.3706250572205,87.4407056999207,58.9487903594971,13.7547177505493,0.662774383880438,0.289111782545478,0.162472957584149
"4716005",1983,0.982479839324951,0.0376900324134603,0.904943686057639,3.9299193572998,11.7897580718994,38.3167137336731,129.687338790894,28.4919153404236,7.85983871459961,0.26888829991361,0.227021350415085,0.750359642781057
"4716005",1984,0.773636383759085,0.309522670459003,4.91239919662476,0.543232603086514,26.5269556617737,1.9649596786499,259.374677581787,13.7547177505493,6.87735887527466,1.9649596786499,1.9649596786499,0.467271050794306
"4716005",1985,0.765797894040572,0.598404271437278,6.87735887527466,0.0452276920632594,7.85983871459961,2.94743951797485,37.3342338943481,5.89487903594971,0.982479839324951,4.91239919662476,0.0995613030759888,0.209866605966269
"4716005",1986,0.443197998009924,0.96176635972808,0.00619752887339662,0.948086833972553,91.3706250572205,42.2466330909729,1.9649596786499,30.4568750190735,0.0155575130963882,0.414201952889516,0.198226285828959,0.0809199310993731
"4716005",1987,0.725800379325067,0.00464377149832756,0.681804271832545,8.84231855392456,39.299193572998,35.3692742156982,295.72643163681,174.881411399841,7.85983871459961,15.7196774291992,0.787874502852195,0.527134225573333
"4716005",1988,0.176406449563836,0.758796948799425,0.481281758957332,0.30660571547251,0.470425999895022,15.7196774291992,34.3867943763733,15.7196774291992,0.140763699523495,0.341263825641638,2.94743951797485,0.752152701813429
"4716005",1989,0.91207764704314,0.843354028057587,0.00624518648535467,0.948577629508739,30.4568750190735,0.196041855317204,31.4393548583984,43.2291129302979,0.982479839324951,0.538660703223503,0.406578777268847,0.293455522317525
"4716005",1990,0.830002914301192,0.18518235022175,0.509193488523171,0.119130604245922,0.311716733692775,3.9299193572998,42.2466330909729,5.89487903594971,15.7196774291992,3.9299193572998,0.0554186466767473,0.669630196643618
"4716005",1991,0.0727055618621958,0.421549032645546,0.0883882582545434,0.562763056776424,30.4568750190735,112.002701683044,22.5970363044739,1.9649596786499,22.5970363044739,1.9649596786499,0.510605612630642,0.744605317941048
"4716005",1992,0.660202728923672,0.192116758768042,10.8072782325745,14.7371975898743,30.4568750190735,165.056613006592,0.399783245993124,90.3881452178955,13.7547177505493,0.862142209946285,1.9649596786499,0.162784460050053
"4716005",1993,0.576962536553297,0.871838398585305,0.93012333935928,44.7028326892853,63.8611895561218,8.35107863426209,28.9831552600861,21.6145564651489,2.45619959831238,0.197877881871305,0.290539315119403,0.724181015129639
"4716005",1994,0.519736317710757,0.928200814346988,0.681742564995032,0.483026316742533,6.87735887527466,24.0707560634613,21.7128044490814,4.91239919662476,11.7897580718994,0.0395234061374212,0.190222996729715,0.846425558380392
"4716005",1995,9.33355847358704,0.699429612610244,0.327914995281852,5.89487903594971,0.812479287153191,27.5094355010986,39.299193572998,15.2284375095367,4.42115927696228,0.0700232127239924,0.249248934930778,0.250284052461372
"4716005",1996,0.701771013256858,0.36438436714832,0.0963796289476485,17.6846371078491,0.135956341255678,5.89487903594971,51.5801915645599,5.40363911628723,0.564158789243867,0.0474121047324049,0.625529483417277,0.970762786127287
"4716005",1997,0.618717560044023,0.354434555183509,0.404351669063402,0.215710734722392,54.0363911628723,207.303246097565,15.2284375095367,90.3881452178955,10.316038312912,34.3867943763733,0.491239919662476,0.377955787044653
"4716005",1998,0.263969008775452,0.532197099169881,0.459522049543709,5.40363911628723,0.491239919662476,8.35107863426209,0.769202799810676,0.0705216490148885,0.735444251829594,0.616866299103294,0.285382136693931,0.378424827863926
"4716005",1999,0.253842780975637,0.301638430229065,0.450345890414001,4.91239919662476,4.42115927696228,18.6671169471741,1.9649596786499,59.931270198822,25.3479798545837,10.8072782325745,0.715859118774342,0.835902393121802
"4716005",2000,0.692877787371537,0.200778732072043,0.802116585063542,0.294743951797485,32.4218346977234,141.968336782455,8.84231855392456,0.768977936485081,44.2115927696228,0.904121823862169,0.886937591983662,0.435067282478361
"4716005",2001,0.36331784502244,0.812116883151537,0.342638225667278,1.47371975898743,25.5444758224487,0.0291904872530407,161.126693649292,29.4743951797485,6.38611895561218,6.38611895561218,0.227457388810449,0.701688081719456
"4716005",2002,0.563825207005292,0.95585560666531,0.857652893232274,0.392283194676943,106.107822647095,160.144213809967,99.7217036914825,47.6502722072601,0.537189905751011,0.257379833920975,0.505675166429812,0.0204508489554279
"4716005",2003,0.492229439487588,0.0553896181223911,0.230673404244721,0.832626759579172,62.8787097167969,24.5619959831238,14.7371975898743,0.76836128512378,0.432818901763981,0.548264438318788,0.890679000004132,0.719865547659775
"4716005",2004,0.842069207771677,0.632510618328524,9.82479839324951,47.1590322875977,0.176350393343735,31.4393548583984,68.2823488330841,42.7378730106354,0.19950547219631,0.720943830810821,2.45619959831238,0.103476576581957
"4716005",2005,0.284563602145271,0.54884171035303,3.43867943763733,0.639194772142339,23.0882762241364,15.4249334774017,17.1933971881866,47.6502722072601,19.649596786499,0.218516402832536,1.47371975898743,0.875580969349209
"4716005",2006,0.51550269658159,0.702912502024678,0.0180712287514201,0.595691925897488,0.501746107219917,42.2466330909729,56.4925907611847,3.43867943763733,0.755888158179627,30.948114938736,0.545669225168964,0.700233396810268
"4716005",2007,0.698612155709492,0.937447117352587,0.163501491420314,0.381421223412501,0.982479839324951,71.229788351059,4.61765524482727,20.828572593689,0.0905587960067111,0.24530705832169,0.799532638835832,0.856268701502386
"4716005",2008,0.506081866541405,0.654280866548512,0.163521690856369,0.702738450793033,21.6145564651489,28.0006754207611,41.2641532516479,89.4056653785706,0.676187591750489,0.797316356519777,0.78169600449513,0.469575988923132
"4716005",2009,0.865878475177481,0.432440988645252,0.942028122436855,0.50294168791945,0.533741994715196,52.0714314842224,25.0532359027863,29.4743951797485,0.789410467484829,0.417304164953142,0.411351588583212,0.100015394532895
"4716005",2010,0.0219944575452915,0.887511455621844,0.330318675102014,0.189594878975067,23.5795161437988,37.8254738140106,20.1408367061615,0.552111371653759,6.38611895561218,2.45619959831238,0.374934571967727,0.856880568070374
"4711004",1981,0.5327031329488,0.303508214569684,0.581483680694965,0.627696751354544,110.029890366554,19.7186183452606,15.281929217577,33.0286857283115,6.60573714566231,0.405365477177823,0.0022710052875235,0.433444251718817
"4711004",1982,0.632098123953911,0.0779217536942473,14.2959983003139,0.523780456088187,60.3389721364975,135.664094215393,84.4942796094418,94.9451473324299,12.2255433740616,5.42262004494667,0.630989097487119,0.286109288257809
"4711004",1983,0.108492156929611,0.37849336776802,0.273357047962207,7.09870260429382,26.1271693074703,80.2547766652107,161.988449706316,30.4652653434277,6.60573714566231,0.359939588020445,0.390581959940153,0.157624502197198
"4711004",1984,0.128881289404664,0.651785181728421,2.95779275178909,0.561795389521816,28.0004380502701,6.90151642084122,380.56933406353,23.9581212894917,1.47889637589455,1.08452400898933,0.295779275178909,2.07045492625237
"4711004",1985,0.122935916572386,0.295452149349061,18.7326874279976,0.932680638443538,6.4085509622097,1.38030328416824,57.9727379350662,0.788744733810425,0.492965458631516,4.73246840286255,0.387703011935373,0.541871881216696
"4711004",1986,0.149259045596494,0.394372366905212,0.268955106296167,0.61473071438616,101.550884478092,43.6767396347523,0.775651993126085,37.6625610394478,0.887337825536728,1.08452400898933,0.347848689280375,0.299592596041622
"4711004",1987,0.126974341019603,0.288182532661747,0.591558550357819,22.6764110970497,70.8884329512119,35.0991406545639,438.837851273775,198.073521278143,7.00010951256752,23.2679696474075,0.157874157416049,0.975835786760673
"4711004",1988,0.0127719478159032,0.46083083917877,0.827688544097851,0.575450395899785,2.46482729315758,9.5635298974514,43.7753327264786,16.3664532265663,16.7608255934715,0.719692672301519,5.61980622839928,0.517723608856764
"4711004",1989,0.20060692259587,0.89094790957482,0.233141015833463,3.94372366905212,32.1413479027748,0.394372366905212,80.7477421238422,69.8039089422226,2.46482729315758,0.847166484447276,0.93264105077763,0.549302061936284
"4711004",1990,0.607310427484059,0.903512428801258,0.565962089263953,0.931109333340362,0.159884860727065,4.63387531113625,35.789292296648,16.0706739513874,14.6903706672192,0.83762526379318,0.0514213545482758,0.905753232464853
"4711004",1991,0.535631504589133,0.522606610425346,0.104965618857383,1.97186183452606,34.5075821042061,152.81929217577,28.0990311419964,1.47889637589455,45.7471945610046,0.940551214787137,0.588832136416125,0.295779275178909
"4711004",1992,0.600853936138032,0.920610572272482,16.26786013484,22.2820387301445,58.3671103019714,219.566815274477,1.28171019244194,75.8180875375271,15.8734877679348,0.528556669162413,3.94372366905212,0.654868106046073
"4711004",1993,0.88805959228557,0.369278034540837,0.0602248448823154,35.0991406545639,105.987573605776,2.76060656833649,40.8175399746895,34.1132097373009,5.02824767804146,0.817042993900387,0.287850131613696,0.871958200194399
"4711004",1994,0.434228533483141,0.0973124842893004,0.417834765771079,0.458132794461732,8.57759898018837,15.7748946762085,53.1416764404774,4.23950294423103,0.330930748036136,0.495557107163573,0.367076078228502,0.0128788425941921
"4711004",1995,15.281929217577,0.378040518559499,0.482696443253848,8.87337825536728,1.77467565107346,22.0848525466919,38.5498988649845,27.1131002247334,10.4508677229881,0.985930917263031,0.974597216248862,0.67000053736569
"4711004",1996,0.768851005941849,0.60807336500143,0.579414882770022,35.0005475628376,0.985930917263031,11.1410193650723,54.324793541193,20.9017354459763,0.815427985670515,2.46482729315758,0.600955823864185,0.898229423864604
"4711004",1997,0.00687285486441018,0.787481290379187,0.206459818995017,0.1777629969583,42.3950294423103,269.257733504534,32.1413479027748,140.593748801708,12.3241364657879,52.057152431488,0.0113878401670956,0.932653772711854
"4711004",1998,0.356037033463454,0.771842491644209,0.0136182732276147,11.0424262733459,5.91558550357819,21.0989216294289,0.31401255083815,0.576323638693041,5.91558550357819,0.212256738654023,0.978858960455133,0.767129568241531
"4711004",1999,0.468788595893709,0.697073398300708,2.36623420143127,1.67608255934715,7.88744733810425,22.3806318218708,0.492965458631516,72.9588878774643,63.7897303469181,4.43668912768364,0.254982207889502,0.64213242928645
"4711004",2000,0.917306371464209,0.26130387542712,0.414196624519392,1.47889637589455,23.1693765556812,154.495374735117,26.6201347661018,0.309926816038065,76.8040184547901,0.447815399923444,0.921402649722231,0.515941449286346
"4711004",2001,0.242263610934895,0.532979614186334,7.39448187947273,3.253572026968,56.7896208343506,0.96598593110999,196.003066351891,39.042864323616,3.45075821042061,7.88744733810425,0.77825075074477,0.429762773710104
"4711004",2002,0.106507012034953,0.697184211581653,0.788744733810425,8.67619207191467,94.1564025986195,233.665627391338,124.227295575142,55.7050968253613,3.94372366905212,0.78673132248581,0.885185489496699,0.573477385737839
"4711004",2003,0.354454322464466,0.0339634255031721,0.553141977609953,0.780574753149443,63.5925441634655,43.8739258182049,22.1834456384182,3.45075821042061,0.405619353911838,0.890823868191031,0.536560305184783,0.0144186183277244
"4711004",2004,0.77041268029749,0.769802019879416,4.43668912768364,30.3666722517014,0.484781493438284,29.3807413344383,82.3252315914631,67.0433023738861,4.92965458631515,0.251992015958728,3.45075821042061,0.474460857354827
"4711004",2005,0.105435398660217,0.834740620071476,4.92965458631515,2.46482729315758,25.6342038488388,27.1131002247334,14.2959983003139,61.3249030537605,24.1553074729443,4.92965458631515,4.43668912768364,0.225757283258424
"4711004",2006,0.416327844627802,0.37413624739074,0.0693896675313527,0.584732784647145,0.365411883263764,59.6488204944134,88.142224003315,6.4085509622097,0.898300726839652,38.9442712318897,0.193864062392806,0.247124367023868
"4711004",2007,0.679118161225557,0.885094012086624,0.354627682577206,0.655297660249847,1.47889637589455,110.424262733459,10.8452400898933,23.1693765556812,0.162797820049394,0.295829260122177,0.7840501532699,0.520161020119977
"4711004",2008,0.803127299434519,0.514774164073852,0.14906809078703,0.858382556005961,36.7752232139111,47.3246840286255,39.4372366905212,80.8463352155685,3.94372366905212,0.715056919297902,0.710490618597485,0.530505012269792
"4711004",2009,0.482750724271721,0.717955710030836,0.477331830621336,0.677222279683675,0.306522058463122,79.367438839674,29.5779275178909,60.6347514116764,0.985930917263031,0.855857525921493,0.162826538059809,0.896391779031151
"4711004",2010,0.698051159060507,0.476015240816335,0.830369000545703,0.319495087215564,48.3106149458885,44.0711120016575,27.6060656833649,7.39448187947273,30.1694860682488,5.42262004494667,30.563858435154,0.361531804659531
"4710001",1981,0.56312200440395,0.94155529869665,0.631826086481632,0.780507894555273,98.2576208496094,23.4478413391113,NA,42.9877091217041,6.69938323974609,0.73491953392197,0.4963843565421,0.582580055721395
"4710001",1982,0.299712466652789,0.156626531968723,18.9815858459473,0.792935642239057,70.9018059539795,228.895594024658,133.429382858276,56.9447575378418,13.3987664794922,4.46625549316406,0.829588637507967,0.685975777371678
"4710001",1983,10.6073567962646,0.732692500292749,0.170759623111111,34.055198135376,18.4233039093018,48.0122465515137,137.337356414795,30.817162902832,10.6073567962646,0.558281936645508,0.788447682134578,0.0350200228582687
"4710001",1984,0.737285347488593,0.444340338392871,8.93251098632813,0.579739758948381,19.5398677825928,20.0981497192383,267.975329589844,10.942325958252,22.5545902404785,3.34969161987305,6.69938323974609,1.0127344333349
"4710001",1985,0.775635649234738,0.0831023795668852,8.37422904968262,0.91858806006063,6.9226960144043,1.78650219726563,62.3042641296387,1.33987664794922,1.11656387329102,11.2772951202393,0.93419195414969,0.815708861931515
"4710001",1986,0.542732626437489,0.558281936645508,0.524560410768548,0.334969161987305,108.306695709229,86.4220437927246,2.12147135925293,46.3374007415771,2.79140968322754,20.879744430542,0.223312774658203,0.289459987315018
"4710001",1987,1.11109712558233,7.81594711303711,7.2576651763916,13.2871100921631,21.1030572052002,55.8281936645508,444.95070350647,265.742201843262,7.81594711303711,21.5496827545166,0.962098011036934,0.748835581072568
"4710001",1988,0.420694722375639,0.355601595324445,0.755364834356472,0.428823970839495,16.1901761627197,10.7190131835938,26.7975329589844,16.1901761627197,5.24785020446777,0.823019079730883,8.59754182434082,1.89815858459473
"4710001",1989,0.650550513092656,0.899029439758257,1.08924270301101,6.69938323974609,33.4969161987305,0.558281936645508,83.1840085601807,90.4416737365723,7.2576651763916,0.0491162606130129,0.673412651981617,0.763272656249467
"4710001",1990,0.14014323431582,0.0213916354280572,1.11656387329102,0.923709873735409,2.23312774658203,12.8404845428467,35.171762008667,24.0061232757568,29.5889426422119,0.750666507596981,0.945813739095317,0.756367251959764
"4710001",1991,0.268141894361028,1.09196247132048,0.373906526084002,2.79140968322754,60.2944491577148,180.436721923828,63.6441407775879,3.90797355651855,56.9447575378418,1.0938125997701,0.823055498448209,5.58281936645508
"4710001",1992,1.67484580993652,0.846378208753685,16.7484580993652,58.0613214111328,69.7852420806885,202.656343002319,8.93251098632813,92.6748014831543,20.0981497192383,0.279083300674188,11.1656387329102,0.804810643961911
"4710001",1993,0.135230572454911,0.0644204843545062,0.0930952458185293,69.226960144043,187.582730712891,11.7239206695557,45.7791188049316,22.3312774658203,12.2822026062012,0.330144436947184,0.867438472277675,0.453571049239163
"4710001",1994,0.108813565048753,0.0921289867023082,0.927423154106071,5.02453742980957,18.4233039093018,15.0736122894287,62.5275769042969,6.69938323974609,1.11656387329102,0.393308689509455,0.350888029106829,0.870638642796985
"4710001",1995,56.9447575378418,0.649693518967405,0.337042931486675,11.1656387329102,1.11656387329102,29.0306607055664,35.7300439453125,14.5153303527832,15.0736122894287,0.453817978375071,0.391838368027751,1.0321300005343
"4710001",1996,0.840629461137691,1.10076928111882,0.401473922540261,34.6134800720215,1.67484580993652,34.055198135376,60.8527310943604,40.1962994384766,0.113011222054985,0.443767696126096,0.0848771553693461,0.343077818256855
"4710001",1997,0.671034454730453,0.931410558064305,0.54972208873933,1.02414020975038,25.6809690856934,479.005901641846,20.0981497192383,243.410924377441,7.81594711303711,45.2208368682861,0.116211091268736,3.34969161987305
"4710001",1998,0.0350820099131251,5.02453742980957,2.23312774658203,23.4478413391113,2.23312774658203,15.6318942260742,0.675252321306724,0.294738776247465,2.23312774658203,0.0078747271557362,0.444028106541088,0.725822862454927
"4710001",1999,0.0158207197058111,0.4461860512472,8.93251098632813,8.93251098632813,10.0490748596191,34.055198135376,1.78650219726563,60.2944491577148,106.073567962646,6.69938323974609,0.313470117548137,0.736054126917566
"4710001",2000,0.876359793527314,0.144823427108031,0.439630899203534,14.5153303527832,26.2392510223389,188.141012649536,65.3189865875244,0.769361368307398,132.871100921631,0.897117221305543,1.04469041001479,0.32863871427185
"4710001",2001,0.969731119989722,0.899938317453196,8.93251098632813,10.0490748596191,43.5459910583496,1.04888465725076,203.102968551636,43.5459910583496,7.2576651763916,14.5153303527832,1.00915854674007,0.0466178029276623
"4710001",2002,0.185517235670468,0.411305810511783,1.11656387329102,17.3067400360107,140.910360809326,165.25145324707,178.426906951904,71.460087890625,12.7288281555176,0.138501041539069,0.503188162624517,0.483943981581619
"4710001",2003,0.690172765214395,0.983952231351366,0.45615541280544,0.779466958454658,92.1165195465088,40.7545813751221,47.1189954528809,6.69938323974609,0.855134295749661,1.10681253477266,2.12147135925293,0.518608372888708
"4710001",2004,0.645126020694169,0.947346893835156,12.2822026062012,46.8956826782227,0.873940024687798,22.8895594024658,53.7067223052979,78.1594711303711,12.8404845428467,1.11656387329102,12.2822026062012,0.963114519809601
"4710001",2005,0.800726706017548,0.686278194045339,32.3803523254395,12.8404845428467,45.7791188049316,73.5815592498779,4.46625549316406,98.1459644622803,31.2637884521484,13.3987664794922,8.26257266235352,0.486012272415202
"4710001",2006,0.712165996319841,1.67484580993652,0.667400830035118,0.506366401270649,0.97736206183021,58.0613214111328,139.012202224731,5.58281936645508,0.0882450529973857,24.5644052124023,0.0867906333780929,1.04682621279173
"4710001",2007,0.330663125500888,0.255676857319432,0.141524435384021,0.482301399369381,2.79140968322754,96.0244931030273,25.6809690856934,31.2637884521484,0.87249101271041,0.201516961035865,0.479671148188076,0.863405367623048
"4710001",2008,2.79140968322754,0.779592711801004,0.273058687929681,0.558281936645508,42.4294271850586,73.693215637207,40.0846430511475,141.245329971313,0.223312774658203,0.129773757430912,0.915178795700824,0.288812222994722
"4710001",2009,0.810217435763583,1.11656387329102,0.757356636732714,0.467195075927809,1.67484580993652,112.214669265747,34.055198135376,85.4171363067627,1.67484580993652,0.850285271754919,1.10638631245003,0.450441802513236
"4710001",2010,2.23312774658203,0.346120650859949,0.483526668700637,0.854548664067582,31.8220703887939,55.8281936645508,33.1619470367432,13.3987664794922,18.4233039093018,8.37422904968262,31.2637884521484,0.524951219678943
"4711003",1981,0.64176499954265,0.75545896580089,0.600564468195954,0.850331078513912,134.773806054592,21.5228131341934,24.5975007247925,36.8962510871887,12.2987503623962,0.915350323131475,0.89635046326731,0.284221070139628
"4711003",1982,0.48039734829968,0.88435819765222,18.4481255435944,0.422402413525375,86.6037004685402,222.402402386665,127.599535009861,119.912816033363,4.09958345413208,9.22406277179718,1.02489586353302,0.974317060586544
"4711003",1983,3.58713552236557,0.40704398580322,0.427084796773104,6.66182311296463,37.9211469507217,98.9024508309364,175.769640595913,45.0954179954529,28.184636247158,0.771096230079576,0.352176326823297,0.924662142077367
"4711003",1984,0.559404257203835,0.670668638848394,3.07468759059906,0.354191566627572,25.9298653473854,12.2987503623962,412.008137140274,10.2489586353302,14.5535212621689,5.1244793176651,0.447313618744396,0.74747046261986
"4711003",1985,0.105015725817126,0.990136470888211,17.4232296800613,0.804522104932396,5.1244793176651,1.53734379529953,98.9024508309364,6.14937518119812,0.842139740096192,6.35435435390472,0.289457879023347,0.116136095501911
"4711003",1986,0.0679197057702105,0.491190741738461,0.537136890860845,1.02489586353302,147.072556416988,90.2933255772591,3.07468759059906,53.8070328354836,14.3485420894623,0.705849606705666,0.203957519570505,0.66893826260692
"4711003",1987,0.177689677644007,0.739531528743641,11.2738544988632,16.3983338165283,35.8713552236557,52.269689040184,612.375278460979,305.41896733284,13.3236462259293,35.8713552236557,0.392894817459176,0.645458868333467
"4711003",1988,0.282043972871075,0.552178942394232,0.035582612451778,0.928975238573972,8.71161484003067,13.8360941576958,49.7074493813515,27.6721883153915,8.19916690826416,0.603612946437394,7.17427104473114,10.2489586353302
"4711003",1989,0.577848731434929,0.848543898507911,0.686776144440538,7.17427104473114,45.0954179954529,7.17427104473114,111.713649125099,132.21156639576,4.09958345413208,0.276352703326851,0.490648712783618,0.763391075417485
"4711003",1990,0.655666832979283,0.719190837164924,0.350137103557319,0.430026488642958,2.04979172706604,10.2489586353302,43.0456262683868,25.6223965883255,23.5726048612595,0.394761996983143,0.144065376429969,0.617097226722407
"4711003",1991,0.516677072306778,0.525470395470073,0.170652606258668,0.578506633922374,42.0207304048538,154.759275393486,65.5933352661133,8.19916690826416,50.219897313118,0.817554348531632,0.0896170798728202,5.1244793176651
"4711003",1992,0.689480160314683,0.991008581344336,29.7219800424576,81.8891794962883,74.8173980379105,187.555943026543,3.07468759059906,77.8920856285095,21.5228131341934,0.571043998910161,6.14937518119812,0.926880957578422
"4711003",1993,0.546743989683856,1.02489586353302,0.456738949291226,66.6182311296463,169.107817482948,15.6809067120552,47.1452097225189,35.8713552236557,12.2987503623962,0.690337535782084,0.231790983101806,0.908035851247877
"4711003",1994,0.0737607930838015,0.745688167311897,0.30549530793087,2.04979172706604,19.4730214071274,12.4012399487495,58.4190642213821,7.89169814920425,0.339103726836783,0.855765437758531,0.00575180830111604,0.960406598391676
"4711003",1995,24.085052793026,0.912970822064141,0.673217349960171,10.2489586353302,1.53734379529953,50.219897313118,34.3340114283562,32.7966676330566,21.5228131341934,0.301949675527208,0.117266325620105,0.210902493756567
"4711003",1996,0.411550769048318,0.513540009219282,0.50245215892847,38.9460428142548,0.916161109508712,33.8215634965897,62.3136685028076,67.1306790614128,0.681105602767626,0.491111244292049,0.730761649506032,0.725487240378773
"4711003",1997,0.475042519670648,0.281524416629362,2.04979172706604,0.321963446460051,35.8713552236557,447.367044432163,39.9709386777878,219.12273562336,8.19916690826416,59.4439600849152,0.333495274281444,0.079480785463824
"4711003",1998,0.65627362463044,0.577206521547017,0.766201388000275,23.5726048612595,15.1684587802887,31.7717717695236,0.920669202101057,0.446221261381961,15.3734379529953,0.915258492001485,0.583367510765718,0.437395651247551
"4711003",1999,0.996723634619327,0.572008334946977,0.605788046396589,7.17427104473114,5.1244793176651,47.1452097225189,0.459563904514028,85.0663566732407,94.5978882040977,12.2987503623962,0.0269459411011879,0.204482327518833
"4711003",2000,0.646409220341242,0.810715153949154,0.0882532826800449,14.8609900212288,27.6721883153915,214.305725064754,70.2053666520119,0.999686958996069,101.259711317062,3.07468759059906,0.532949267390379,0.502794310191686
"4711003",2001,0.939991228203489,0.00440879815918773,10.3514482216835,4.61203138589859,52.4746682128906,0.0687729754186352,231.831444331169,57.8041267032623,5.63692724943161,11.3763440852165,0.0648659445619958,0.855980054734171
"4711003",2002,0.492047644008197,0.783418846367388,3.58713552236557,21.4203235478401,150.352223180294,202.314443461418,133.031483086586,80.2493461146355,6.55933352661133,0.73844234774738,0.74509064083762,0.64722887649015
"4711003",2003,0.226718275970838,0.918696102183481,0.285891596302204,0.968034313528012,84.5539087414741,55.3443766307831,36.3838031554222,1.02489586353302,0.576444270503089,0.215416498575517,0.440728717676046,0.566362200776237
"4711003",2004,0.359837504646783,0.346336705873626,7.17427104473114,26.6472924518585,0.29454256834008,19.4730214071274,44.787949236393,56.3692724943161,6.14937518119812,0.604219782473205,10.2489586353302,1.00397169632467
"4711003",2005,0.972002920453825,0.49255715333044,3.07468759059906,15.8858858847618,36.0763343963623,38.6385740551949,11.2738544988632,120.835222310543,39.9709386777878,4.61203138589859,4.09958345413208,0.498048244990066
"4711003",2006,0.996166704114,0.636846275656818,0.073284509730561,0.425470285473654,0.0379512996519392,40.4833866095543,142.972972962856,2.56223965883255,0.927032655729838,34.8464593601227,0.125783444761739,0.526366736605644
"4711003",2007,0.16328261871997,0.272443006050286,0.253697233287753,0.366847629059674,0.305267049594799,145.125254276276,14.6560108485222,29.7219800424576,0.0157837391201186,0.539447142325306,0.907529785792857,0.0962057946804996
"4711003",2008,0.0715235820533333,0.799337692130867,0.935620051525657,0.883038107649354,47.862636826992,78.6095127329826,48.8875326905251,154.759275393486,1.22987503623962,0.803616907388277,0.804512552209784,0.814931005342682
"4711003",2009,0.892642391626344,0.0588791899212935,0.832599120176057,0.335620352975981,0.37193695012965,120.630243137836,42.5331783366203,66.4132519569397,15.4759275393486,0.964733643600501,0.692978033400571,0.123847892351099
"4711003",2010,0.717965705501026,0.223630309944995,0.568393643603547,0.617613606836571,44.5829700636864,64.5684394025803,32.7966676330566,1.02489586353302,21.0103652024269,9.22406277179718,38.9460428142548,0.355641017370326
"4820001",1981,NA,NA,NA,NA,NA,NA,NA,NA,NA,NA,NA,NA
"4820001",1982,0.301371686794099,0.698914779571941,17.7623100280762,0.527538532000778,107.461975669861,84.3709726333618,55.0631610870361,50.6225835800171,37.30085105896,5.32869300842285,0.77935049007979,0.0446143446802965
"4820001",1983,0.753608560507757,0.201792206224516,0.0596271249689912,0.672925849033838,18.2063677787781,57.0170151901245,106.129802417755,31.0840425491333,6.66086626052856,0.339750663188556,0.110523869747163,0.0113741750106946
"4820001",1984,0.223912522706451,0.0923852603348925,9.05877811431885,0.0114792670661566,41.4749939155579,0.568419033472523,282.864787197113,16.8741945266724,21.7588297843933,0.569215619590503,3.10840425491333,0.113225830888864
"4820001",1985,0.0660941833652758,0.334805272536789,0.137821887539601,0.622996002447481,5.77275075912476,1.77623100280762,52.8428723335266,0.532869300842285,0.888115501403809,4.88463525772095,0.267183545138637,0.0422477856514195
"4820001",1986,0.143049672742376,0.775344738366359,0.457744374419233,0.320743498117507,115.899072933197,47.336556224823,0.307282458695905,28.8637537956238,0.213626957719248,0.602150588473769,15.0979635238647,0.770166413405857
"4820001",1987,0.191092392064135,0.798444038946997,0.413484970334787,2.66434650421143,56.8393920898437,19.5385410308838,313.948829746246,169.630060768127,4.44057750701904,15.8972674751282,0.678279981880405,0.682636163479775
"4820001",1988,0.250702800276855,0.357515601826939,1.77623100280762,0.624985684570759,0.244220099969358,47.9582370758057,60.8359118461609,107.906033420563,4.6182006072998,0.480947529887579,4.44057750701904,0.660543662490874
"4820001",1989,0.43494240993525,0.0435911610421194,0.348331977588748,0.116764874455977,29.3966230964661,0.888115501403809,89.6108540916443,57.6386960411072,0.879107539064647,0.456689445217767,0.568658400929513,0.411259585938949
"4820001",1990,0.581981194557132,0.0291414331059894,0.594664259140001,0.597390222328683,0.642050494819906,0.498370426070818,22.8245683860779,3.10840425491333,19.2721063804626,9.76927051544189,0.0291860046435902,0.844279531062179
"4820001",1991,0.607732941240365,0.657332029176892,0.559713682614228,3.28602735519409,15.5420212745667,153.466358642578,19.5385410308838,0.440694001791645,40.4092553138733,9.76927051544189,0.785824730996875,0.10614423572339
"4820001",1992,0.461635477509437,0.650803098952153,19.6273525810242,10.6573860168457,54.9743495368958,186.5042552948,0.715598453030328,66.6086626052856,12.4336170196533,0.522079815778788,1.77623100280762,0.768747192373816
"4820001",1993,0.472682196568509,0.571974357695824,0.0352229664156633,26.1994072914124,40.4092553138733,9.76927051544189,46.182006072998,20.8707142829895,3.81889665603638,0.367634098919633,0.627402727818963,0.594922471538208
"4820001",1994,0.795512761535036,0.754797886697689,0.781627578286367,0.172746775723382,15.9860790252686,30.6399847984314,21.3147720336914,15.0979635238647,11.5455015182495,16.8741945266724,0.818001625183535,0.695163107334788
"4820001",1995,1.50979635238647,0.866603872697732,0.088724671187628,10.6573860168457,0.633021700585666,18.2063677787781,54.6191033363342,39.0770820617676,3.10840425491333,0.773187683140549,0.0667585364527647,0.779866682661699
"4820001",1996,0.281456997864764,0.525454459333453,0.835148244416972,3.81889665603638,8.3482857131958,14.2986595726013,69.717066860199,18.3839908790588,0.357620199470216,2.22028875350952,0.878076776714224,0.415298715334186
"4820001",1997,0.624117742843296,0.392039219209084,0.731218806134404,0.799702259024512,81.8842492294312,299.738981723785,41.6526170158386,116.431942234039,36.146300907135,55.9512765884399,2.66434650421143,0.749631048187394
"4820001",1998,0.126925419537003,0.291339540412683,0.389995505340155,3.55246200561523,5.32869300842285,3.10840425491333,0.0813689340810542,0.788504113775363,1.50979635238647,0.834328693876577,0.618902562980035,0.887690436162817
"4820001",1999,0.476155697126103,0.402697938018915,1.15455015182495,2.66434650421143,24.4231762886047,14.6539057731628,13.9434133720398,49.5568449783325,89.4332309913635,11.5455015182495,0.813414057854622,0.296661415914214
"4820001",2000,0.703697194515369,0.476269237405829,0.146506190623971,13.3217325210571,10.9238206672668,170.518176269531,5.59512765884399,0.663279727734291,58.6156230926514,0.482954222809004,0.235057633719101,0.23322283763729
"4820001",2001,0.691145594773421,0.41895271293933,0.184379857707997,7.37135866165161,39.0770820617676,0.434332049511896,179.843389034271,54.1750455856323,13.4993556213379,0.558717882918174,0.76467301409674,0.749365385487634
"4820001",2002,0.270919784312887,0.330914507739489,0.202565876513502,1.33217325210571,132.151586608887,251.336686897278,93.2521276473999,53.64217628479,2.22028875350952,0.376209141667145,0.442990583196318,0.769824456971404
"4820001",2003,0.168574801847703,0.767129636580842,0.0157569030911463,0.156805184143873,102.133282661438,27.5315805435181,22.2028875350952,2.22028875350952,0.793384197147385,0.783230933635021,0.620745515105258,0.0321142891145387
"4820001",2004,0.388205017771145,0.362031753166463,7.10492401123047,44.6722097206116,0.150693545660647,34.1924468040466,59.8589847946167,59.0596808433533,2.13147720336914,0.0393705778259417,1.42098480224609,0.237602626953221
"4820001",2005,0.0199751225993848,0.766827299497703,3.81889665603638,0.344622033864049,32.3274042510986,34.3700699043274,8.70353191375732,69.2730091094971,7.99303951263428,3.10840425491333,15.9860790252686,0.422108162542957
"4820001",2006,0.784369503275702,0.417138186516408,0.218095477583276,0.793676456162328,0.119934504446215,81.0849452781677,60.3030425453186,15.630832824707,0.264112110246936,33.7483890533447,0.0390164589758137,0.87917785291395
"4820001",2007,0.312278428892811,0.679993242100748,0.447684232645745,0.213235061932095,4.44057750701904,43.9617173194885,2.22028875350952,28.9525653457642,0.0980948321183244,0.786350179280916,0.809767806247151,0.129945416124133
"4820001",2008,0.0734811403990985,0.0810244454125507,0.327710241394518,15.0979635238647,32.416215801239,16.6965714263916,35.9686778068542,47.5141793251038,0.00330607307178901,0.149483211605428,0.716122947022343,0.579402137750274
"4820001",2009,0.205268356881048,0.133065431407062,0.331378234110942,0.0413951078404082,0.515165495908669,68.7401398086548,14.1210364723206,81.4401914787292,0.172932330828836,0.814898691624464,0.155871575958931,0.46431574075931
"4820001",2010,0.887828940432428,0.765764810401016,0.315427258832169,0.446270176783909,25.2224802398682,49.912091178894,29.3966230964661,5.50631610870361,15.8972674751282,5.50631610870361,3.55246200561523,0.441194897992564
"4703003",1981,0.556324100087937,0.437706495451639,1.0631334146313,1.12399508239983,104.437954177856,19.9488227081299,41.0711055755615,58.086277885437,7.04076095581055,0.711975857122351,1.15197460218548,0.835693674829654
"4703003",1982,0.0710577188789617,1.15539072918602,17.6019023895264,0.470468387032063,109.131794815063,271.069296798706,160.764041824341,59.8464681243896,18.1886324691772,3.52038047790527,1.05667098809004,0.420637818631788
"4703003",1983,0.38711312651255,1.14995073028367,1.11345179782264,19.362092628479,34.030344619751,53.39243724823,103.264494018555,32.8568844604492,21.1222828674316,0.844552090841499,0.85902843263149,0.198146891164452
"4703003",1984,1.07158478085294,0.309571944985351,15.2549820709229,0.0781533414203638,22.2957430267334,21.7090129470825,438.287369499207,15.2549820709229,16.4284422302246,7.04076095581055,14.668251991272,2.34692031860352
"4703003",1985,0.403388479482688,0.906881077480358,10.5611414337158,0.893945343784748,5.86730079650879,4.69384063720703,73.3412599563599,0.232167998414722,2.34692031860352,11.1478715133667,0.146986324367485,0.457818757123287
"4703003",1986,0.143458342675351,2.34692031860352,0.0377657927560769,2.34692031860352,124.386776885986,120.866396408081,2.34692031860352,68.060689239502,2.34692031860352,14.0815219116211,0.46191898327345,0.474787540713004
"4703003",1987,2.34692031860352,1.07587167820447,5.86730079650879,14.0815219116211,21.1222828674316,73.9279900360107,491.679806747437,312.140402374268,8.21422111511231,23.4692031860352,1.13942745943363,0.506404629177262
"4703003",1988,0.751774040428179,0.908512465908907,0.428624031266927,0.657203508732586,19.9488227081299,7.04076095581055,32.8568844604492,18.7753625488281,4.10711055755615,0.765965285784202,4.10711055755615,2.34692031860352
"4703003",1989,NA,NA,NA,NA,NA,NA,NA,NA,NA,NA,NA,NA
"4703003",1990,0.462929116945222,0.337627488082413,0.2139189023939,1.09666182879233,2.34692031860352,25.8161235046387,41.0711055755615,32.8568844604492,40.1323374481201,0.148518992215342,0.889174774438857,1.0944420137806
"4703003",1991,0.215458076096491,0.204394222596584,0.254307834358311,9.38768127441406,72.9892219085693,183.646514930725,53.9791673278809,7.62749103546143,59.2597380447388,1.09094611437833,2.34692031860352,0.287962966242068
"4703003",1992,0.894578387602753,0.0966362290959732,17.6019023895264,85.6625916290283,77.448370513916,187.16689540863,0.754360816848324,107.371604576111,19.9488227081299,0.568450746651082,10.5611414337158,0.265252207939857
"4703003",1993,0.948486814657411,15.8417121505737,0.286527955339239,76.2749103546143,204.182067718506,9.38768127441406,43.418025894165,23.4692031860352,17.6019023895264,1.13605963865039,0.783504781901513,0.265843078180218
"4703003",1994,0.826406391791831,0.725542713643833,0.170850631750748,4.69384063720703,21.1222828674316,19.9488227081299,59.8464681243896,5.86730079650879,2.34692031860352,0.586730079650879,0.475318861016946,0.117039322856237
"4703003",1995,30.5099641418457,0.917898347125992,0.53539281053888,15.2549820709229,4.69384063720703,23.4692031860352,41.0711055755615,8.80095119476318,22.2957430267334,0.865616841394016,0.0721549124824187,4.69384063720703
"4703003",1996,0.377369092418745,1.00939818314527,1.01989692862783,36.3772649383545,5.86730079650879,34.030344619751,54.5658974075317,56.3260876464844,0.247595307810631,0.0421893040408449,0.661653039611244,0.703736025439595
"4703003",1997,0.796139821450197,0.193117270660925,18.7753625488281,0.716280833821255,32.8568844604492,524.536691207886,29.3365039825439,241.732792816162,24.6426633453369,52.8057071685791,0.132672853257387,0.63297282216737
"4703003",1998,0.518712524121159,2.34692031860352,0.818138074180954,41.0711055755615,5.86730079650879,15.2549820709229,0.61978997391279,0.924430873077171,0.469461463119296,0.140535808196014,0.373084792819044,0.506654936555753
"4703003",1999,0.868223190568292,0.218909058544359,17.6019023895264,16.4284422302246,14.0815219116211,43.418025894165,0.798468376200986,79.7952908325195,101.504303779602,11.7346015930176,0.126794713507991,0.602255167573596
"4703003",2000,0.958868133177792,0.160888888949361,1.04603105337426,16.4284422302246,26.9895836639404,153.72328086853,95.0502729034424,0.0658408438547279,68.060689239502,0.537043341404024,0.0593073895105379,0.269689772712359
"4703003",2001,0.844940170322133,0.15070223324177,18.7753625488281,9.38768127441406,45.7649462127686,0.248389031377523,232.931841621399,42.2445657348633,14.0815219116211,15.2549820709229,0.0524995805509861,1.14657145922887
"4703003",2002,0.413013476816893,0.793201847450827,0.22681259365626,26.9895836639404,176.019023895264,126.73369720459,184.819975090027,76.2749103546143,25.8161235046387,0.469686955246567,1.1531004699639,0.42336029561911
"4703003",2003,0.87020560800088,0.0947456988015814,0.601878632078104,0.698289461394315,106.198144416809,49.8720567703247,37.5507250976562,3.52038047790527,0.0600260569559127,1.16583256182732,0.316495385868215,1.08488146380622
"4703003",2004,1.03465668109992,0.253781342626967,15.2549820709229,49.2853266906738,0.172479063692902,29.3365039825439,64.5403087615967,58.6730079650879,16.4284422302246,0.987693147964979,23.4692031860352,0.488209669834846
"4703003",2005,0.908325787877094,1.07954197861091,32.8568844604492,17.6019023895264,51.6322470092773,116.172555770874,4.69384063720703,122.039856567383,38.724185256958,16.4284422302246,5.86730079650879,0.887244202482852
"4703003",2006,0.975621935863289,0.686125924186801,0.283927837162907,0.228828143080287,0.513850909693358,61.0199282836914,145.509059753418,5.86730079650879,0.299069420631763,28.1630438232422,0.590035101122167,0.314909781859579
"4703003",2007,0.297373024747546,0.22691387428478,0.757748608463578,0.376902192699314,3.52038047790527,90.3564322662353,14.0815219116211,24.6426633453369,1.17042397154013,1.08415222229777,0.357424894471714,0.358072680012294
"4703003",2008,1.07113318841627,8.21422111511231,0.215426015937243,0.832152603014636,59.8464681243896,78.6218306732178,56.3260876464844,152.549820709229,0.686968588381984,0.863063373190588,0.560257548821398,0.090497953788744
"4703003",2009,1.00128350692767,0.330445812415754,0.966803542661051,0.920047103734436,3.52038047790527,118.519476089478,51.6322470092773,104.437954177856,5.86730079650879,1.06784456354586,0.956842622244293,0.389230252186415
"4703003",2010,0.525429471600951,1.17259852889526,0.501115321739012,0.877746281059503,25.8161235046387,50.4587868499756,25.8161235046387,19.9488227081299,19.9488227081299,7.04076095581055,31.6834243011475,0.709315823991041
"4900002",1981,0.505411460773955,0.0741556414460112,0.119640147291761,0.865899565944029,133.409148310423,35.6814958333969,3.96461064815521,0.89771847221376,0.864712076166784,0.0816779462758618,0.346375883265309,0.312111312371921
"4900002",1982,0.71435797192957,0.716618604826906,23.7876638889313,0.531144511589341,103.674568449259,116.063976724744,103.476337916851,81.2745182871818,22.4991654282808,8.12745182871818,0.652987830563397,0.487365837002311
"4900002",1983,0.792922129631042,0.0915550063765215,0.640799689703078,5.15399384260178,36.1770721644163,75.6249481135607,122.902930092812,54.3151658797264,12.9840998727083,0.265836974378716,0.0508442645618049,0.812919306361957
"4900002",1984,0.541242610570557,0.108121871501045,6.34337703704834,0.319893292176515,30.7257325232029,6.73983810186386,388.432728253007,35.7806110996008,40.7363744097948,6.64072283565998,3.36991905093193,0.617685919472074
"4900002",1985,0.67423357280211,0.50481526902347,14.074367800951,0.537701647223038,6.93806863427162,0.991152662038803,54.7116269445419,0.299907463179989,0.991152662038803,9.11860449075699,0.238143220129931,0.217818964960789
"4900002",1986,0.390923969099467,0.0224591302591416,0.118291142246858,0.88646692905848,152.042818356752,37.1682248264551,0.150509425157414,23.192972291708,0.53088434461144,0.376893372641795,0.807739675494587,0.243594196046963
"4900002",1987,0.980229022142429,0.714288689715564,0.187274656565978,3.56814958333969,48.5664804399014,31.5186546528339,392.397338901162,208.43940482676,3.56814958333969,30.5275019907951,0.864457788765089,0.00960569635856971
"4900002",1988,0.631517181957762,0.192173715939839,0.335943331983144,0.936113952395823,0.836612870930485,28.3469661343098,26.8602371412516,35.3841500347853,4.16284118056297,0.450743289509742,1.78407479166985,0.360191544035453
"4900002",1989,NA,NA,NA,NA,NA,NA,NA,NA,NA,NA,NA,NA
"4900002",1990,0.546919154243372,0.471292550507982,0.495576331019402,0.135133856373034,0.135085065444424,0.562863879527752,39.745221747756,17.9398631829023,12.4885235416889,0.656610045278683,0.38128041457478,0.227960250834638
"4900002",1991,0.287123544341071,NA,0.890227351891799,0.447763672227469,10.3079876852036,180.092438692451,33.0053836458921,0.382174404852444,29.7345798611641,7.23541443288326,0.0262348845754999,0.517497893365948
"4900002",1992,0.453466291375375,0.396663847563491,27.7522745370865,9.91152662038803,67.3983810186386,208.042943761945,0.464086512554643,104.764836377501,14.9664051967859,0.095244811756493,0.868117186180618,0.776072734277358
"4900002",1993,0.104778435883145,0.547011436681956,0.283154658477163,28.7434271991253,85.0408984029293,6.24426177084446,1.18938319444656,30.5275019907951,4.46018697917461,0.39950582626985,0.382167170190615,0.353664480364042
"4900002",1994,0.694562600540351,0.884684610693348,0.587131647090219,0.0151692609214709,26.6620066088438,25.0761623495817,35.1859195023775,6.24426177084446,8.82125869214535,0.491473081677527,0.0711482949857235,0.386425769299028
"4900002",1995,4.16284118056297,0.139555039217504,0.0840843861092426,14.7681746643782,0.0503394007822392,22.8956264930964,52.2337452894449,43.908062928319,3.17168851852417,0.266040130606007,0.076535720571701,0.605616743683174
"4900002",1996,0.915626355870377,0.730415053704484,0.959646918317962,15.5610967940092,3.56814958333969,10.803564016223,65.0196146297455,10.6053334838152,0.306714335186163,1.98230532407761,0.452425506232246,0.806639376430931
"4900002",1997,0.0134040872048645,0.714012551788979,0.138108734778731,0.270899675572349,35.6814958333969,218.053585648537,42.1239881366491,160.566731250286,34.6903431713581,56.9912780672312,3.46903431713581,0.234965948424918
"4900002",1998,0.626976898348694,0.141814687877751,0.386839461108676,4.46018697917461,3.96461064815521,7.43364496529102,0.498779733353705,0.462492755553875,0.991152662038803,0.646513680077829,0.388811540384336,0.037915862256877
"4900002",1999,0.801968801985428,0.347666401088584,5.45133964121342,1.4867289930582,19.3274769097567,33.2036141782999,11.3982556134462,81.2745182871818,77.4090229052305,6.44249230325222,0.0970645470541408,0.837514772258937
"4900002",2000,0.655912000105093,0.276907244601036,0.770785924721927,0.991152662038803,21.3097822338343,160.071154919267,14.3717135995626,0.571118653829112,75.7240633797646,0.192787955344647,0.848813544948188,0.793056611771309
"4900002",2001,0.927466458034834,0.572373206036882,0.978615185551218,4.46018697917461,34.6903431713581,0.491629617836297,194.761498090625,47.5753277778625,5.94691597223282,6.0460312384367,0.0480142155474166,0.820157162981103
"4900002",2002,0.28234406527335,0.149369106067608,0.991152662038803,5.94691597223282,145.699441319704,166.513647222519,133.805609375238,53.026667419076,2.87434271991253,0.606619545351688,0.67531933584937,0.491111562279736
"4900002",2003,0.905785901543179,0.0105965667197193,0.479002581081448,0.649662214367586,77.1116771066189,19.9221685069799,28.2478508681059,8.42479762732983,0.93562903805202,0.210589230086091,3.17168851852417,0.735291870012473
"4900002",2004,0.00541567353655328,0.223835563124365,10.0106418865919,47.0797514468431,4.46018697917461,34.1947668403387,71.5612221992016,70.0744932061434,5.0548785763979,0.549665448720076,7.0371839004755,0.729748067730286
"4900002",2005,0.435152620036776,0.693589238753141,9.41595028936863,0.00847477679064559,34.4921126389503,48.863826238513,27.2566982060671,76.1205244445801,13.4796762037277,1.98230532407761,15.8584425926209,0.8103722106256
"4900002",2006,0.858331605205693,0.849916926647018,0.846755601198223,0.273783479393368,0.344425219973289,63.5328856366873,99.6108425348997,9.51506555557251,0.655319467916564,56.6939322686195,0.653293705142423,0.163203744728817
"4900002",2007,0.389608271422235,0.700597788900195,0.773628904973177,0.73247470815774,3.17168851852417,71.6603374654055,1.09026792824268,19.3274769097567,0.915950148872127,0.130432438729524,0.87106430610042,0.663099052782706
"4900002",2008,0.532479371312667,0.933075330965526,1.28849846065044,9.01948922455311,35.0868042361736,29.6354645949602,41.9257576042414,70.2727237385512,0.115250650189168,0.644047212397546,0.692073092712155,0.180090729216123
"4900002",2009,0.809796345851763,0.387735981787201,0.322038768180725,0.653270086683105,0.418122547784729,97.3311914122105,21.3097822338343,58.775352858901,0.803528229996581,0.539308054381939,0.253360859131208,0.159402622018831
"4900002",2010,0.290433311665905,0.167378941455654,0.449286845928955,0.796071516664735,29.5363493287563,66.9028046876192,37.1682248264551,6.34337703704834,14.9664051967859,3.96461064815521,8.32568236112595,0.779806456939268
"5101005",1981,0.364670695132935,0.125485114196455,0.530368619870696,0.393828544520258,79.1288993372917,24.8172663784027,14.7949088025093,27.6807971143723,5.72706147193909,0.54135614875158,0.797755830106287,0.92279720233398
"5101005",1982,0.652348595524095,0.604809017669124,25.7717766237259,0.936523364859206,75.310858355999,101.178086004257,91.0602774038315,59.1796352100372,9.54510245323181,5.2498063492775,0.110458169428762,0.938677425309612
"5101005",1983,5.15435532474518,0.226921472110276,0.223066392556765,0.292222752969506,46.7710020208359,75.8835645031929,169.425568544865,49.6345327568054,24.3400112557411,0.311869214475583,0.862996357425902,0.604629499482435
"5101005",1984,0.200626902131238,0.769898268256894,4.77255122661591,0.28128773744189,23.8627561330795,13.3631434345245,438.883810799599,13.1722413854599,11.2632208948135,19.0902049064636,1.14541229438782,0.0643398790410184
"5101005",1985,5.15435532474518,0.261514160649491,18.4220477347374,0.397165695092606,10.3087106494904,1.43176536798477,54.9797901306152,6.77702274179459,0.0442956986448341,11.8359270420074,0.779153724546396,0.501183109921493
"5101005",1986,0.434109365378914,0.490128445456888,0.0713770315177948,0.477255122661591,90.8693753547668,68.1520315160751,0.535907967689467,38.7531159601212,1.14541229438782,4.77255122661591,3.53168790769577,0.0570491753769415
"5101005",1987,0.541509492712391,0.079724837214891,NA,13.6494965081215,54.9797901306152,36.7486444449425,440.124674118519,277.285226266384,14.3176536798477,15.7494190478325,0.477637316807712,0.666958273683067
"5101005",1988,0.193196901581663,0.671675771477526,0.452881949544619,0.628368391822542,6.10886557006836,9.54510245323181,36.0804872732162,17.5629885139465,7.9224350361824,0.521876191991558,8.11333708524704,2.29082458877563
"5101005",1989,0.573918178509096,0.0697541812874621,0.072638879002001,5.15435532474518,30.6397788748741,1.90902049064636,89.3421589622498,72.4473276200295,8.01788606071472,0.181651093519669,0.563055789429975,0.0358712513029881
"5101005",1990,0.457073651089004,0.395423721743314,0.286353073596954,0.341223811146273,0.954510245323181,0.190902049064636,34.3623688316345,22.3355397405624,21.2855784707069,4.29529610395431,0.259109795704766,0.823893791430155
"5101005",1991,0.62038072147184,0.170680507269089,0.321257197354533,3.91349200582504,48.6800225114822,149.667206466675,61.0886557006836,6.299767619133,59.2750862345695,0.590829365739104,0.166430295023448,0.35018441530908
"5101005",1992,0.110690262306747,0.774808939727823,28.6353073596954,56.697908572197,71.397366350174,154.153404619694,2.29082458877563,68.1520315160751,11.4541229438782,0.0192128814263269,6.68157171726227,0.757697521614443
"5101005",1993,0.628549223665348,0.405767959157559,0.692379558367053,NA,63.1885782403946,12.8858883118629,30.0670727276802,27.6807971143723,7.25427786445618,0.54133837739117,0.516371144798526,0.200758951795289
"5101005",1994,0.912791850417216,0.539178348928352,0.661398348289069,1.52721639251709,NA,13.5540454835892,43.3347651376724,5.72706147193909,0.190902049064636,0.190902049064636,0.771706366223627,0.782421080442578
"5101005",1995,28.4444053106308,0.544317682125721,0.857858740359904,5.34525737380981,4.77255122661591,29.7807196540833,21.6673825688362,19.0902049064636,14.3176536798477,0.376297198483321,0.347653985158418,0.852960891870583
"5101005",1996,0.2774516924566,0.502289043025898,0.0823903254821251,23.099147936821,1.43176536798477,18.7084008083344,57.1751636948585,19.4720090045929,0.571904928837855,0.801186295377496,0.552369831412332,0.0954510245323181
"5101005",1997,0.0386611444268352,0.667660424322084,5.72706147193909,0.847029738725504,84.6650587601662,404.3305399189,32.5487993655205,NA,15.1767129006386,60.3250475044251,0.381804098129272,0.381804098129272
"5101005",1998,0.944223693658154,0.954510245323181,1.43176536798477,17.3720864648819,7.3497288889885,13.4585944590569,0.119685787809474,0.190902049064636,6.68157171726227,0.835262173021139,0.24759937390717,0.910203925198598
"5101005",1999,0.455796113737059,0.329858902043333,5.34525737380981,9.16329835510254,13.3631434345245,50.2072389039993,8.78149425697327,64.1430884857178,68.6292866387367,NA,0.251110745816284,0.804817554908536
"5101005",2000,0.387275816237607,0.503123754034727,0.221558197992294,7.3497288889885,18.1356946611404,160.548623263359,29.398915555954,0.392315387798153,98.2191042437553,0.637200870399469,0.603753980905313,0.296431939407927
"5101005",2001,0.710119353694265,0.395359715954737,12.8858883118629,6.68157171726227,32.2624462919235,0.429464388691553,229.36881195116,53.0707696399689,8.399690158844,19.6629110536575,0.588568405772131,0.581164184973793
"5101005",2002,0.553482973735275,0.524307069854756,0.763608196258545,10.213259624958,159.880466091633,182.884163003922,155.871523061275,47.1528061189651,12.6949862627983,0.932797832555963,0.0819548370340654,0.169198076454629
"5101005",2003,3.43623688316345,0.870974636168781,0.210710816950937,0.572706147193909,79.224350361824,32.3578973164558,50.9708471002579,2.48172663784027,0.477255122661591,0.944678454025938,1.90902049064636,0.82780100764143
"5101005",2004,0.0429662699872414,0.248715732031841,14.1267516307831,49.4436307077408,2.29082458877563,34.7441729297638,82.2787831468582,97.8373001456261,23.7673051085472,1.33631434345245,5.53615942287445,0.155913289939271
"5101005",2005,0.394330110248802,0.103428743321222,11.4541229438782,7.06337581539154,31.6897401447296,81.4197239260673,8.78149425697327,117.404760174751,22.0491866669655,6.68157171726227,3.81804098129272,0.65881592726958
"5101005",2006,3.1498838095665,0.948945914703071,0.0881097435298435,0.0594582673501913,1.90902049064636,61.9477149214745,124.659038039207,6.49066966819763,0.381804098129272,36.2713893222809,0.570245533365513,0.2568370828381
"5101005",2007,0.468547760995786,0.321201106838543,0.502511044242471,0.526249922803745,5.63161044740677,113.968523291588,10.8814167966843,35.0305260033607,0.260337132102679,0.302195458831637,0.387307876914097,1.81356946611404
"5101005",2008,0.903800937712045,0.763608196258545,0.455531036778564,10.5950637230873,48.4891204624176,NA,34.9350749788284,96.2146327285767,1.81356946611404,0.728746048247572,0.892094398679315,0.615678097038169
"5101005",2009,0.556126812122974,0.717814622772554,0.588726855457123,0.278017053068688,0.954510245323181,82.0878810977936,12.7904372873306,73.6881909389496,6.39521864366531,0.571041477628943,0.738776787663324,0.863527444525439
"5101005",2010,0.136216226115105,0.782417736186573,0.797905829366614,0.703461837167777,51.0662981247902,52.3071614437103,31.3079360466003,13.8403985571861,16.513027244091,10.9768678212166,29.4943665804863,0.718978554539021
"4902002",1981,0.54901596249911,0.298302243479678,0.692863671688332,0.446698577969337,156.67947311759,42.6406161016226,0.461719724126426,0.702604251797621,1.78495602285862,0.522994339292346,0.11256348553492,0.823741577860132
"4902002",1982,0.256944370989344,0.148077958572558,18.3453813460469,0.203626466714797,82.4054697219729,116.716291050255,56.0277862730622,67.5308361981511,21.3203080508113,14.8746335238218,0.280576035324785,0.748077698551234
"4902002",1983,1.68579179936647,0.467314356166634,0.986589557151852,3.96656893968582,26.7743403428793,61.7793112356067,95.1976545524597,44.8222290184498,9.71809390223026,0.491654476350425,0.396656893968582,0.0666703774405455
"4902002",1984,0.0368007056104266,0.808352144285956,7.13982409143448,0.072591139891383,34.8066424457431,2.1816129168272,377.419034611106,19.8328446984291,43.2356014425755,2.67743403428793,9.22227278476953,0.794553804596649
"4902002",1985,0.0086947606170095,0.973600247378796,10.4122434666753,0.718256392217151,9.22227278476953,2.08244869333506,54.0445018032193,0.991642234921455,0.972713361525569,5.6523607390523,0.043713991514743,0.472739370840074
"4902002",1986,0.0433329936640461,0.796470673791479,0.404593843807913,0.297492670476437,156.67947311759,58.7052203073502,0.0381807350925211,26.4768476724029,0.198328446984291,0.451951587235558,4.06573316317797,0.578794914651202
"4902002",1987,0.260849301060002,0.336905311479822,0.498597333736211,3.37158359873295,48.392141064167,31.335894623518,388.922084536195,162.827654974103,4.06573316317797,25.0885485435128,0.740353324393569,0.658287766196899
"4902002",1988,0.124410811645563,0.302848451879078,2.1816129168272,0.121807511848324,0.669435563154343,26.2785192254186,26.3776834489107,39.1698682793975,4.46239005714655,0.0845273510702283,4.95821117460728,0.310758698379034
"4902002",1989,0.13478063891277,0.160002588805745,0.061636790141463,0.396656893968582,34.7074782222509,0.730231945456194,103.329120878816,71.3982409143448,0.88491575056243,0.438274371045091,0.6063083273099,0.951466464157208
"4902002",1990,0.319105481120693,0.000531415307596908,3.47074782222509,0.622315407702019,0.532416557799386,0.297492670476437,39.4673609498739,23.7994136381149,10.0155865727067,3.76824049270153,0.452190312087141,0.372615328158057
"4902002",1991,0.761101484720323,0.35776341286675,0.032252125101621,0.594985340952873,17.6512317816019,164.414282549977,29.2534459301829,0.495821117460728,29.8484312711358,6.34651030349731,0.876295392770825,0.0263554157570424
"4902002",1992,0.00298950940826479,0.0544989360809335,20.8244869333506,12.296363713026,78.339736558795,215.979678765893,0.788870854771946,82.6037981689572,12.3955279365182,0.827897932826172,1.48746335238218,0.726148275071622
"4902002",1993,0.0740863159600926,0.927663129890017,0.120300943928525,22.2127860622406,55.7302936025858,10.4122434666753,36.4924342451096,41.6489738667011,4.75988272762299,0.628986587910093,0.193424786309707,0.89676452524368
"4902002",1994,0.311075198819717,0.627165801152213,0.574085612763113,0.0350908577963927,25.2868769904971,19.9320089219213,57.5152496254444,8.9247801142931,6.24734608000517,0.918737527748616,0.695539906346054,0.104557592046557
"4902002",1995,4.46239005714655,0.427903541045633,0.0540868479892115,0.101654210712293,0.344248942683499,31.1375661765337,65.6467159518003,0.245735360725858,2.28077714031935,0.110453292655882,0.768646792785765,0.699254515388026
"4902002",1996,0.483992417973243,0.397859241881643,0.761968252204345,12.3955279365182,3.47074782222509,15.8662757587433,NA,NA,0.0379719465202333,0.97696736802098,0.7608097556682,0.00899729692016272
"4902002",1997,0.0488825154516018,0.232280823362106,0.500897727583892,0.722954920101608,122.96363713026,160.646042057276,47.5988272762299,141.804839593768,0.442679794497267,70.4065986794233,2.97492670476437,0.775997886875595
"4902002",1998,0.276808992136597,0.647721058004914,0.0644483816471156,8.9247801142931,11.0072288076282,6.44567452698946,0.610182229016633,0.222267168530015,0.757734192761692,0.562026372594,0.385452434811946,0.95068046522065
"4902002",1999,0.616874935297925,0.203382910369986,22.8077714031935,0.947417518831491,16.8579179936647,31.7325515174866,14.8746335238218,NA,87.2645166730881,5.94985340952873,0.950285091565003,0.0355587775026891
"4902002",2000,0.316423256621203,0.517433941911889,0.0297035858448341,0.991642234921455,16.8579179936647,186.428740165234,16.8579179936647,0.296939735144799,73.1831969372034,0.455378993719945,0.906963891722309,0.402917703312977
"4902002",2001,0.206131675378198,0.795014737501043,0.105829374931291,6.94149564445019,36.6907626920938,0.452582536475483,163.62096876204,36.6907626920938,7.43731676191092,0.0631728034796859,0.429947321787841,0.14045445701671
"4902002",2002,0.625287900907906,0.222458510530845,7.04065986794233,3.96656893968582,146.763050768375,192.378593574762,121.971994895339,70.4065986794233,0.487356646553678,0.660303011668172,0.824948776522205,0.369213427044691
"4902002",2003,0.312977777175167,0.170576520456449,0.741345195366886,0.0177548683344531,108.089003606439,22.3119502857327,24.7910558730364,9.91642234921455,0.642760013062326,0.768176349971469,0.105570354391053,0.253894316455357
"4902002",2004,0.399860532219888,0.461771824644251,13.3871701714396,36.4924342451096,6.94149564445019,40.6573316317797,85.7770533207059,72.3898831492662,3.96656893968582,0.156960428681416,11.2055572546124,0.127264622727426
"4902002",2005,0.136380429762512,0.765504736009245,10.4122434666753,0.910919212147821,35.6991204571724,64.4567452698946,18.8412024635077,92.2227278476954,8.9247801142931,8.9247801142931,14.8746335238218,0.0496434276110991
"4902002",2006,0.729737641400825,0.601528621057636,0.524963817643994,0.348541645916371,0.544767715422537,66.4400297397375,154.696188647747,10.8089003606439,0.692233727489506,41.6489738667011,0.00974866522970784,0.752449411913696
"4902002",2007,0.958173687314003,0.125788038649171,NA,0.213757903220582,7.93313787937164,77.8439154413342,6.94149564445019,25.7826981079578,0.329806594915645,0.392747507038209,0.198328446984291,0.22708956305443
"4902002",2008,0.926350234752092,0.0129432799066441,0.594985340952873,19.3370235809684,35.6991204571724,22.8077714031935,40.9548243022561,60.2918478832245,2.97492670476437,0.393384563871098,0.045005516195736,0.174818329082283
"4902002",2009,0.450552930899419,0.571653751551155,0.0445111322542603,0.111228609942686,0.916965743497658,118.699575520098,21.3203080508113,83.2979477334023,0.485767010243919,0.00422589305082056,0.310353435931693,0.788977480789598
"4902002",2010,0.0144296918230328,0.746975418283573,0.849485421144798,0.0399839829250623,29.0551174831986,61.977639682591,37.7815691505075,5.94985340952873,14.8746335238218,5.454032292068,3.96656893968582,0.607947787152574
"4902003",1981,0.244484532359765,0.729523852900118,0.860415653683856,0.641804161384198,130.217880358219,37.3765000319481,9.22876543998718,0.358640612265824,0.816272128987021,0.78929737437058,0.63760133434474,0.00446072411379784
"4902003",1982,0.239366141859575,0.587182065348296,19.9341333503723,0.566904594511596,90.4419013118744,110.652897625446,71.5229321599007,72.3535210494995,36.8227741055489,19.6572703871727,0.441071534148002,0.293535961772633
"4902003",1983,0.390361785882239,0.419264070613211,0.0725108384246266,0.594248490953338,25.6559679231644,113.236951948643,123.111730969429,37.0073494143486,6.18327284479141,0.434928269301578,0.509284849298678,0.827520025525524
"4902003",1984,0.376487440484364,0.348511644694464,7.19843704319,0.241505992566832,40.9757185535431,0.223295709591553,288.675782962799,43.5597728767395,21.59531112957,0.756774584084188,1.19973950719833,0.177110299728948
"4902003",1985,NA,NA,NA,NA,NA,NA,NA,NA,NA,NA,NA,NA
"4902003",1986,0.247127804989123,0.718271046921839,0.130169745057686,10.6130802559853,51.4965111551285,58.0489346175194,0.69726342842139,53.7114148607254,0.055210473097311,0.406578804722213,38.9453901567459,0.830937051476469
"4902003",1987,0.646531167168338,0.156454742079707,0.808129863515721,2.39947901439667,42.452321023941,19.6572703871727,329.282350898743,123.480881587029,6.5524234623909,15.6889012479782,0.877881767826195,0.443880066539299
"4902003",1988,0.888781843406069,0.259706497058861,1.66117777919769,0.708004690887267,0.217680064481081,44.4826494207382,36.730486451149,29.9012000255585,6.82928642559052,0.308445885676926,4.52209506559372,0.386725267491082
"4902003",1989,0.0947253943902108,0.396116819932302,0.751142395614221,0.564523514286632,34.9770210175514,2.58405432319641,97.5480507006645,63.8630568447113,0.577169937200668,0.556702845054237,0.664497509346538,0.800459904071307
"4902003",1990,0.555485051942792,0.884709110933938,2.12261605119705,0.511126578959822,0.346308967855458,0.726994544036555,38.0225136127472,17.8115172991753,12.4588333439827,9.13647778558731,0.921395329403943,0.661451698109792
"4902003",1991,0.0939125529204962,0.0844983650138398,0.0406378050149042,7.8444506239891,10.9822308735847,167.686668044567,25.1022419967651,0.551249285802739,42.3600333695412,17.5346543359756,0.113490445993982,0.495464745818658
"4902003",1992,0.158648265503754,0.565901819090569,23.5333518719673,10.1516419839859,116.743882815838,222.413247103691,0.263273670042939,84.9046420478821,15.0428876671791,0.800883253434633,1.66117777919769,0.330654182149771
"4902003",1993,0.785159888347461,0.43601276815786,0.899273618748734,50.8504975743294,25.5636802687645,34.7001580543518,35.3461716351509,33.869569164753,4.79895802879334,0.291190548258055,0.387128393563821,0.514592695870538
"4902003",1994,0.0722484072952847,0.863916041913592,0.501971409124848,0.721871485829773,26.7634197759628,34.6078703999519,17.9038049535751,17.257791372776,15.135175321579,2.86091728639603,0.317640528499254,0.0119404107506958
"4902003",1995,2.3071913599968,0.566908392193607,0.455797290887777,14.2122987775803,0.507396437629501,30.1780629887581,59.6178247423172,44.1134988031387,0.910125512930223,0.271856612312067,0.680134698595552,0.0369350803100517
"4902003",1996,0.0576391210406872,0.796323233494789,0.366851305847356,3.78379383039474,8.67503951358795,27.9631592831612,78.6290815486908,30.9163642239571,0.688293929868514,0.232500194284943,0.669189786774788,0.258339452938612
"4902003",1997,0.211482844358637,0.35068549447546,0.697043202616421,0.497516902173624,166.117777919769,250.099543423653,52.0502370815277,134.001674188614,46.3284025087357,61.0944272127152,1.19973950719833,0.729841424120383
"4902003",1998,0.759826889026268,0.851207981765317,0.812188970616459,11.6282444543839,4.70667037439346,1.93804074239731,0.186266044351709,0.318046866077896,0.663358004265798,0.787437169633222,0.126640455208683,0.846444702681659
"4902003",1999,0.117421516375114,0.74395083086465,0.553725926399231,1.56889012479782,33.131267929554,25.4713926143646,19.9341333503723,58.0489346175194,144.799329753399,10.1516419839859,0.56034843370414,0.519246769571796
"4902003",2000,0.902637393780433,0.593329736399728,0.696422743586563,3.23006790399551,13.1048469247818,272.156292825222,2.76862963199615,0.261132409118015,NA,0.68629570107083,0.177119504283905,0.59637196955563
"4902003",2001,0.70314942040227,0.480041111398281,0.563572708921295,6.82928642559052,33.7772815103531,0.663638701828759,150.152013708591,60.2638383231163,8.39817655038834,0.467773947434126,0.815131423190706,0.131234464767813
"4902003",2002,0.579900417063097,0.50553758423435,3.04549259519577,2.3071913599968,104.746487743855,248.161502681255,81.8591494526863,77.2447667326927,5.81412222719193,NA,0.570825368563282,NA
"4902003",2003,0.744640637235454,0.280327926709998,0.406733305960861,0.0466035306983562,106.499953177452,25.6559679231644,25.1022419967651,1.84575308799744,0.599856427031474,0.530665844789781,0.36399628848743,0.601169383943105
"4902003",2004,0.422994895027787,0.493392251000674,6.5524234623909,31.5623778047562,8.12131358718872,39.3145407743454,93.3951062526703,42.452321023941,0.908312235801812,0.651521948118313,6.46013580799103,0.90356386553159
"4902003",2005,0.400002328872997,0.418799057192967,6.73699877119064,0.683400121312674,46.3284025087357,75.3067259902954,5.99869753599167,108.807144537449,15.9657642111778,5.62954691839218,16.6117777919769,0.25682959199481
"4902003",2006,0.807676146663111,0.528585666509458,0.619464433828121,0.287702881425047,0.0885327403389861,89.4267371134758,119.143361830235,12.7356963071823,0.634188178488323,56.5723321471214,0.271661328644275,0.550509640710853
"4902003",2007,0.915597913188255,0.705760483857808,0.162309967980147,0.337777199963822,0.0458982097844805,81.8591494526863,2.76862963199615,33.9618568191528,0.061758669817064,0.543918937843212,0.494657700358594,0.191766734053153
"4902003",2008,0.899463518964839,0.825625255306722,0.600729002596943,15.6889012479782,55.3725926399231,26.7634197759628,38.7608148479462,53.5268395519257,0.196331470261102,0.372948402019589,0.079151067801515,0.163116608832582
"4902003",2009,0.224434224533179,0.578016578341105,0.683198773257682,0.505274475177728,0.405809375308916,96.8097494654656,26.3019815039635,105.669364287853,0.858775140789727,0.378717782987735,0.388633041880718,0.918757050659818
"4902003",2010,0.257885692466592,0.615298892359309,0.535072450323365,0.65057989284955,17.5346543359756,98.7477902078628,35.99218521595,3.69150617599487,16.7040654463768,8.02902593278885,8.30588889598847,0.830997812669656
"4900003",1981,1.01270321313651,0.627649492916817,0.110253388229692,0.0676848667787573,152.3460875597,58.375603644371,3.05098973751068,6.61047776460648,1.01650643731095,0.215149285770503,0.112915544445874,0.789150601076796
"4900003",1982,0.102409687097917,0.0426695915536724,24.4079179000855,0.826118762918917,66.1047776460648,203.602715149879,112.073023024559,91.6313917832374,14.7464503979683,16.2719452667236,0.517875733160622,0.555630754917727
"4900003",1983,0.140467511887929,0.16193245272532,0.840586438392296,5.28838221168518,38.0356720609665,105.56424491787,132.616353923798,59.4942998814583,26.5436107163429,0.286096214871286,0.729369922205907,0.229844860665256
"4900003",1984,0.43829635036685,0.0537585987069105,8.13597263336182,0.142137661960398,49.6294330635071,6.10197947502136,371.203751397133,44.2393511939049,54.8161156172752,4.06798631668091,7.52577468585968,0.706701291990637
"4900003",1985,0.472585671912555,0.746421701477536,21.3569281625748,0.852982733448075,13.220955529213,3.05098973751068,61.3248937239647,3.55948802709579,3.55948802709579,13.627754160881,0.305098973751068,0.12046057189012
"4900003",1986,0.591092272804763,0.4482335803524,0.885167542730104,2.03399315834045,177.97440135479,84.4107160711288,1.01699657917023,43.7308529043198,2.03399315834045,0.343553382206483,1.52549486875534,0.195344715662497
"4900003",1987,0.58142165423192,0.898923476666718,0.782322836354368,6.30537879085541,70.1727639627457,38.6458700084686,463.140242154121,255.774639661312,5.59348118543625,55.9348118543625,0.61119563901968,0.272270342530044
"4900003",1988,0.825390497607374,0.111981446930857,5.89858015918732,0.178138607938341,0.947881190795588,29.4929007959366,35.5948802709579,43.2223546147346,4.06798631668091,0.554722146443538,NA,NA
"4900003",1989,0.883490025947159,0.0631414398641524,0.903538876468174,7.01727639627457,29.4929007959366,1.52549486875534,97.6316716003418,77.8002383065224,2.54249144792557,2.03399315834045,0.432262708556752,0.260459447949183
"4900003",1990,0.177730649026307,0.869690341881614,2.54249144792557,0.646516496566072,1.01699657917023,0.391303973531936,43.2223546147346,35.4931806130409,21.3569281625748,14.2379521083832,0.0786833356845043,0.0205931119279267
"4900003",1991,0.547663246592151,0.886757380480273,0.472892832554439,1.52549486875534,44.74784948349,201.161923359871,34.5778836917877,4.27138563251495,23.3909213209152,12.0005596342087,0.765394970594337,0.902934904476128
"4900003",1992,0.193945500277457,0.501754812618182,30.0013990855217,23.0858223471642,118.581801131248,245.096175580025,0.109640600621594,70.1727639627457,28.4759042167664,0.80027605084548,1.52549486875534,0.195810058954665
"4900003",1993,0.354049129181778,0.55023412601917,0.293448297534012,48.8158358001709,123.565084369183,8.64447092294693,46.7818426418304,46.7818426418304,8.64447092294693,1.01699657917023,0.455560593562575,0.448719671243124
"4900003",1994,1.0070259301148,0.0352358336171036,0.802730337771299,0.687892706774573,30.5098973751068,21.6620271363258,49.324334089756,13.220955529213,16.2719452667236,1.01699657917023,0.347932115275256,0.137601246811105
"4900003",1995,11.6954606604576,0.558833817965677,0.157147410209499,23.5943206367493,0.918654270747496,42.7138563251495,67.6302725148201,40.171364877224,10.6784640812874,0.508498289585114,0.548582240113047,0.095265136776277
"4900003",1996,1.52549486875534,0.704278915795341,1.01359450459623,30.5098973751068,6.10197947502136,24.9164161896706,50.3413306689262,34.5778836917877,3.05098973751068,3.55948802709579,0.597316713150239,1.00419532601634
"4900003",1997,0.826846827434265,0.14042602592555,0.908096819669164,0.592501122855439,131.701057002544,279.674059271812,54.9178152751923,158.14296806097,97.0214736528397,63.5622861981392,5.08498289585114,0.711897605419159
"4900003",1998,0.816927272960171,0.0541029907049621,0.78161984365945,9.76316716003418,10.1699657917023,9.15296921253204,0.347394588354945,0.757218060013092,3.05098973751068,0.782169891690727,0.410349874516503,0.610784371469367
"4900003",1999,0.0844844218746225,0.144287208454155,8.13597263336182,0.83178514635367,9.15296921253204,50.8498289585114,19.8314332938194,93.0551869940758,118.480101473331,9.15296921253204,0.797545125957231,0.507352598815358
"4900003",2000,0.547319542936724,0.126833069595574,0.295264906174099,5.08498289585114,27.9674059271812,168.312933852673,30.5098973751068,0.126903672427241,66.1047776460648,0.769507651070008,1.00407484072094,0.98346755253415
"4900003",2001,0.329540958358859,0.207872576506639,3.05098973751068,5.08498289585114,34.0693854022026,1.01131559373184,182.042387671471,39.6628665876389,22.373924741745,7.11897605419159,0.550622120864035,0.338961352903905
"4900003",2002,0.872163452740535,0.369881965668197,13.220955529213,11.2886620287895,140.752326557159,184.076380829811,154.583480033875,76.274743437767,4.16968597459793,0.84756726617235,0.87052620861842,0.780594470065633
"4900003",2003,0.968155855346342,0.641381705671573,0.778279213195296,0.998783499592408,100.682661337852,32.5438905334473,30.4081977171898,8.13597263336182,0.37291230018098,0.636688813692519,3.66118768501282,0.99814168509445
"4900003",2004,0.942747150518947,0.381741760042718,21.3569281625748,55.9348118543625,8.33937194919586,61.0197947502136,70.4778629364967,99.6656647586823,10.6784640812874,0.425106275504508,14.4413514242172,0.548278209334526
"4900003",2005,0.48285535433644,0.712945116983122,12.2039589500427,0.715419372948657,36.1033785605431,53.3923204064369,46.2733443522453,108.818633971214,21.5603274784088,8.13597263336182,17.797440135479,0.115844931275301
"4900003",2006,0.855258102438028,0.133924680994393,0.0641578879722992,0.813597263336182,4.37308529043198,57.9688050127029,164.753445825577,14.3396517663002,1.01699657917023,38.8492693243027,0.876423451797725,0.206200845637695
"4900003",2007,0.942578122032572,0.423375806301827,0.851391828020957,0.89113591038497,4.06798631668091,126.107575817108,8.13597263336182,30.2047984013557,0.223794143837989,0.645414315348672,0.973454163960836,0.201252108047691
"4900003",2008,0.872800880504596,0.967238935377684,4.57648460626602,14.7464503979683,58.4773033022881,81.8682246232033,70.6812622523308,124.582080948353,8.13597263336182,0.847346940650923,0.740733597719255,0.562764050707242
"4900003",2009,0.658017317776253,0.234349117640598,0.794166546669367,0.128523798199989,0.406798631668091,139.837029635906,29.1878018221855,100.174163048267,5.08498289585114,0.872306269745992,0.96942458280185,0.729758511388572
"4900003",2010,0.549162831897908,0.302533192889936,0.0904448997543902,0.676039915877784,51.8668255376816,58.4773033022881,35.0863819813728,6.61047776460648,21.3569281625748,7.11897605419159,23.3909213209152,0.490580532197925
"5111002",1981,0.384458785189283,0.315692885578502,0.293897692462367,2.5076616615057,114.34937176466,32.0980692672729,16.0490346336365,17.5536316305399,9.02758198142052,0.560941587253947,0.714501181260761,0.926678196303707
"5111002",1982,0.169235231709522,0.815711102075504,20.0612932920456,0.229846398489391,81.0476248998642,140.529359510779,87.2666258203983,92.7834814757109,13.1401471062899,11.3346307100058,0.0466916919497098,0.882678698800457
"5111002",1983,2.10643579566479,0.065069474015611,0.824389155359181,27.1830524107218,28.4870364747047,82.6525283632278,161.593717467427,40.2228930505514,20.3622126914263,0.267124600657831,0.720783123920781,0.38758443928995
"5111002",1984,0.948287881531838,1.00083497827011,8.52604964911938,0.50153233230114,30.5934722703695,4.51379099071026,449.272663275361,33.4020533312559,19.1585350939035,5.31624272239208,0.802451731681824,0.738640221080117
"5111002",1985,0.219356462192241,0.522620635259751,17.5536316305399,0.303621983320755,9.02758198142052,4.41348452425003,59.4817346109152,5.0153233230114,1.50459699690342,9.93034017956257,0.107943723608728,0.845629025461991
"5111002",1986,0.399344357371934,0.5379169423126,0.461389298185084,0.188702445348349,150.359393223882,57.8768311475515,1.00306466460228,NA,1.00306466460228,0.642668416928003,0.216284668987191,NA
"5111002",1987,0.487903844425349,0.395222506743377,0.564300828051142,15.5475023013353,67.7068648606539,33.1011339318752,499.024670639634,198.606803591251,8.02451731681824,24.5750842827559,0.547728140569701,0.4372645430962
"5111002",1988,0.892188791567549,0.934055796591254,0.325102570457805,0.981645220502282,0.50153233230114,20.0612932920456,38.6179895871878,34.1041985964775,13.0398406398296,0.433524774501621,11.0337113106251,0.77875636071417
"5111002",1989,0.15549423882391,0.167132558152346,0.475685493341673,2.5076616615057,36.6118602579832,5.0153233230114,101.30953112483,63.1930738699436,6.01838798761368,0.837232709381435,0.221204740732516,0.559686921063646
"5111002",1990,0.983351824830308,0.877797168385965,1.50459699690342,0.110195150569686,0.00703915598574798,0.0660129937169346,53.2627336903811,27.5842782765627,21.565890288949,3.00919399380684,0.874363416949286,1.00214178413533
"5111002",1991,0.867411929716315,0.746227400188396,0.889665622394236,7.42267851805687,23.2711002187729,190.481979807973,52.8615078245401,4.11256512486935,56.0713147512674,8.52604964911938,0.601229767683746,0.27379434438199
"5111002",1992,0.0333855291556206,0.679751409082093,25.076616615057,33.5023597977161,77.2359791743755,200.813545853376,1.40429053044319,108.732209642887,15.0459699690342,0.201498401196026,3.71133925902843,0.911766403180502
"5111002",1993,0.267482177833973,0.856863239072103,0.434838064254236,59.381428144455,75.9319951103926,5.91808152115345,35.20756972754,34.6057309287786,5.51685565531254,0.455725479972745,0.559704948806875,0.824996753035974
"5111002",1994,0.936932653729289,0.0794445132241574,0.737575492410501,0.392591650109825,17.6539380970001,33.000827465415,48.3477168338299,8.02451731681824,3.2098069267273,0.429309689295116,0.172523381421285,0.844321242681412
"5111002",1995,14.0429053044319,0.773934483091244,0.905448029728509,8.52604964911938,1.00306466460228,34.9066503281593,57.1746858823299,38.1164572548866,NA,0.798548580989106,0.455739881708857,0.214097358547932
"5111002",1996,0.472428607256648,0.451940219305107,0.23878217549533,23.3714066852331,2.5076616615057,30.2925528709888,116.957339892626,14.3438247038126,0.234647381614137,5.41654918885231,0.13822276750383,0.500652501969188
"5111002",1997,0.0476041166432022,0.862536178119297,1.40429053044319,0.265391579679217,100.908305258989,317.570272813082,38.6179895871878,NA,25.8790683467388,56.1716212177277,0.550627202622373,0.720040177576165
"5111002",1998,0.0190158320369104,0.625359524822123,2.00612932920456,13.2404535727501,5.51685565531254,11.434937176466,0.241926876058989,0.564009146302804,4.51379099071026,0.00314959471573607,0.889048807428837,0.177027608115956
"5111002",1999,0.398370069157559,0.94128101279702,7.5229849845171,NA,18.5566962951422,45.6394422394037,9.52911431372166,78.9411891041994,94.2880784726143,NA,0.717801822550694,0.593492302654701
"5111002",2000,0.613514803107503,0.448818674180944,0.833775474609213,2.00612932920456,35.1072632610798,237.224793178439,34.5054244623184,0.021822415260639,98.2000306645632,0.19901898115547,0.919960663599366,0.829530607380321
"5111002",2001,0.448134024436776,0.692948505804581,2.20674226212502,7.22206558513641,47.1440392363071,0.983555118743303,205.026417444706,66.2022678637505,9.52911431372166,14.5444376367331,0.45870573763384,0.519604438417206
"5111002",2002,0.367105231259943,0.823281451055168,0.0903222244284967,11.2343242435455,185.366350018501,185.566962951422,170.520992982388,89.1724486831427,10.2312595789433,0.0302910013577067,0.936528232959852,0.40883522408055
"5111002",2003,0.101853502279928,0.743261475367877,0.338814664818707,4.51379099071026,95.9932884024382,31.2956175355911,34.6057309287786,6.21900092053413,0.79395752536657,0.0713060217569545,4.01225865840912,0.0209946722897142
"5111002",2004,0.945867806705149,0.0634919014521156,19.5597609597445,72.4212687842846,6.72053325283527,31.3959240020514,79.643334369421,85.2604964911938,8.02451731681824,0.903948024430875,11.0337113106251,0.858938498044362
"5111002",2005,0.0697948103083813,0.901769698903751,9.52911431372166,0.542068882074155,34.304811529398,68.3087036594152,5.0153233230114,82.9534477626085,11.0337113106251,9.3285013808012,9.02758198142052,0.0588965696354336
"5111002",2006,0.0365442045366101,0.105771602883683,0.348295523458085,1.00306466460228,4.01225865840912,69.2114618575573,115.853968761563,19.5597609597445,2.00612932920456,49.1501685655117,0.451582405315154,0.663169066416687
"5111002",2007,0.484277188989664,0.0785576480740695,0.308208754808642,0.214169133217213,3.00919399380684,105.321789783239,11.7358565758467,28.0858106088638,0.198868747782148,0.0383663679318486,0.978663257735045,0.00378734598372431
"5111002",2008,0.158689321642454,0.671995376122104,4.01225865840912,9.22819491434097,44.1348452425003,46.642506904006,57.5759117481709,100.807998792529,9.62942078018188,0.0965053750929873,0.408270144525082,0.17142737067494
"5111002",2009,0.335731051708582,0.0842394900593868,0.514282371959505,0.3256796065417,2.30704872858524,115.853968761563,16.3499540330172,87.3669322868586,4.01225865840912,0.260682669483611,0.792154435758994,0.950982759401059
"5111002",2010,0.299236154422943,0.665935746513402,0.905825934357533,0.788977314824217,37.6149249225855,61.6884768730402,42.1287159132957,5.0153233230114,30.0919399380684,8.52604964911938,20.5628256243467,0.384192030313136
"5101006",1981,NA,0.406784610747407,0.386838408921634,0.430455794015458,84.1522901391983,26.3609583568573,17.2360112333298,22.3054263019562,0.838946251254116,0.0376135448318138,0.0705452920997528,0.613188683621606
"5101006",1982,0.657536385660138,0.24157268948564,11.1527131509781,0.209884164648874,61.3399223303795,80.0967580842972,39.0344960284233,69.9579279470444,16.2221282196045,4.56247356176376,4.05553205490112,0.332505550231036
"5101006",1983,9.12494712352753,0.0580637643707958,0.917996949259847,16.7290697264671,26.3609583568573,58.2982732892036,143.97138794899,46.1316771245003,40.0483790421486,0.957364166953737,0.358578252088014,0.575235272465069
"5101006",1984,0.961745262938845,0.682418611246475,5.37357997274399,NA,32.2414798364639,11.5582663564682,328.396708145618,17.0332346305847,22.5082029047012,10.5443833427429,2.02776602745056,0.476316752406906
"5101006",1985,0.811106410980225,0.160031627026937,28.8956658911705,3.04164904117584,12.2679844660759,0.677164914391328,46.0302888231277,5.88052147960663,2.02776602745056,10.747159945488,0.491441203629876,0.438039153288155
"5101006",1986,0.152073774287212,0.475585929815177,0.526277185235534,0.266440777728957,81.1106410980225,50.694150686264,2.02776602745056,21.7984847950935,6.08329808235168,0.115462428223285,2.02776602745056,0.751932554570567
"5101006",1987,0.169992635374809,0.98654514218467,9.12494712352753,14.1943621921539,46.6386186313629,37.5136715078354,324.645340994835,175.401761374474,24.3331923294067,20.7846017813683,0.984253805072926,0.623427827574572
"5101006",1988,0.521573924112358,0.919521639561911,0.294027101364428,0.780813884132687,6.28607468509674,9.12494712352753,37.3108949050903,NA,14.4985270962715,0.287541947695821,8.11106410980225,2.5347075343132
"5101006",1989,0.421154951996342,0.603846004859044,0.57116597939506,6.08329808235168,35.4859054803848,1.01388301372528,84.1522901391983,82.1245241117477,10.1388301372528,0.857901175768302,0.482807026518798,0.799664061812875
"5101006",1990,0.593113331945626,0.706341753325768,1.01388301372528,0.447020849179352,1.01388301372528,1.01388301372528,29.4026073980331,29.9095489048958,11.1527131509781,1.52082452058792,0.414781262571447,0.565100144967073
"5101006",1991,0.988274063601498,0.857504305650153,0.102976255718058,3.2444256439209,25.4484636445045,148.939414716244,56.1691189603806,7.09718109607697,50.694150686264,5.47496827411652,0.479609106554985,0.0413684253098756
"5101006",1992,0.187900025687425,0.661545905917326,21.2915432882309,58.3996615905762,69.4509864401817,161.714340689182,5.7791331782341,47.9566665492058,12.1665961647034,0.0776944528426905,6.18468638372421,0.0391622904292366
"5101006",1993,0.702509028937454,0.585176086328513,0.47563113210931,48.1594431519508,74.5204015088081,7.40134600019455,37.2095066037178,32.444256439209,11.1527131509781,0.276931468799231,0.724592330661816,0.136568130364351
"5101006",1994,0.626622446196846,0.00191499904816288,0.891839009290182,2.5347075343132,11.1527131509781,14.1943621921539,39.744214138031,7.60412260293961,0.677436562512103,0.428959813699672,0.987762935197558,0.514756190440654
"5101006",1995,19.2637772607803,0.245428470858739,0.800219315827445,6.08329808235168,3.04164904117584,31.4303734254837,23.3193093156815,27.3748413705826,20.2776602745056,0.474934458868303,0.17735305530118,0.338712597566366
"5101006",1996,1.00033115353505,0.155683231673708,0.143822669882032,18.6554474525452,3.04164904117584,16.2221282196045,117.610429592133,13.1804791784286,0.496445095985035,5.98190978097916,0.302302951549345,0.392392929164073
"5101006",1997,0.756612241258786,0.364697365942927,7.09718109607697,1.00379729091556,92.5675191531181,278.817828774452,38.5275545215607,NA,22.3054263019562,58.8052147960663,0.995702788130889,10.1388301372528
"5101006",1998,0.280338853159224,1.01388301372528,0.210780460109955,15.4110218086243,3.04164904117584,18.2498942470551,0.995355626750204,0.974096133555118,11.1527131509781,0.0413299295665589,0.0818967683769911,0.580751731792302
"5101006",1999,0.527230148808404,0.070661155142054,6.08329808235168,5.0694150686264,NA,38.5275545215607,7.09718109607697,72.9995769882202,115.582663564682,NA,0.979338302980155,0.376028431265935
"5101006",2000,0.925492930744511,0.26531413125045,0.790043371850438,7.09718109607697,21.2915432882309,158.165750141144,71.9856939744949,0.701608441142214,93.7841787695885,0.497270530044368,0.98776257048017,0.741763252463105
"5101006",2001,0.689030604180307,0.912058627820985,15.2082452058792,10.1388301372528,30.4164904117584,0.571870213971129,116.596546578407,61.8468638372421,16.2221282196045,12.1665961647034,0.147535215759707,0.0619172818993923
"5101006",2002,0.178674193641829,0.947408778086406,2.5347075343132,12.1665961647034,132.818674798012,169.318463292122,121.665961647034,40.5553205490112,10.747159945488,0.58842053030339,0.00661513965408419,0.0454923851492654
"5101006",2003,8.11106410980225,0.961205287159942,0.819741196945082,2.02776602745056,81.1106410980225,29.4026073980331,27.3748413705826,4.05553205490112,1.01388301372528,0.317935771835444,2.02776602745056,0.656093162599846
"5101006",2004,0.393781479317346,0.366290189938374,11.1527131509781,47.6525016450882,2.02776602745056,30.6192670145035,74.0134600019455,74.0134600019455,20.2776602745056,8.11106410980225,10.5443833427429,0.10794971742348
"5101006",2005,0.187541822458293,0.605226697418144,11.1527131509781,1.01388301372528,19.770718767643,62.8607468509674,8.3138407125473,87.4981040844917,24.3331923294067,6.59023958921432,6.59023958921432,0.782618827997391
"5101006",2006,0.887225967917913,0.32521676929805,0.146836369558467,0.992330489583676,3.04164904117584,57.2843902754784,110.513248496056,12.0652078633308,0.584618881725087,41.670591864109,0.182552578050498,0.894584654669483
"5101006",2007,0.0829113996406617,0.898507741390776,0.423521539629839,0.200314949175401,0.912494712352753,84.1522901391983,10.1388301372528,36.4997884941101,0.449432994617911,0.191321742850633,0.118841084184085,0.365063634265639
"5101006",2008,0.630947190394631,0.402027874973174,0.23288430215109,17.2360112333298,44.6108526039124,16.7290697264671,36.297011891365,NA,0.719849731522415,0.982081926243501,0.620761624252267,0.823902275336044
"5101006",2009,0.70389844355356,0.682903706382887,0.332369945473207,0.665375316216695,3.04164904117584,93.2772372627258,10.1388301372528,69.9579279470444,9.32772372627258,0.249860217944946,0.263886203422363,0.0846064979458812
"5101006",2010,0.43640669312887,1.01378354077554,0.0354801650505879,0.171657854237477,54.2427412343025,42.0761450695991,24.4345806307793,14.1943621921539,22.7109795074463,11.4568780550957,40.5553205490112,0.628998983179065
"5100006",1981,0.418591860940146,0.354726646267938,0.820467778393485,0.760739236609381,94.0906913108826,27.6737327384949,30.2844622421265,33.4173376464844,7.31004261016846,0.254393167836871,3.13287540435791,0.756377327837533
"5100006",1982,0.371891240866459,0.535096987018642,9.92077211380005,0.198869937760831,64.7460916900635,101.818450641632,51.5880149917603,62.6575080871582,12.0093557167053,6.78789670944214,2.08858360290527,0.281281510244084
"5100006",1983,8.35433441162109,0.399267483765517,0.43895428203833,19.8415442276001,20.3636901283264,61.2999287452698,134.5047840271,46.9931310653687,41.6672428779602,0.468882918996078,0.856627387263913,0.718795689793015
"5100006",1984,0.488633479641283,0.955694564347976,5.7436049079895,0.522145900726318,30.8066081428528,28.926882900238,270.889293296814,23.4965655326843,18.0662481651306,8.56319277191162,2.08858360290527,0.376064283833722
"5100006",1985,0.522145900726318,0.923134239736376,22.6611320915222,1.46200852203369,14.8289435806274,0.236091661968055,41.8761012382507,6.37017998886108,4.28159638595581,13.3669350585938,0.165340892007268,0.259131849261378
"5100006",1986,0.082353163424297,0.93982843334057,0.328883899323683,0.478987474903996,74.7712929840088,45.6355517234802,1.67086688232422,22.556702911377,8.35433441162109,0.835433441162109,1.04429180145264,0.405554669640953
"5100006",1987,0.168668731273202,0.192466685079762,8.87648031234741,17.6485314445496,49.917148109436,34.8793461685181,317.255849281311,146.514139743805,17.2308147239685,25.2718615951538,0.288241838610708,0.177866247318386
"5100006",1988,0.79518937784387,0.899735952696669,0.902089442057127,0.829520365570662,2.08858360290527,7.20561343002319,29.7623163414001,11.6960681762695,18.2751065254211,0.0904571755700225,NA,1.04429180145264
"5100006",1989,0.723143169721964,0.185948805972977,0.98111035486964,5.53474654769897,39.7875176353455,0.417716720581055,58.0626241607666,76.8598765869141,7.72775933074951,0.0106746927562532,0.839142356033343,0.522145900726318
"5100006",1990,0.841820338139584,0.87551969641788,1.1487209815979,0.208858360290527,0.104429180145264,0.417716720581055,27.2560160179138,32.5819042053223,6.05689244842529,1.25315016174316,0.849623420054192,1.01228520639081
"5100006",1991,0.0543056285964318,0.892379096297887,0.961899806124967,4.28159638595581,15.455518661499,129.074466659546,56.2873280982971,5.53474654769897,50.9614399108887,5.22145900726318,0.394883689194044,0.92154097482308
"5100006",1992,0.0322086462753394,1.02978002437559,20.1548317680359,53.467740234375,67.4612503738403,161.029795783997,6.47460916900635,62.0309330062866,11.487209815979,0.00544740353652943,1.67086688232422,0.23932101586511
"5100006",1993,0.221457901926684,0.741462276965269,0.279836167777041,31.4331832237244,72.1605634803772,3.13287540435791,40.8318094367981,29.4490288009644,4.69931310653687,0.286281328608392,0.116033469493033,0.208858360290527
"5100006",1994,0.620603493420262,0.192191536530678,0.425317983386589,1.04429180145264,9.92077211380005,14.3067976799011,40.3096635360718,6.57903834915161,1.04429180145264,2.19301278305054,0.280601063733203,0.0558214745481176
"5100006",1995,15.6643770217896,0.253243284151039,0.371247440402191,8.87648031234741,2.08858360290527,26.8382992973328,32.477475025177,28.1958786392212,19.3193983268738,0.690901273136996,0.742599232244471,0.634399939754948
"5100006",1996,0.701685603508177,0.110363741225483,0.245201024768624,22.0345570106506,3.75945048522949,13.8890809593201,51.6924441719055,7.83218851089478,0.522145900726318,3.13287540435791,0.537248295570303,0.789517391992336
"5100006",1997,1.03425814194866,0.145684234698616,8.87648031234741,0.0725448341436029,85.527498538971,220.345570106506,34.043912727356,NA,13.3669350585938,34.6704878082275,0.835433441162109,5.32588818740845
"5100006",1998,0.450171023748276,3.55059212493896,1.25315016174316,15.6643770217896,15.1422311210632,16.6042396430969,0.546699070717802,0.544134129987198,9.29419703292847,0.446818223165237,0.346437905154879,0.055586989742764
"5100006",1999,0.478277139537292,0.120293427620081,6.78789670944214,5.11702982711792,7.31004261016846,34.1483419075012,3.34173376464844,81.6636188735962,82.8123398551941,NA,0.472366752087685,0.019037746677408
"5100006",2000,0.0819317056836419,0.00242727600681585,0.494998378924663,5.32588818740845,19.8415442276001,145.156560401916,59.6290618629456,0.626575080871582,93.464116230011,0.571195966203888,0.0628533120393788,0.433538149140045
"5100006",2001,0.704960220444455,0.251768142547987,16.9175271835327,11.6960681762695,31.0154665031433,4.5948839263916,113.096802097321,47.3064186058044,17.021956363678,12.7403599777222,0.412919683491823,0.272380465914401
"5100006",2002,0.0734968771255494,0.916608524855866,0.313287540435791,14.6200852203369,120.406844707489,146.305281383514,85.527498538971,43.0248222198486,10.0252012939453,0.509626687940151,0.594046863164716,0.55359303122132
"5100006",2003,1.87972524261475,1.00724826055648,0.698157044723672,6.99675506973267,42.5026763191223,27.9870202789307,21.1991235694885,2.81958786392212,1.87972524261475,0.640882555570114,3.34173376464844,0.30535093943643
"5100006",2004,0.814076014225417,0.313287540435791,10.6517763748169,45.8444100837708,5.32588818740845,36.445783870697,67.7745379142761,67.4612503738403,19.6326858673096,6.05689244842529,12.5315016174316,0.850405290318706
"5100006",2005,0.745636534918764,0.241830212628631,12.3226432571411,3.34173376464844,15.455518661499,35.8192087898254,10.7562055549622,56.4961864585877,26.8382992973328,11.2783514556885,6.47460916900635,0.466072357504663
"5100006",2006,0.961255931015758,0.939862621307373,0.138059373539119,0.626653249297584,2.61072950363159,55.034177936554,116.229677501678,24.2275697937012,0.405964812959091,47.0975602455139,0.12091709388785,0.704253562617625
"5100006",2007,0.480725337038069,0.221154007780784,0.557887286146038,0.997913229806823,2.19301278305054,99.2077211380005,13.6802225990295,34.7749169883728,0.292636488550465,1.01788052605187,0.5819573997863,0.195851731305006
"5100006",2008,0.585635348629006,0.96034534102015,0.926310165847828,18.7972524261475,47.2019894256592,21.3035527496338,29.9711747016907,82.6034814949036,2.92401704406738,0.688551123833747,0.204435953568445,0.579940527260773
"5100006",2009,0.944424071715203,0.108660837238399,0.449321331381583,0.254472966926604,3.75945048522949,97.9545709762573,17.5441022644043,64.4328041496277,12.6359307975769,1.56643770217896,0.777571789354148,0.657131247252443
"5100006",2010,0.661281876070055,0.609591755897165,0.150624019564701,0.21392214859174,46.6798435249329,37.9077923927307,22.556702911377,13.5757934188843,30.2844622421265,8.77205113220215,32.3730458450317,0.320374571223568
"5100005",1981,0.566055402982156,0.90596515702013,0.803644023117307,2.08811544418335,60.1377247924805,33.9318759679794,25.0573853302002,33.9318759679794,12.0066638040543,0.837791302323327,0.524999123354743,0.560747108868049
"5100005",1982,0.977201669826855,0.828461500119345,9.39651949882507,0.14796932034261,70.473896241188,96.5753392934799,65.2536076307297,80.8100676898956,15.6608658313751,8.87449063777924,0.258988463991425,0.0424655713829059
"5100005",1983,8.3524617767334,0.756630648006253,0.90843353708202,12.0066638040543,24.0133276081085,69.9518673801422,NA,50.1147706604004,34.9759336900711,0.0731765878597145,2.08811544418335,0.273128941350917
"5100005",1984,0.953035602535365,0.451542449016965,6.26434633255005,1.00264032482179,34.9759336900711,34.4539048290253,251.617911024094,22.447241024971,25.0573853302002,22.9692698860168,0.841897492768852,0.703993825309412
"5100005",1985,1.04405772209167,0.539287710727956,24.5353564691544,0.348227995409336,16.182894692421,0.848898398195314,65.2536076307297,10.4405772209167,2.71455007743835,13.5727503871918,0.537264790097016,0.82447398043883
"5100005",1986,0.233993166196953,0.0358931140449638,0.384037470678144,0.90435863433116,87.7008486557007,48.026655216217,1.56608658313751,27.6675296354294,7.83043291568756,1.56608658313751,1.35727503871918,0.240840822716024
"5100005",1987,0.635880339243342,0.288027218105217,17.7489812755585,25.579414191246,41.762308883667,42.2843377447128,361.243971843719,169.659379839897,17.2269524145126,37.5860779953003,0.00566831810082437,0.158596129718511
"5100005",1988,0.335652459456053,0.971254874980884,0.208811544418335,0.946531930285843,3.65420202732086,8.87449063777924,48.3398725328445,14.5124023370743,9.39651949882507,0.198526541432317,9.39651949882507,2.61014430522919
"5100005",1989,0.099284842158224,0.657245857040147,0.84388216802232,5.22028861045837,46.147351316452,0.313217316627502,65.0447960863113,111.922987808228,12.5286926651001,0.183660131652889,0.448142923786447,1.04263412019463
"5100005",1990,0.341829370508653,0.163862172111409,2.29692698860168,0.73542540048887,3.65420202732086,1.04405772209167,30.6952970294952,36.3332087287903,15.1388369703293,1.46168081092834,0.716844813985267,0.516629572293587
"5100005",1991,0.887187075345706,0.711097245101173,1.01048937207441,6.99518673801422,54.0821900043488,143.035907926559,87.1788197946548,15.1388369703293,63.6875210475922,5.42910015487671,0.85146212053552,0.522028861045837
"5100005",1992,0.723966722612158,0.387492169249164,19.8370967197418,77.2602714347839,85.6127332115173,167.049235534668,7.30840405464172,65.7756364917755,16.7049235534668,0.914715688495832,5.74231747150421,0.82056406923479
"5100005",1993,0.242348245219524,0.212453540786558,0.542417671571823,45.4165109109879,98.6634547376633,8.24805600452423,43.9548301000595,31.3217316627502,12.5286926651001,0.245861841978146,0.208811544418335,0.866653301102155
"5100005",1994,0.510325358398673,0.465131025483368,0.342063972672887,2.61014430522919,15.0344311981201,25.0573853302002,49.2795244827271,8.3524617767334,1.56608658313751,5.22028861045837,0.472643915191102,0.104293919691327
"5100005",1995,16.7049235534668,0.811472080638953,0.455441505584344,15.6608658313751,0.51888065129532,47.5046263551712,38.630135717392,34.9759336900711,21.4031833028793,1.04405772209167,0.140662369975487,0.105060394190127
"5100005",1996,0.231085282618673,0.787562273007139,0.928855933462592,34.4539048290253,3.13217316627502,22.447241024971,41.762308883667,19.8370967197418,3.65420202732086,3.65420202732086,0.0515263853202927,0.858671565621685
"5100005",1997,0.918643427090836,0.569243567995581,8.87449063777924,0.0620737406908276,98.1414258766174,258.40428621769,36.5420202732086,131.029244122505,22.447241024971,13.5727503871918,2.61014430522919,8.3524617767334
"5100005",1998,0.0414551953642758,8.3524617767334,0.000394914741077506,26.6234719133377,17.9577928199768,26.1014430522919,0.757106496919374,0.158313992544752,18.7930389976501,0.760299399244048,0.0470670974555141,0.850724701691571
"5100005",1999,0.585374194235254,0.735544467731438,10.9626060819626,2.61014430522919,12.5286926651001,37.5860779953003,4.69825974941254,93.9651949882507,87.7008486557007,NA,0.309350755710816,0.951441263691691
"5100005",2000,0.447567428224613,0.607030901826453,0.883440128572391,12.5286926651001,30.2776739406586,175.401697311401,67.8637519359589,NA,108.582003097534,0.233174629649044,0.000755808255829562,0.371282288822981
"5100005",2001,0.817980024928083,0.0669724941501688,20.8811544418335,19.8370967197418,41.8667146558762,3.13217316627502,203.591255807877,81.4365023231506,0.568625439063387,15.6608658313751,0.266745053212337,0.566764863473337
"5100005",2002,0.979110890126032,0.505198061029971,4.1762308883667,12.5286926651001,126.330984373093,177.489812755585,156.608658313751,129.463157539368,21.9252121639252,0.522028861045837,0.337883088383577,0.648947842344541
"5100005",2003,5.22028861045837,0.816225296205381,0.0486730318699971,15.6608658313751,62.6434633255005,43.8504243278503,55.3350592708588,6.26434633255005,2.08811544418335,0.9598297756661,2.08811544418335,0.39468249444211
"5100005",2004,0.782635020322824,1.04405772209167,15.6608658313751,41.762308883667,5.22028861045837,55.8570881319046,69.4298385190964,57.4231747150421,16.7049235534668,8.3524617767334,12.5286926651001,0.221921122223603
"5100005",2005,0.262408724682206,0.852674253311769,17.7489812755585,4.90707129383087,24.326544924736,67.341723074913,17.7489812755585,70.3694904689789,34.4539048290253,6.26434633255005,10.4405772209167,0.477025527730031
"5100005",2006,0.684391891711064,0.206675692296353,0.324165926296152,0.140548759343428,2.08811544418335,62.6434633255005,124.242868928909,19.7326909475327,0.300659562899316,45.6253224554062,0.592570633593459,0.708324092910695
"5100005",2007,0.649663185337514,0.167458234500451,0.129999781599367,0.981940458569185,2.50573853302002,93.4431661272049,20.8811544418335,32.2613836126327,0.0584381122237765,1.00870952451724,0.676625987819972,0.942197579767906
"5100005",2008,0.116258593603964,0.65783334951212,0.293327898683388,18.7930389976501,50.1147706604004,21.4031833028793,39.256570350647,86.656790933609,0.833881958001976,0.0313189300954435,0.517915148708789,0.0930681457616697
"5100005",2009,0.879678758621307,0.120545434150507,0.89597423979199,0.426648583114116,3.13217316627502,105.032206842422,NA,NA,12.4242868928909,1.04405772209167,0.870537377332622,0.458251365616701
"5100005",2010,0.454952905943239,0.455266170373165,0.71091313414731,0.470046196419611,50.9500168380737,40.0918165283203,26.9366892299652,16.7049235534668,25.579414191246,9.08330218219757,39.6741934394836,0.402644334090453
"5111001",1981,0.839816477852116,0.498441385187253,0.382941496986323,0.0615143239950058,120.583106815815,42.4369732141495,NA,0.310514438152313,8.79790908098221,0.621112390840961,0.144486841864217,0.796236531481534
"5111001",1982,0.817177316882965,0.738405642868319,19.6659144163132,0.0646996419863115,83.8388983011246,128.86349183321,92.0157785058022,93.154331445694,8.79790908098221,9.83295720815659,0.168237675639687,0.0800600587160767
"5111001",1983,0.450519941092659,0.00425811028628844,0.313223876479619,4.6577165722847,38.296780705452,77.6286095380783,124.723299324512,72.4533689022064,17.5958181619644,0.132145316482194,0.0705365358544516,0.561328271048661
"5111001",1984,0.112674444603844,0.461017546126763,5.69276469945908,0.167466406607062,41.9194491505623,8.79790908098221,396.423432707787,39.8493528962135,45.1280983448029,6.83131763935089,3.10514438152313,0.206478378974191
"5111001",1985,0.944577611766243,0.495737328958399,8.28038501739502,0.0501959523208938,14.4906737804413,3.10514438152313,64.794012761116,1.03504812717438,1.03504812717438,NA,0.326056795364422,0.425050527793571
"5111001",1986,0.316853499070585,0.55036367139665,0.535910501140122,1.55257219076157,160.949983775616,59.6187721252441,1.03504812717438,32.0864919424057,1.03504812717438,0.759059211433459,1.02526752218626,0.608698526009028
"5111001",1987,0.344258816060499,0.671781868392749,0.9774000790964,5.17524063587189,67.2781282663345,30.0163956880569,421.264587759972,195.624096035957,3.10514438152313,25.8762031793594,0.7292211829069,0.876941325741862
"5111001",1988,0.45587196797416,0.0125457719358784,0.824449042020766,0.37288451782546,0.454724960596924,25.8762031793594,32.0864919424057,39.3318288326263,7.24533689022064,0.762470971965477,6.21028876304626,0.962622130917539
"5111001",1989,1.01661637947232,0.843937091250031,0.788828425002336,5.17524063587189,25.8762031793594,3.10514438152313,104.539860844612,74.5234651565552,4.14019250869751,0.479675389101619,0.661041875894591,0.105282077000749
"5111001",1990,1.02919420320078,0.000926586235692001,5.17524063587189,0.169914231407376,1.01976853494388,0.999071721039833,32.0864919424057,36.5371988892555,10.4539860844612,4.14019250869751,0.745912859996932,0.561432149944453
"5111001",1991,0.00273327710107845,0.620538934386564,0.695019078698861,2.58762031793594,9.3154331445694,174.92313349247,49.6823101043701,1.03504812717438,34.1565881967545,9.3154331445694,0.18720523364031,0.402832646187462
"5111001",1992,0.666643204028696,0.32595012651673,38.296780705452,19.6659144163132,89.0141389369965,196.659144163132,1.03504812717438,91.0842351913452,18.6308662891388,0.585509593173261,4.14019250869751,0.575649953043466
"5111001",1993,0.344171880272445,0.635839269910641,0.107688435216146,44.5070694684982,85.9089945554733,6.21028876304626,52.7874544858932,37.2617325782776,10.3504812717438,0.532344778737981,0.14282567674075,0.121566179158482
"5111001",1994,0.461810697376067,1.027546664186,0.53449324557937,0.201548957869764,27.9462994337082,24.8411550521851,55.8925988674164,9.3154331445694,8.28038501739502,1.03504812717438,1.01725334595124,0.250451674100985
"5111001",1995,10.3504812717438,0.471090221508335,0.3291730766864,11.3855293989182,1.03504812717438,26.9112513065338,52.7874544858932,46.577165722847,6.21028876304626,1.03504812717438,0.579741024087267,0.515264176762088
"5111001",1996,0.310911486649351,0.692600763236904,0.859045877549933,23.8061069250107,2.07009625434875,25.8762031793594,66.2430801391602,22.7710587978363,1.03504812717438,5.17524063587189,0.511705642396167,0.858234884537744
"5111001",1997,0.971658008167198,1.0170483316003,2.07009625434875,0.702447509147436,165.6077003479,281.533090591431,38.296780705452,NA,65.2080320119858,74.5234651565552,5.17524063587189,0.634433277060611
"5111001",1998,0.467257236318216,0.0580619764949336,1.00733504188336,10.3504812717438,10.3504812717438,15.5257219076157,0.397766522259749,0.148364771861228,5.17524063587189,0.582006594201274,0.243982138095023,0.959320107770619
"5111001",1999,0.890158499108466,0.131918627166777,9.3154331445694,1.03504812717438,8.28038501739502,44.5070694684982,11.3855293989182,86.9440426826477,103.504812717438,NA,0.821264426036015,0.35664467389148
"5111001",2000,0.860171212613584,0.740048625467737,0.464935756792365,6.21028876304626,23.8061069250107,200.799336671829,25.8762031793594,2.07009625434875,81.7688020467758,2.07009625434875,0.216921173756044,0.737579436581227
"5111001",2001,NA,0.794779991267668,0.396795050018952,6.21028876304626,34.1565881967545,0.283223803729407,173.888085365295,53.8225026130676,7.24533689022064,8.28038501739502,0.129826450502889,0.785408986499553
"5111001",2002,0.97373359501604,0.179324084394044,4.14019250869751,7.24533689022064,161.467507839203,223.570395469666,137.661400914192,55.8925988674164,5.17524063587189,0.93914606993014,0.950957327322819,0.0397325831800941
"5111001",2003,0.643774546440883,0.71743074664787,0.920158032520995,2.07009625434875,83.8388983011246,36.2266844511032,38.296780705452,5.17524063587189,0.0116054475307151,0.0797333798573529,4.14019250869751,0.62756587420064
"5111001",2004,0.264011360152838,0.502137823957194,20.7009625434875,65.2080320119858,7.24533689022064,41.4019250869751,84.873946428299,81.7688020467758,10.3504812717438,0.276852812285186,14.4906737804413,0.264987244696419
"5111001",2005,0.115751089666953,0.735503366063606,14.4906737804413,0.546433325874178,33.1215400695801,71.418320775032,27.9462994337082,101.434716463089,11.3855293989182,9.3154331445694,17.5958181619644,0.605103445369837
"5111001",2006,1.02440842618115,1.00522937502966,0.592164441799336,2.07009625434875,7.24533689022064,72.4533689022064,151.117026567459,21.7360106706619,0.729411087850016,53.8225026130676,0.121389725605641,0.197068770352317
"5111001",2007,0.914081617775815,0.618547885225114,0.173739128219193,0.130216620588843,11.3855293989182,83.8388983011246,12.4205775260925,23.2885828614235,0.468303267535312,1.55257219076157,0.517524063587189,0.490286365181937
"5111001",2008,0.915721382423456,0.0174044725674071,6.72781282663345,17.5958181619644,38.8143047690392,29.4988716244698,42.2299635887146,86.4265186190605,6.21028876304626,0.983233371355217,0.265359907032906,0.695394151908527
"5111001",2009,0.0591979416681392,0.82394135994159,0.913121818894272,0.390238211677745,1.03504812717438,125.758347451687,23.8061069250107,77.6286095380783,22.2535347342491,0.827722933333438,0.518726794331278,0.353447411426134
"5111001",2010,0.631175928328766,0.509021747708809,0.701976446120789,0.679018501637491,40.8844010233879,76.5935614109039,48.6472619771957,6.21028876304626,21.7360106706619,6.21028876304626,7.24533689022064,0.284946661564856
"5110003",1981,0.356102315740999,0.349009383224118,0.344325108770252,0.498166665167853,101.132436770439,27.3749701166153,9.2971596622467,11.363195142746,3.0990532207489,0.609586781644239,0.0875472716101097,0.0702543221859324
"5110003",1982,0.716844657324265,0.82006470168242,8.26414192199707,0.199246659764482,57.8489934539795,93.4881054925919,38.2216563892365,80.0588748693466,9.40046143627167,4.13207096099854,0.560508537945453,0.307108209632782
"5110003",1983,2.06603548049927,0.841970839929742,0.631937490097623,9.2971596622467,23.2428991556168,61.981064414978,111.56591594696,29.9575144672394,26.8584612464905,0.385929594040244,0.720267989455893,0.957246595924138
"5110003",1984,0.0785231040962509,0.757979097423558,5.68159757137299,0.392021742894754,29.4410055971146,4.13207096099854,293.067132908821,23.9660115737915,33.5730765581131,7.43772772979736,1.0035138278273,0.514606564174139
"5110003",1985,0.132091734767241,0.182270951181105,12.4995146570206,0.403244408732135,9.91697030639648,0.206603548049927,49.4815497579575,0.206603548049927,0.61981064414978,11.363195142746,0.061665541893818,0.408963679838687
"5110003",1986,0.214995736666318,0.578999867544601,0.189002315596141,0.733853348166402,139.147489611626,45.7626858930588,0.819745576381638,25.308934636116,0.348919393826098,2.58254435062408,2.06603548049927,0.500039546845287
"5110003",1987,0.996385879710918,0.488179522007253,0.439674652737302,8.78065079212189,60.4315378046036,30.4740233373642,354.325084905624,167.142270372391,6.71461531162262,23.1395973815918,0.369155072424937,0.448365865395239
"5110003",1988,0.499682275600823,0.163351514364649,0.211042804175074,0.324395190598189,0.954005250915396,15.7018696517944,24.4825204439163,19.627337064743,6.71461531162262,0.68242623826341,8.78065079212189,0.236740489856957
"5110003",1989,0.303746576909691,0.00116183728499397,0.119824506387907,2.27263902854919,29.2344020490646,7.43772772979736,66.0098336019516,59.6051236124039,6.71461531162262,0.959296305128346,0.213399661836505,0.503689319873411
"5110003",1990,0.673379022613402,0.535184937893854,1.54952661037445,0.885192899950138,0.350583805163774,0.896707233772778,27.2716683425903,NA,9.09055611419678,NA,0.363443996735033,0.772044842143628
"5110003",1991,0.562041655697137,0.539247913708378,0.906909147647002,3.40895854282379,18.2844140024185,121.792791575432,37.0853368749619,NA,NA,6.09480466747284,0.787730307036316,0.128001714606919
"5110003",1992,1.03293048818908,0.913233860509972,29.1311002750397,24.2759168958664,67.662661986351,153.713039749146,2.58254435062408,58.5721058721542,16.7348873920441,0.241697970360693,0.367888936112486,0.434757577605082
"5110003",1993,0.411430490148043,0.587005590145736,0.692262683792894,55.6796561994553,65.5966265058517,2.58254435062408,45.9692894411087,28.201384308815,4.64857983112335,0.653853073734602,0.908914281615916,0.553434239815502
"5110003",1994,0.703195425882896,0.1801117710869,0.263971390459871,0.00339349945850564,19.627337064743,10.6400827245712,48.8617391138077,4.44197628307343,4.64857983112335,0.542076803701758,0.966331710986687,0.792540090373299
"5110003",1995,11.8797040128708,0.79828270906114,0.608387343189255,9.81366853237152,1.54952661037445,31.5070410776138,35.4325084905624,32.0235499477386,6.1981064414978,0.927758910542214,0.764173828486718,0.755230480134024
"5110003",1996,0.516508870124817,0.888239005765016,0.764614874620327,19.833940612793,1.03301774024963,30.0608162412643,56.299466843605,6.50801176357269,0.393742117041728,0.30990532207489,0.784278825618345,0.434822958144447
"5110003",1997,0.123864115860722,0.318891109187941,1.54952661037445,0.667092249570028,88.3230167913437,220.859192865372,24.2759168958664,NA,24.2759168958664,26.8584612464905,1.54952661037445,0.267484596300272
"5110003",1998,0.26085284730207,0.103301774024963,0.127139870603653,2.16933725452423,2.06603548049927,3.0990532207489,0.342087470441387,0.623436566528778,4.13207096099854,0.675172330051799,0.242197554531811,0.882130012219394
"5110003",1999,0.0157801068744843,0.766645807772395,10.7433844985962,0.413207096099854,6.50801176357269,25.308934636116,1.34292306232452,79.025857129097,77.9928393888474,NA,0.581900955324793,0.671019015125814
"5110003",2000,0.799990217168825,0.421958941612486,0.745934924406741,0.103301774024963,11.7764022388458,151.647004268646,29.9575144672394,0.60209144464541,70.7617152070999,0.190681356933478,0.927565828796473,0.414010789684718
"5110003",2001,0.335120953561181,0.0509207205103354,1.03301774024963,5.16508870124817,30.0608162412643,0.265710193350727,155.572471681595,34.0895854282379,6.71461531162262,6.71461531162262,0.132829621710723,0.201001459519846
"5110003",2002,0.720049874577419,0.524248617614809,0.443503748908892,9.2971596622467,94.0046143627167,230.362956075668,110.532898206711,39.2546741294861,2.06603548049927,0.762995356964023,0.943956699854299,0.697966381106425
"5110003",2003,2.06603548049927,0.224931189582663,0.843066913529902,3.0990532207489,66.1131353759766,21.7966743192673,25.308934636116,0.516508870124817,0.149239943714719,0.0896084677223326,1.03301774024963,0.535637706162264
"5110003",2004,0.571182118323466,0.207259892786475,18.0778104543686,36.1556209087372,6.50801176357269,34.0895854282379,73.344259557724,65.0801176357269,6.1981064414978,0.268545442404411,18.5943193244934,0.693908333269001
"5110003",2005,0.307992286175031,0.723793949494627,11.363195142746,0.846375422279835,23.7594080257416,57.8489934539795,11.363195142746,67.1461531162262,13.4292306232452,3.0990532207489,9.2971596622467,0.121717108151359
"5110003",2006,0.945227874541698,0.154670253146634,0.207974566598332,0.502738911061338,6.1981064414978,70.8650169811249,116.731004648209,24.8957275400162,0.314849737678899,47.5188160514832,0.606519259849618,0.305682295646681
"5110003",2007,0.737818092265211,0.768507731681822,1.01398035932803,0.666849294935442,8.26414192199707,86.7734901809692,11.363195142746,22.2098814153671,0.383568040261243,0.795961598415008,0.817571255908181,0.43990777522899
"5110003",2008,0.746327282203569,0.568644087933724,4.13207096099854,14.4622483634949,40.2876918697357,41.3207096099854,30.990532207489,87.8065079212189,3.0990532207489,0.563921763262414,0.979535420972571,0.891390106426462
"5110003",2009,0.745282504397839,0.238484364795306,0.653566323865197,0.84188148718336,1.03301774024963,108.466862726212,18.5943193244934,63.0140821552277,5.16508870124817,0.87918959225983,1.02267740840025,0.0838468658961924
"5110003",2010,0.0884922526482938,0.480827472514766,0.464064070536204,0.440222498806461,39.2546741294861,49.5848515319824,25.8254435062408,8.26414192199707,21.6933725452423,5.16508870124817,14.4622483634949,0.0783702836516317
"5111004",1981,0.602375214108699,0.321519644764375,1.00277006198729,0.500780783577667,123.91609954834,35.1095615386963,14.4568782806396,0.865759208153194,10.3263416290283,0.855618611526329,0.530660518861776,0.641421429431407
"5111004",1982,0.421607342146212,0.127922859157617,15.4895124435425,0.264921641298242,100.165513801575,153.862490272522,96.0349771499634,70.2191230773926,15.4895124435425,8.26107330322266,0.601948132601102,0.497123605747242
"5111004",1983,2.06526832580566,0.95289020562574,0.611652958139904,0.0424092373182271,15.9025661087036,98.6165625572205,106.877635860443,46.1587470817566,15.2829856109619,0.756804841454847,0.148707915361612,0.573572934148398
"5111004",1984,0.458291115827709,0.00414648834206197,2.16853174209595,0.326846074124131,39.8596786880493,14.2503514480591,267.039194526672,46.675064163208,52.5610788917541,2.16853174209595,0.919997107668086,0.907206206790956
"5111004",1985,0.162622093219181,0.358698827195541,12.7014002037048,0.461460332914212,16.9352002716064,0.398463833256501,62.2678400230408,9.29370746612549,4.02727323532104,10.0165513801575,0.646632748657814,0.532362051574253
"5111004",1986,0.875073970778133,0.831904673585806,0.0408409238421018,2.58158540725708,173.792329616547,72.0778645706177,0.665242491419707,31.3920785522461,4.64685373306274,0.732974223861268,7.74475622177124,0.872767747178613
"5111004",1987,0.65530812554707,0.185302297586713,0.872705900937345,7.53822938919067,70.2191230773926,30.7724980545044,349.95971780777,179.678344345093,7.43496597290039,29.533337059021,NA,NA
"5111004",1988,0.40514549864503,0.474466724423332,0.37696324941497,0.956054877885184,1.13589757919312,24.9897467422485,40.5825226020813,38.4139908599854,5.05990739822388,1.00647312158157,4.75011714935303,0.929370746612549
"5111004",1989,0.635478712578592,0.0282950889935253,0.354597134119233,3.82074640274048,21.5820540046692,3.0979024887085,86.8445331001282,85.1923184394836,6.71212205886841,0.594522638932377,0.791446324500201,0.130357122674624
"5111004",1990,0.450780287699455,0.6551837209142,4.3370634841919,0.535417264019381,0.432748890349573,0.56836255259461,29.3268102264404,39.2400981903076,19.1037320137024,6.71212205886841,0.55570555160798,0.150955872465411
"5111004",1991,0.972234590842164,0.302402074860897,0.603668105246713,2.27179515838623,32.3214492988586,144.258992557526,44.6097958374023,3.30442932128906,30.5659712219238,9.50023429870605,0.222263274703442,0.622569325706253
"5111004",1992,0.36403465516052,0.0289975360980193,35.3160883712769,25.9191174888611,76.1051378059387,179.781607761383,0.166833527652019,75.5888207244873,18.7939417648315,0.771538834177412,0.417985696337775,0.154226332709364
"5111004",1993,0.564077040822683,0.304944643171894,0.874962116532633,46.1587470817566,88.1869575119019,10.4296050453186,52.6643423080444,43.8869519233704,18.7939417648315,0.622710538241041,0.689481194475755,0.55811947003343
"5111004",1994,0.831168161075473,1.02338620969247,0.412555845534945,0.380346302982789,30.4627078056335,14.1470880317688,42.7510543441772,14.2503514480591,12.1850831222534,0.378779491706287,0.0882858216067667,0.47440044828001
"5111004",1995,8.46760013580322,0.0683056467493719,0.906058407988515,14.1470880317688,0.0854776183363753,43.8869519233704,47.9142251586914,42.5445275115967,2.58158540725708,0.968633396154417,0.032215236629245,0.424387269297689
"5111004",1996,0.111362184481477,0.828410827025551,0.315860327198946,19.0004685974121,1.02226571856142,38.0009371948242,58.7568838691711,20.8592100906372,0.863286091810555,7.43496597290039,0.764515316192539,0.484675379973643
"5111004",1997,0.0817760597395806,0.713875732710452,0.772325058002743,0.87610797675704,143.226358394623,219.538023033142,47.1913812446594,128.769480113983,60.4090985298157,66.1918498420715,0.448351004426203,0.676457891920727
"5111004",1998,0.893751348827789,0.921828937444344,0.583040566742645,0.521500315219007,13.0111904525757,5.98927814483643,1.00037807740742,0.806909667356859,8.77739038467407,0.802973622323375,0.119562740786214,0.514948863946298
"5111004",1999,0.542743598808588,0.102720338765097,8.77739038467407,0.938042939646446,8.26107330322266,39.5498884391785,17.141727104187,87.0510599327087,89.6326453399658,0.752129476182607,0.576682161825846,0.316360888339445
"5111004",2000,0.390743591816977,0.535892091576337,0.0539440908592841,2.89137565612793,30.4627078056335,172.346641788483,23.1310052490234,0.836031782158253,81.5780988693237,0.594702923563936,0.637199709932076,0.486322498341862
"5111004",2001,0.408510125503301,0.417201436575939,0.463027760650355,2.37505857467651,0.946314987237273,0.838656725970593,156.237548847198,45.229376335144,10.5328684616089,0.252224922182449,0.0447746121917345,0.581978005266469
"5111004",2002,0.759753260682334,0.756111105569418,3.30442932128906,13.2177172851563,139.405611991882,188.558998146057,122.057358055115,55.1426642990112,7.74475622177124,0.104483087314326,0.565878754477831,0.538962352705293
"5111004",2003,0.0965106595450589,0.733005242311952,0.250244972830631,7.53822938919067,86.6380062675476,28.9137565612793,44.5065324211121,5.36969764709473,0.705330119854158,0.40117604914469,3.30442932128906,0.901158108518862
"5111004",2004,0.105031911426268,0.0820638360346691,21.1690003395081,62.1645766067505,5.78275131225586,47.0881178283691,88.4967477607727,69.0832254981995,13.2177172851563,0.310858903343708,15.2829856109619,0.104310423316446
"5111004",2005,0.419172772563246,0.636984119281674,9.39697088241577,0.0573177566411795,31.9083956336975,80.8552549552917,16.2123563575745,84.7792647743225,12.2883465385437,8.46760013580322,14.7666685295105,0.653069373984106
"5111004",2006,0.248583497492462,0.829262539349204,0.13581325211326,0.20098194252282,4.75011714935303,68.1538547515869,146.117734050751,26.1256443214417,0.237933465976112,66.2951132583618,0.478737566908199,0.710615952557637
"5111004",2007,0.914962219960059,0.367843123342534,0.885160721194177,0.598105902194062,5.36969764709473,119.165982398987,8.67412696838379,22.5114247512817,0.307627266352638,0.536484257321043,0.642834652817974,0.144218878622037
"5111004",2008,0.917753549210589,0.17399155188902,6.71212205886841,18.1743612670898,49.9794934844971,56.1752984619141,51.7349715614319,91.4913868331909,11.0491855430603,0.629116568511901,1.01437284389892,0.967186596394346
"5111004",2009,0.347631031511857,0.405813335050992,0.820645365963304,0.788579391668071,1.13589757919312,129.079270362854,23.1310052490234,86.5347428512573,1.8587414932251,0.251318592352138,0.402536309896559,0.978117223797378
"5111004",2010,0.67649884272874,0.96443432313185,0.428678728318313,0.221185354871044,55.5557179641724,63.3004741859436,39.5498884391785,8.57086355209351,18.0710978507996,8.46760013580322,11.1524489593506,0.125844729952668
"5120004",1981,0.965761920053576,0.0463545211529373,0.122189571968601,0.0938546256541299,NA,36.0775964260101,13.4002501010895,1.54618270397186,7.73091351985931,1.54618270397186,0.61385258314804,0.839993651507208
"5120004",1982,0.896656287762068,0.0942391628406567,20.1003751516342,0.478685586011642,112.871337389946,212.342424678803,166.472337794304,64.8365947198868,33.5006252527237,15.4618270397186,1.54618270397186,0.284208016398168
"5120004",1983,0.515394234657288,0.0220453410994094,0.103078846931458,10.3078846931458,43.8085099458694,104.625029635429,171.110885906219,69.165906291008,10.3078846931458,3.60775964260101,0.0879267272271397,2.06157693862915
"5120004",1984,0.515394234657288,0.713234247460934,5.36010004043579,0.865855277295777,50.4055561494827,10.4109635400772,362.528304657936,61.950387005806,110.706681604385,22.4711886310577,19.9972963047028,1.03078846931458
"5120004",1985,4.74162695884705,0.178509903686089,7.5247558259964,0.126571610957024,34.1190983343124,6.8032038974762,89.0601237487793,3.19544425487518,6.70012505054474,15.1525904989243,0.0903615029307138,1.23694616317749
"5120004",1986,1.34002501010895,1.34002501010895,0.58965319022238,5.25702119350433,188.11889564991,70.1966947603226,0.698709584779492,39.5822772216797,3.91699618339539,1.54618270397186,5.56625773429871,0.0621474809043306
"5120004",1987,0.52291661706917,0.152170418964316,0.240512992946152,5.25702119350433,42.2623272418976,28.0374463653564,424.787928204536,205.436141934395,7.62783467292786,47.0039542007446,1.00555897462819,0.847870746412142
"5120004",1988,0.41584231351251,0.00685341336127622,0.740050428560065,0.976260078236711,0.929107862332945,24.7389232635498,35.6652810382843,NA,0.987451152584919,0.581828533930147,17.5234039783478,0.999870458306183
"5120004",1989,0.4185631345944,0.511024418825206,0.644606684821878,0.578957508424751,36.5929906606674,0.25464237463944,113.077495083809,64.8365947198868,3.19544425487518,0.357185499180368,0.305892297267196,0.944498646160813
"5120004",1990,NA,NA,NA,NA,NA,NA,NA,NA,NA,NA,NA,NA
"5120004",1991,NA,NA,NA,NA,NA,NA,NA,NA,NA,NA,NA,NA
"5120004",1992,0.0527184704224602,0.404718420204348,25.7697117328644,15.1525904989243,108.954341206551,201.828382291794,2.06157693862915,72.6705870866776,19.7911386108398,0.82577750268383,7.73091351985931,0.48050406983646
"5120004",1993,0.054986391281999,0.0938861651414785,0.0998000668184617,38.6545675992966,67.9289601278305,10.823278927803,46.3854811191559,40.9223022317886,6.18473081588745,2.06157693862915,0.117104727170428,0.993647827251905
"5120004",1994,NA,NA,NA,NA,NA,NA,NA,NA,NA,NA,NA,NA
"5120004",1995,NA,NA,NA,NA,NA,NA,NA,NA,NA,NA,NA,NA
"5120004",1996,NA,NA,0.780033802629188,8.34938660144806,5.66933658123016,14.9464328050613,26.9035790491104,20.718848233223,0.0114057612613979,8.76170198917389,0.664335869074035,0.955926322223936
"5120004",1997,0.737695086332773,0.245993431211361,0.232240586573173,0.376709097526829,184.717293701172,205.1269053936,55.6625773429871,NA,46.3854811191559,69.5782216787338,5.66933658123016,1.01417299794099
"5120004",1998,0.392298264166121,0.290593522150696,0.930949201996128,18.0387982130051,13.9156443357468,11.3386731624603,0.550121742699084,0.14873404955819,6.18473081588745,0.495906124504072,0.877885918085257,0.730554370957671
"5120004",1999,0.414310350984307,0.531655790574969,7.21551928520203,0.237030139786055,14.4310385704041,39.6853560686111,19.0695866823196,68.032038974762,106.686606574059,NA,0.028079018188584,0.801123946660329
"5120004",2000,0.200540943236581,0.855547644592131,0.746725016400062,1.03078846931458,12.3694616317749,148.227381887436,14.9464328050613,0.966665051227811,89.1632025957108,0.88820488522842,0.1537148175281,0.149244814293863
"5120004",2001,1.00031828590665,0.377574589875501,1.02963778046456,14.3279597234726,46.3854811191559,0.637251948291206,159.566055049896,52.4671330881119,16.4926155090332,0.746740772343786,0.598880245745584,0.0904851790489728
"5120004",2002,0.773399492645328,0.0256103788459626,0.807770459640603,0.361671928195936,144.825779938698,233.988982534409,120.602250909805,42.7777214765549,1.23694616317749,0.644383776258053,0.345634703077,0.992965417289307
"5120004",2003,0.655781771387189,0.93887661488134,0.706721737762033,0.789709764549008,72.1551928520203,47.4162695884705,43.9115887928009,13.9156443357468,0.693077159377145,0.543726478581411,0.82463077545166,0.402437089392707
"5120004",2004,0.151634092159944,0.890212932616163,15.4618270397186,29.3774713754654,10.823278927803,54.1163946390152,90.2970699119568,67.0012505054474,3.91699618339539,0.527244827369856,15.9772212743759,0.0294082589608597
"5120004",2005,0.411550444362022,0.962396210955069,10.3078846931458,0.495330443360265,32.9852310180664,91.2247795343399,16.4926155090332,92.7709622383118,10.823278927803,4.94778465270996,10.823278927803,0.287545535917361
"5120004",2006,1.00220826067612,1.01802141371539,0.896899656972812,1.02933504482585,2.78312886714935,65.9704620361328,183.480347537994,17.5234039783478,0.206157693862915,47.4162695884705,0.0937094669726014,0.163305704791785
"5120004",2007,0.564337158325081,8.2463077545166,0.651712605601259,0.850220395379769,0.82463077545166,102.5634526968,8.34938660144806,28.1405252122879,0.529338963170113,0.317345120920499,0.892635199324416,0.659034840728018
"5120004",2008,0.236413194149634,0.335162119922517,4.32931157112122,15.9772212743759,54.6317888736725,33.5006252527237,42.0561695480347,37.623779129982,0.229790110605677,0.0204364365260248,0.375127801254834,0.584295486078795
"5120004",2009,0.18839998444113,0.186539607325943,0.0673710831268953,0.212452223332388,0.605568837055565,135.033289480209,23.1927405595779,80.4015006065369,0.769341697778783,0.435685677116847,0.0567450562804759,0.491618378298857
"5120004",2010,0.949467132174591,0.53308027140707,0.695434684876638,0.836924793988419,37.623779129982,77.5152928924561,38.6545675992966,9.27709622383118,21.1311636209488,6.70012505054474,10.3078846931458,0.379131635914112
"5200006",1981,0.867922350615817,1.02867819927326,0.615231101951811,0.528613136926657,113.24476061821,44.5465172100067,22.0049060916901,27.3719563579559,18.7846759319305,0.503123509538415,2.14682010650635,0.139246361833024
"5200006",1982,0.0152453821906898,0.926591722022687,13.9543306922913,0.311574246792896,78.3589338874817,176.575953760147,95.5334947395325,81.0424590206146,22.0049060916901,16.1011507987976,2.14682010650635,0.757482070367765
"5200006",1983,11.8075105857849,0.0200271274936504,0.862061676539336,18.247970905304,32.2023015975952,114.318170671463,136.323076763153,63.3311931419373,55.3879587478638,0.702269277847732,0.911544977186948,1.07341005325317
"5200006",1984,1.06401889413285,0.52192008337293,5.36705026626587,1.07341005325317,33.2757116508484,10.7341005325317,363.886008052826,24.688431224823,35.9592367839813,13.4176256656647,3.22023015975952,0.986490606910194
"5200006",1985,0.536705026626587,0.46421010793491,23.6150211715698,1.61011507987976,17.7112658786774,0.422697411474286,68.1615383815765,2.68352513313293,1.61011507987976,17.1745608520508,0.13771982415695,0.926302886546271
"5200006",1986,0.0975969308844443,0.8162978432747,0.64401862702225,0.90992944426762,116.035626756668,60.6476680088043,1.61011507987976,28.9820714378357,12.8809206390381,0.536705026626587,4.83034523963928,0.744997179211503
"5200006",1987,0.138390062998799,0.633014951300311,11.2708055591583,24.688431224823,37.5693518638611,46.6933373165131,402.52876996994,201.801090011597,16.6378558254242,36.4959418106079,0.95689099409072,0.450589690498346
"5200006",1988,0.312845951982873,0.11087396745354,1.04272497817955,0.679819674095679,1.61011507987976,9.66069047927856,45.6199272632599,29.5187764644623,28.9820714378357,0.208780906520318,10.1973955059052,0.536705026626587
"5200006",1989,1.61011507987976,0.359193475090018,0.627037631526808,9.12398545265198,48.3034523963928,2.68352513313293,72.4551785945892,128.809206390381,8.0505753993988,0.077147255492358,0.957813537200092,0.791057210426955
"5200006",1990,0.742433403875972,0.735571266332909,2.68352513313293,1.07341005325317,3.22023015975952,3.22023015975952,35.9592367839813,50.4502725028992,22.0049060916901,1.61011507987976,0.438741698738527,0.956607424736644
"5200006",1991,0.462555006245541,0.650075023104761,0.627590258720194,9.12398545265198,39.1794669437408,147.593882322311,99.8271349525452,12.3442156124115,67.0881283283234,8.0505753993988,0.896707459932919,0.36880481640619
"5200006",1992,0.968860582267386,1.01294718193321,16.5305148200989,81.5791640472412,128.272501363754,176.575953760147,13.9543306922913,60.6476680088043,16.6378558254242,0.375822241452823,9.66069047927856,0.769508284292483
"5200006",1993,0.200499560877637,0.192746239532631,0.180625987423337,55.817322769165,99.2904299259186,8.58728042602539,45.6199272632599,34.3491217041016,9.66069047927856,0.536705026626587,1.04165795572601,0.558133199583582
"5200006",1994,0.311849211556489,0.329657578077194,0.0405382638893029,0.536705026626587,18.247970905304,16.1011507987976,44.5465172100067,11.2708055591583,4.2936402130127,3.75693518638611,0.846296710692128,0.940273461255843
"5200006",1995,18.247970905304,0.694177423386911,0.292109895855656,15.0277407455444,4.2936402130127,46.6933373165131,43.4731071567535,37.5693518638611,20.9314960384369,1.07341005325317,0.44155921514749,0.786610545057124
"5200006",1996,0.997589330004787,0.904197846796001,1.01367828321363,32.7390066242218,1.61011507987976,33.2757116508484,47.2300423431397,19.8580859851837,2.68352513313293,1.07341005325317,0.0248048512895827,1.61011507987976
"5200006",1997,0.978925470400814,0.568490340387236,15.0277407455444,0.0877474939091381,124.515566177368,304.311750097275,46.6933373165131,149.203997402191,33.2757116508484,59.5742579555511,2.68352513313293,6.44046031951904
"5200006",1998,0.176610213872995,8.0505753993988,1.07341005325317,33.2757116508484,25.7618412780762,26.8352513313293,0.0123649144887803,1.04527113696003,12.3442156124115,0.541603974204541,0.179083376215288,0.0988339073084257
"5200006",1999,0.327004262416884,0.298191216984307,12.8809206390381,2.14682010650635,11.8075105857849,0.0294088432827296,8.0505753993988,91.4545365371704,110.561235485077,10.1973955059052,1.01953569154949,0.736481859135895
"5200006",2000,1.00744488034057,0.787914034673136,0.342805400333989,10.7341005325317,19.8580859851837,183.982483127594,72.025814573288,0.0095725802964697,NA,1.07341005325317,2.14682010650635,0.982508191299542
"5200006",2001,0.870712760153002,0.262109956019692,0.754033184103282,12.3442156124115,35.9592367839813,0.429016148222259,123.978861150742,56.8907328224182,18.7846759319305,20.3947910118103,0.179714168499322,0.715476512741205
"5200006",2002,0.532487668882105,0.954997792993375,3.22023015975952,18.7846759319305,160.260120950699,162.621623067856,102.510660085678,69.7716534614563,18.7846759319305,0.112334952890572,0.915229370660606,1.06964446862417
"5200006",2003,6.97716534614563,0.606660283029846,0.481616515193621,0.111904240015776,91.2398545265198,38.6427619171143,38.6427619171143,5.36705026626587,3.22023015975952,0.680519723973502,4.2936402130127,0.419045421735248
"5200006",2004,0.696654089896132,0.405632429937342,29.7334584751129,51.5236825561523,10.1973955059052,54.7439127159119,88.0196243667603,92.3132645797729,38.6427619171143,5.36705026626587,30.0554814910889,0.0785459981674505
"5200006",2005,0.907912342215716,0.287990264405826,21.4682010650635,2.14682010650635,34.8858267307281,100.363839979172,16.6378558254242,115.606262735367,34.2417806987762,8.0505753993988,8.58728042602539,0.047590069559536
"5200006",2006,0.237778905287317,0.446101923582227,0.932930388110878,0.78562390475898,3.75693518638611,67.0881283283234,156.503185764313,18.7846759319305,1.61011507987976,37.7840338745117,0.917671057981233,1.0221662969791
"5200006",2007,0.471113322281911,0.821167923025153,0.362965124094642,0.229243226754123,12.0221925964355,129.345911417007,19.8580859851837,39.7161719703674,0.0651186290632984,0.975625250186468,0.903925215311237,0.326530508095385
"5200006",2008,0.77966999999834,0.30277568576171,2.14682010650635,25.2251362514496,93.9233796596527,62.2577830886841,41.8629920768738,111.63464553833,3.75693518638611,0.670966442712065,1.06700156849461,0.469347449079921
"5200006",2009,0.941598410489093,0.602205814571803,0.00790655323392637,0.0132385624607148,6.97716534614563,122.368746070862,37.5693518638611,79.4323439407349,10.4120775165558,0.127915235569855,0.785986076068679,0.846191625421997
"5200006",2010,0.407388509166463,0.195931155635298,0.459595921842567,0.0952243247121408,55.817322769165,64.4046031951904,31.6655965709686,11.8075105857849,35.1005087413788,9.12398545265198,36.4959418106079,0.201699479505482
"5120003",1981,0.92603418202064,0.945845286017146,0.855973321010666,0.92531129564232,149.189101076126,33.9533816242218,8.23112281799316,4.11556140899658,4.11556140899658,0.982783086184009,0.495478477970062,0.171820023585148
"5120003",1982,0.298987420352995,0.679779111781181,31.8956009197235,0.960406556674696,87.3527909059525,139.929087905884,85.3978992366791,72.0223246574402,10.2889035224915,10.2889035224915,0.928106237317931,0.150666913190482
"5120003",1983,1.02889035224915,0.878091574317178,0.232656090086139,3.18956009197235,33.1302693424225,83.9574527435303,131.800854123116,37.4516088218689,3.90978333854675,0.828422809638684,0.90897623900709,0.85799438104749
"5120003",1984,0.852650946480849,0.858187941590585,1.23466842269897,0.383054166434083,58.6467500782013,7.40801053619385,340.048261418343,33.6447145185471,68.8327645654678,11.0091267690659,0.298920218329076,0.470787311311249
"5120003",1985,0.0105671602429471,0.674666497526754,14.7131320371628,0.221352195860756,18.8286934461594,2.67511491584778,73.3598821153641,0.667694860685815,0.28073576954645,9.67156931114197,0.810574055957929,0.966800690810435
"5120003",1986,0.469669969802973,0.793976143025731,0.997152377376004,2.36644781017303,198.575837984085,77.1667764186859,0.987149353504559,34.0562706594467,5.6588969373703,0.102131552330723,4.11556140899658,0.629257675818519
"5120003",1987,0.198322460934977,0.179535257482831,0.240634258376436,4.63000658512115,65.4374264030457,26.6482601232529,405.074131680489,197.444058596611,7.20223246574402,26.0309259119034,0.211313329440603,0.76623909971899
"5120003",1988,0.468449511615353,0.727515586979538,4.63000658512115,0.31377502848882,0.713544769489579,22.9442548551559,29.7349311800003,36.6284965400696,3.60111623287201,0.895905440084679,4.9386736907959,1.54333552837372
"5120003",1989,0.865816413379169,0.299340296976577,0.69590858377863,4.11556140899658,30.3522653913498,3.18956009197235,99.2879189920425,86.8383457298279,3.80689430332184,0.147366759507698,0.692418665576189,0.666705562023409
"5120003",1990,0.0329591033418146,0.631632266709646,2.36644781017303,0.101793773799859,0.753868585911029,0.157682619693149,31.8956009197235,34.1591596946716,19.4460276575088,6.17334211349487,0.241484622245626,0.00632119016522303
"5120003",1991,0.988717192633968,0.0928156717051296,0.964688761456268,0.759640694437613,25.6193697710037,163.07912083149,48.4607355909348,0.690777239265175,24.8991465244293,13.6842416849136,0.412515203274755,0.65919404134264
"5120003",1992,1.01754467781022,0.340579287552019,37.7602759275436,18.8286934461594,71.7136575517655,188.595601567268,2.67511491584778,70.993434305191,19.1373605518341,0.529805673333424,3.08667105674744,0.169271126800673
"5120003",1993,0.231798018224387,0.206865142420257,0.240246433231629,47.5347342739105,110.708601902008,12.5524622974396,46.4029548864365,40.5382798786163,3.08667105674744,1.02889035224915,0.251458771089611,1.02483693729293
"5120003",1994,0.763106544088314,0.0485184567452889,0.495113020281294,0.056762096578537,23.0471438903809,13.7871307201386,77.3725544891358,9.05423509979248,9.8773473815918,0.611573685269932,0.480876780597169,0.508577570754156
"5120003",1995,7.71667764186859,0.133352502631011,1.0041350427119,13.3755745792389,0.122637250520764,47.5347342739105,61.1160869235992,40.7440579490662,5.76178597259521,0.322765086883548,0.784234098520567,0.161692269225279
"5120003",1996,0.981131936246127,0.10156638490502,1.02635426554654,22.9442548551559,2.16066973972321,22.4298096790314,54.8398557748795,25.4135917005539,0.775308452745686,4.2184504442215,0.594144551963749,0.93615231384678
"5120003",1997,0.619194413371932,0.580385753378487,0.95550984838014,0.418024015198233,137.356862025261,260.309259119034,45.8885097103119,NA,45.1682864637375,39.715167596817,2.46933684539795,0.486260520663209
"5120003",1998,0.70019769882728,0.81621330773665,0.645364876422366,2.98378202152252,14.404464931488,11.2149048395157,0.896388995162478,0.653039290491334,2.26355877494812,0.640667922901502,0.530674596178242,0.812779882392926
"5120003",1999,0.401139128308104,0.590939589449804,10.803348698616,2.05778070449829,7.20223246574402,51.2387395420074,14.1986868610382,80.9736707220078,101.242810661316,NA,0.890540603717083,0.545376840979477
"5120003",2000,0.257025198197303,0.559408431736255,0.134826070251681,3.18956009197235,19.9604728336334,219.668090205193,20.474918009758,0.919235288441415,80.4592255458832,0.00715089318388602,1.0011238156178,0.544444954356776
"5120003",2001,0.641195405823164,0.0566612578486361,0.561657440033987,3.70400526809692,40.0238347024918,0.656058144607654,170.075575226784,48.8722917318344,9.36290220546722,6.3791201839447,0.833195955765294,0.0474714453988877
"5120003",2002,0.317928123436741,0.160450741981658,2.05778070449829,5.35022983169556,115.441497522354,218.742088888168,135.813526496887,62.659422451973,3.39533816242218,0.877898803354625,0.749704223629623,0.985322913093224
"5120003",2003,0.57122325691792,0.228408123299129,0.986162201753806,0.557990346761579,67.4952071075439,42.5960605831146,42.6989496183395,3.60111623287201,0.291130956464534,0.888246199089832,4.63000658512115,0.604843483760429
"5120003",2004,0.447371166784174,0.589888101977066,23.0471438903809,46.1971768159866,8.23112281799316,50.8271834011078,97.8474724988937,66.7749838609696,9.26001317024231,0.815235926805534,23.8702561721802,0.59978001897822
"5120003",2005,0.406153315934107,0.982557865760972,26.1338149471283,0.943192693783124,34.0562706594467,79.1216680879593,30.5580434617996,120.38017121315,11.2149048395157,6.58489825439453,12.7582403678894,0.123665148556169
"5120003",2006,0.858403801076359,0.251482990562388,0.61652442114003,0.123700269558582,2.16066973972321,70.4789891290665,152.584439238548,31.4840447788239,0.348502780743656,55.5600790214539,0.420519822273617,0.629681916053749
"5120003",2007,0.848709980633938,0.360739369139072,0.89902485887746,0.305786391788311,2.05778070449829,113.89816199398,9.26001317024231,22.2240316085815,0.400303349160545,0.4583849117209,0.927441749715435,0.435198691801659
"5120003",2008,0.506853471335942,0.0221813076370179,8.64267895889282,22.5326987142563,44.1393961114883,48.15206848526,57.0005255146027,105.975706281662,5.35022983169556,0.92658265206974,0.863920686796249,0.902711589612024
"5120003",2009,0.106062802456154,0.126529273393766,0.526402083881102,0.429793152988378,0.19175586908971,127.993959819794,20.9893631858826,76.6523312425613,3.18956009197235,0.802102818096404,0.0559807539306651,0.364020859638845
"5120003",2010,0.456862662722788,0.698216188007765,0.220509855480965,0.747260695122642,34.3649377651215,80.4592255458832,43.2133947944641,6.68778728961945,20.8864741506577,5.35022983169556,12.6553513326645,0.633194425937772
"5120006",1981,0.503309624139921,0.808627539475352,0.457812147322811,0.239327450450222,224.404848313332,52.6863556909561,5.85403952121735,0.975673253536224,3.41485638737679,0.183831206401008,0.713303171255293,0.804520914247304
"5120006",1982,0.837408968791612,0.874036532294277,33.1728906202316,0.782316047057001,87.5178908421993,120.007810184956,67.8092911207676,53.6620289444923,23.9039947116375,20.9769749510288,0.891074990807547,0.125194011116417
"5120006",1983,1.95134650707245,0.944706901709248,0.298323603087762,3.41485638737679,32.6850539934635,102.445691621304,110.738914276361,73.1754940152168,11.7080790424347,0.0851581487401241,0.64943114379556,0.805944859436767
"5120006",1984,0.854418976728772,0.327162834953437,8.29322265505791,0.487836626768112,72.3949554123878,26.7334471468925,272.212837736607,43.8077290837765,36.0999103808403,12.6837522959709,15.6107720565796,0.630245530359911
"5120006",1985,0.173938305407068,0.163352865128649,8.78105928182602,0.194628098604968,13.171588922739,6.82971277475357,50.2471725571156,1.95134650707245,0.487836626768112,9.36646323394775,0.487906972323092,0.0489939726811288
"5120006",1986,0.21632691736685,0.526700910635336,0.418477031307067,5.36620289444923,113.178097410202,67.8092911207676,0.431589293961118,79.5173701632023,0.975673253536224,0.557829225682824,35.1242371273041,0.731657253502908
"5120006",1987,0.115203866220981,0.181866498087146,0.487836626768112,3.41485638737679,69.2728010010719,22.4404848313332,384.415261893272,133.667235734463,15.1229354298115,24.3918313384056,0.039833689298986,0.663425457679185
"5120006",1988,0.831778667906655,0.759507850281454,5.36620289444923,0.975673253536224,1.46350988030434,40.9782766485214,25.8553412187099,52.6863556909561,7.31754940152168,0.320875796245143,5.85403952121735,0.487836626768112
"5120006",1989,0.744529454411498,0.782280154502039,0.385760689293599,2.92701976060867,31.2215441131592,6.34187614798546,93.6646323394775,71.7119841349125,1.46350988030434,0.483451590886855,0.731490710603103,0.363702052217234
"5120006",1990,0.794479296346311,0.730800876646039,1.95134650707245,0.21613989107904,2.92701976060867,0.934782902512106,42.9296231555939,15.0253681044579,19.5134650707245,NA,NA,NA
"5120006",1991,0.849123347720845,0.467454604601892,0.0346571755686798,4.39052964091301,18.5377918171883,167.718232282877,25.3675045919418,0.850663281466413,33.1728906202316,22.4404848313332,0.250298605811962,0.249521833594812
"5120006",1992,0.804186523148231,0.76782127463426,31.7093807399273,7.41511672687531,139.033438628912,221.965665179491,0.487836626768112,82.9322265505791,19.0256284439564,0.874197074133173,1.95134650707245,0.66073660075272
"5120006",1993,0.190976151251934,0.53973630600758,0.051373219889197,53.1741923177242,50.2471725571156,14.1472621762753,40.0026033949852,39.5147667682171,5.36620289444923,1.95134650707245,0.110347368939633,0.124802012149732
"5120006",1994,0.572521604452076,0.387673543870627,0.141792757265198,1.46350988030434,41.9539499020576,18.5377918171883,52.198519064188,19.0256284439564,9.75673253536224,0.589511286427706,0.415340503233174,0.0900785693486099
"5120006",1995,1.46350988030434,0.170932797732461,0.0188089509425986,17.562118563652,0.854745463792065,44.8809696626663,39.1244974668026,39.026930141449,4.39052964091301,1.95134650707245,0.524230109368394,0.184163600932556
"5120006",1996,0.168202061274458,0.044752770987345,NA,1.07324057888985,11.2202424156666,10.7324057888985,53.6620289444923,38.5390935146809,0.865124022510404,7.31754940152168,0.902821366838344,0.687159703317518
"5120006",1997,0.503470391555283,0.656507944336167,0.131182637831087,0.161660323111628,79.0295335364342,271.725001109839,61.4674149727821,NA,38.0512568879127,89.7619393253326,0.525722838569412,0.190381863352962
"5120006",1998,0.720158630625385,0.317112823699739,0.816443156323633,7.80538602828979,7.80538602828979,4.39052964091301,0.384716831361324,0.189960093517703,0.312713855007464,0.227303886604194,0.187960608491375,0.208668846029595
"5120006",1999,0.496641495915259,0.0921824942338247,13.171588922739,3.41485638737679,20.4891383242607,47.807989423275,20.0013016974926,89.7619393253326,105.372711381912,NA,0.707713854638179,0.861003121904059
"5120006",2000,0.785726044001199,0.588854617435858,0.197532535529004,5.75647219586372,10.7324057888985,210.745422763824,8.78105928182602,0.347540065493896,68.1019930968285,0.975673253536224,0.647288217125696,0.0877871749734867
"5120006",2001,0.862762014069343,0.0467355581304171,0.755124450908609,7.02484742546082,29.1726302807331,0.65888076681756,197.378699190378,48.8812300021648,12.1959156692028,0.854506139883824,0.95282640753864,0.743523533761037
"5120006",2002,0.026352392861707,0.165176105422671,0.327272557345174,1.95134650707245,136.886957471132,256.211796378613,82.8346592252255,64.3944347333908,6.14674149727821,0.157828495451514,0.175269290376209,0.300504480896604
"5120006",2003,0.792046127730729,0.543476098697061,0.308697966719916,0.629669169770005,67.2238871686459,43.1247578063011,42.9296231555939,5.85403952121735,0.129327321154347,0.648105339815787,0.682971277475357,0.0880742704341902
"5120006",2004,0.768442649200886,0.441205360383937,4.19539499020576,36.5877470076084,7.51268405222893,56.6866160304546,87.4203235168457,58.4428278868198,3.12215441131592,2.04891383242607,21.952648204565,0.763249499603814
"5120006",2005,0.293532820796775,0.685464305815937,11.7080790424347,0.666376005113273,46.0517775669098,77.8587256321907,21.2696769270897,101.762720343828,15.1229354298115,5.95160684657097,11.0251077649593,0.367735673813545
"5120006",2006,0.665325697920326,0.177707975960606,0.568675386921683,0.375198777117549,7.70781870293617,76.8830523786545,168.59633821106,24.1966966876984,0.39026930141449,46.9298834950924,0.139265613448783,0.609740454073844
"5120006",2007,0.174120033033196,5.36620289444923,0.788189808100228,0.181387983390311,1.95134650707245,92.5913917605877,6.34187614798546,29.5628995821476,0.975673253536224,0.805617223818986,0.506348950338144,0.394571017709237
"5120006",2008,0.459307142056646,0.222357579903702,4.68323161697388,16.6840126354694,68.492262398243,27.0261491229534,32.4899193427563,60.8820110206604,0.0392849930614786,0.838531763493707,0.514887240578923,0.597149310082555
"5120006",2009,0.626925008218407,0.49894818133069,0.950608208751057,0.63326604420787,0.531819935079012,112.202424156666,19.5134650707245,71.321714833498,0.39026930141449,0.552283104119212,0.875878616969058,0.565884686878098
"5120006",2010,0.26133009458656,0.476890113533904,0.767043567172087,0.146849504885484,37.0755836343765,102.445691621304,35.6120737540722,3.41485638737679,20.4891383242607,7.61025137758255,7.31754940152168,0.109917624419772
"5200007",1981,0.909213253717626,0.161085749781077,0.597359846143209,0.290741147296677,136.138881328583,34.248775177002,28.3622669434547,28.0411846761703,9.6324680185318,0.908676861583651,0.76452712028974,0.303104138231428
"5200007",1982,1.00238313876752,0.268847425140609,15.6260036745071,0.922073510552104,93.863049469471,226.148943590641,115.268533955097,61.7548227410317,55.6542596626282,17.980606967926,5.67245338869095,0.342484581112687
"5200007",1983,11.45193419981,0.462357244126697,1.05601741715395,20.6562925286293,39.4931188759804,118.372329205513,137.744292665005,56.4034516196251,48.5904497823715,0.577137979563734,0.400544057723888,0.35886635602068
"5200007",1984,0.22690169059159,1.0389079558894,4.60217916440964,0.882880129107307,26.7568556070328,14.4487020277977,318.727663990974,27.1849652967453,46.556928756237,20.5492651062012,7.70597441482544,0.00280273213035478
"5200007",1985,0.730862117855468,0.37027176170223,18.6227715024948,0.895420365032988,21.5125119080544,1.3913564915657,66.7851115951538,6.31461792325974,0.695550098120649,17.8735795454979,0.386880724540174,0.33256506975676
"5200007",1986,NA,NA,NA,NA,NA,NA,NA,NA,NA,NA,NA,NA
"5200007",1987,0.388546408113547,0.536650926258469,0.309569377143577,27.0779378743172,25.6865813827515,49.018559472084,420.296687875271,270.779378743172,20.6562925286293,46.0217916440964,1.01375979658975,0.806972586001239
"5200007",1988,0.351125660980601,0.739518129844549,0.757374724459015,0.247270283290606,8.99030348396301,9.95355028581619,46.2358464889526,43.0250238161087,16.8033053212166,0.920717456554586,9.52544059610367,1.60541133642197
"5200007",1989,0.34814086871,0.991581405985848,0.507468723923676,9.20435832881927,NA,3.21082267284393,91.9365558657646,139.242676578999,10.9167970876694,0.864518500760248,0.410883553863947,0.373841481107429
"5200007",1990,1.06710492853666,0.121681206981556,2.99676782798767,0.107027422428131,7.81300183725357,1.07027422428131,34.248775177002,52.7645192570686,32.64336384058,4.70920658683777,1.01291598646458,0.61706454904012
"5200007",1991,0.355181425639489,0.386674334726054,0.423532921462061,8.88327606153488,42.5969141263962,176.167137316704,116.659890446663,1.17730164670944,82.1970604248047,9.09733090639114,0.434156143105022,0.321082267284393
"5200007",1992,0.986334947575957,0.640976367232411,18.9438537697792,94.719268848896,119.656658274651,190.829894189358,0.27509693823651,58.0088629560471,19.8000731492043,0.641612352941462,10.1676051306725,1.0458992693636
"5200007",1993,0.711848673089546,0.960536043385785,0.0498050383066901,61.5407678961754,123.295590637207,6.42164534568787,45.4866545319557,32.1082267284393,9.09733090639114,1.60541133642197,0.953143555433622,0.119588687570893
"5200007",1994,0.488982207952162,0.763187977002921,0.0235928501223821,1.07027422428131,22.4757587099075,23.4390055117607,66.2499744830131,12.8432906913757,3.21082267284393,13.4854552259445,1.06757324024557,0.145399245005519
"5200007",1995,17.124387588501,0.16762639363746,0.0270202630886392,12.3081535792351,4.28109689712524,64.2164534568787,44.09529804039,40.5633931002617,32.7503912630081,0.369936996314322,0.111702141326619,0.795525766746232
"5200007",1996,0.0311634218478907,0.264366533856726,0.0558662629415878,24.0811700463295,3.85298720741272,21.7265667529106,40.9915027899742,27.3990201416016,5.88650823354721,2.67568556070328,0.591730738983531,3.21082267284393
"5200007",1997,0.0614691179062003,0.921726735823464,26.970910451889,0.930117920830003,125.222084240913,369.672717066765,43.8812431955338,56.7245338869095,30.7168702368736,72.2435101389885,0.291541340985493,8.56219379425049
"5200007",1998,0.830557792139495,0.982690947832893,1.60541133642197,0.0827129047986174,0.972695648274457,20.7633199510574,0.665578632433657,0.945427462434968,12.2011261568069,0.688285054011005,0.675852232820491,0.659526363034539
"5200007",1999,0.391837828185503,0.281607135736562,13.6995100708008,4.8162340092659,0.176990489991924,43.0250238161087,9.6324680185318,110.666354790688,108.097696652412,NA,0.182012305227069,0.347364938659011
"5200007",2000,0.640694664675331,0.0842048510166124,0.694906083923234,9.6324680185318,36.9244607377052,208.168336622715,87.2273492789269,0.529116593372127,96.324680185318,7.49191956996918,5.67245338869095,0.371667781962372
"5200007",2001,0.805267211772298,0.580669433944438,9.6324680185318,12.3081535792351,36.2822962031364,5.35137112140656,181.51850843811,61.0056307840347,26.7568556070328,14.1276197605133,0.682204707080759,0.534658061225887
"5200007",2002,0.224692919825677,0.199192909494194,7.49191956996918,15.518976252079,153.584351184368,199.820197673321,130.038318250179,72.9927020959854,18.1946618127823,0.485651486463538,0.975586902849433,0.242113711904215
"5200007",2003,4.28109689712524,0.171395306921013,1.01616771862208,0.987956931233433,110.238245100975,35.3190494012833,42.9179963936806,3.74595978498459,3.74595978498459,0.568844507226252,6.42164534568787,0.321092515132217
"5200007",2004,0.928124125062924,0.552729596450603,13.913564915657,49.2326143169403,8.45516637182236,44.3093528852463,80.6986765108109,87.8695138134956,46.1288190665245,0.776052031034796,23.5460329341888,0.51114349123238
"5200007",2005,0.664315965121025,0.549596737653268,30.3957879695892,1.49838391399384,39.2790640311241,104.244709445,14.9838391399384,143.416746053696,23.8671152014732,10.595714820385,11.7730164670944,0.61048149633489
"5200007",2006,0.181711853665211,0.255513534340894,0.183215364913467,0.973450881880213,4.70920658683777,73.8489214754105,209.02455600214,17.6595247006416,6.42164534568787,39.6001462984085,0.827663642942853,0.956496307544856
"5200007",2007,0.249950742076456,0.590428645657911,0.529958419425534,0.995266242421415,7.59894699239731,138.065374932289,25.6865813827515,44.4163803076744,0.563575630948394,0.621195033612685,0.775377508930469,0.421592386384765
"5200007",2008,0.836182912466181,2.46163071584701,2.14054844856262,28.8974040555954,102.425243263721,74.3840585875511,43.239078660965,158.400585193634,3.31785009527206,0.0720820840262053,0.394880377328626,0.612432247562707
"5200007",2009,0.84236062194983,0.749229835224602,0.106858832246337,0.405949130237239,1.60541133642197,142.132416984558,27.8271298313141,78.0229909501076,4.8162340092659,0.883833093083064,0.55863629573482,0.717088320566294
"5200007",2010,0.710806865958244,0.87232148748045,0.542726447074924,0.201144360953319,47.5201755580902,67.5343035521507,32.4293089957237,17.4454698557854,43.239078660965,9.95355028581619,44.3093528852463,0.213103603997749
"5210002",1981,0.768577459656917,1.03736510038376,0.386662565437854,1.00884361423686,114.110161042213,26.9714926099777,20.7473020076752,11.4110161042213,4.14946040153503,0.252848021523972,0.149612545157503,0.670102295484949
"5210002",1982,0.939056022406593,0.495546379100558,12.4483812046051,0.427653916300631,65.3540013241768,120.334351644516,75.7276523280144,72.6155570268631,9.33628590345383,11.4110161042213,0.168074859372225,0.796195720470424
"5210002",1983,3.63077785134315,0.537750167083436,0.558156798474267,6.63913664245606,30.913479991436,98.5496845364571,115.147526142597,43.050651665926,27.4901751601696,0.75636831757091,0.15772896575505,0.460046029260436
"5210002",1984,0.997325591539254,0.206915387720447,3.73451436138153,0.624294166488372,30.8097434813976,8.40265731310844,333.927825813532,24.2743433489799,69.5034617257118,6.53540013241768,1.34857463049889,0.520236986848319
"5210002",1985,0.337060073088659,0.287193868446497,10.9960700640678,0.574407120430904,11.7222256343365,2.07473020076752,53.3205661597252,3.31956832122803,0.311925579110421,6.53540013241768,0.84701444244981,0.991823304526344
"5210002",1986,0.609283102151799,0.533306105837155,0.714918685266769,0.204344184953917,137.96955835104,59.0260742118359,0.388253335026903,27.0752291200161,1.76352067065239,2.48967624092102,7.57276523280144,0.0491912955654848
"5210002",1987,0.338702493950331,0.688417346209227,0.561967238330777,9.75123194360733,58.507391661644,28.1125942203999,375.214956808805,206.435654976368,5.18682550191879,23.1332417385578,0.974895491050164,0.626537371717985
"5210002",1988,0.892176408108365,0.503238915323321,0.675003173290815,0.876417940558002,0.0801969753318401,6.63913664245606,27.4901751601696,30.6022704613209,3.11209530115128,0.162160690836966,8.6101303331852,1.03736510038376
"5210002",1989,0.809635839065748,0.0430520125002802,0.604123897455941,3.63077785134315,31.743372071743,2.48967624092102,77.6986460187435,77.3874364886284,5.6017715420723,0.17480386374766,0.840993280060444,0.735855855777832
"5210002",1990,0.47953751410271,0.706300531911771,1.55604765057564,0.364999117892632,1.03736510038376,0.292406387110143,35.1666769030094,40.8721849551201,13.4857463049889,3.63077785134315,0.779782930444136,0.486826094864206
"5210002",1991,0.358728340614225,0.935143137196167,0.455009839853649,3.63077785134315,33.5068927423954,148.654418884993,47.6150581076145,0.0992563973389966,29.5649053609371,5.18682550191879,0.569180297613325,0.853227079983356
"5210002",1992,0.124628246365512,0.0453815559055576,37.5526166338921,32.1583181118965,82.8854715206623,162.24390170002,2.5934127509594,63.0717981033325,21.265984557867,0.534649951910232,4.97935248184204,0.130036968130605
"5210002",1993,0.727856216811675,0.95977487118823,0.72321458950799,64.0054266936779,89.6283446731567,6.95034617257118,39.8348198547363,26.3490735497475,6.53540013241768,0.630219966402335,0.775839077657053,0.683721976945913
"5210002",1994,0.249823926342007,0.678446436483755,0.467648171046264,0.621359009315126,20.0211464374065,11.2035430841446,63.0717981033325,3.73451436138153,5.08308899188042,0.101711577604133,0.305258380911077,0.467055796766296
"5210002",1995,11.4110161042213,0.670664051924255,1.02835866761401,12.13717167449,0.662880429038478,50.1047343485355,42.0132865655422,36.9301975736618,12.5521177146435,0.0394249876775043,0.409362665980396,0.496565061995775
"5210002",1996,0.347803277424707,0.724774896560413,0.179271456333134,21.265984557867,2.07473020076752,33.0919467022419,49.689788308382,7.98771127295494,0.464742031091824,5.08308899188042,0.411918438578341,0.082794579784647
"5210002",1997,0.894114121360713,0.125704904040337,3.0083587911129,0.608436511104384,97.3048464159966,322.413073199272,32.57326415205,NA,31.1209530115128,49.7935248184204,0.570389459581418,0.0772670900422862
"5210002",1998,0.829851167040502,20.9547750277519,1.03736510038376,15.5604765057564,9.64749543356896,9.75123194360733,0.412835669051052,0.538062247526514,1.86725718069077,0.0270444486266109,NA,0.461223785998816
"5210002",1999,0.182932158461947,0.230573529400095,5.39429852199554,3.4233048312664,4.56440644168854,35.2704134130478,12.7595907347202,102.595408427954,109.338281580448,NA,0.307173217613102,0.816765264829871
"5210002",2000,0.816826814259163,NA,0.413048270857922,NA,19.0875178470612,207.680493096828,32.9882101922035,NA,87.9685605125427,0.549432701680801,0.831557840781054,0.400471564210548
"5210002",2001,0.758205375692551,1.0294388115384,4.14946040153503,4.14946040153503,23.8593973088264,0.855891065922317,174.277336864471,51.4533089790344,6.74287315249443,11.4110161042213,0.527790353505336,0.332790606669549
"5210002",2002,0.391985428465095,0.615082964500574,1.45231114053726,9.75123194360733,114.525107082367,178.945479816198,122.097872315168,43.7768072361946,7.15781919264793,0.0654077861197017,0.746398098380806,0.869992897340256
"5210002",2003,1.97099369072914,0.212209756442161,0.446563160028669,0.395817889612838,63.7979536736011,36.3077785134316,41.4946040153503,2.5934127509594,0.698202302416628,0.430154453315054,3.4233048312664,0.405562323784651
"5210002",2004,0.666395485688887,0.135429259791325,11.307279594183,63.2792711234093,2.5934127509594,30.083587911129,77.3874364886284,71.0595093762875,11.8259621443748,0.497324842917155,31.0172165014744,0.571819859758324
"5210002",2005,0.046454084859998,0.801158597193625,14.5231114053726,0.874025274394511,30.083587911129,82.3667889704704,15.6642130157948,96.4749543356895,20.5398289875984,7.05408268260956,8.71386684322357,0.662259876133196
"5210002",2006,0.29769536704746,0.407476775004183,0.144434255455291,1.03736510038376,5.18682550191879,70.644563336134,162.762584250212,17.6352067065239,0.188652701508017,57.0550805211067,0.233042685096313,0.331641564753935
"5210002",2007,0.128416496101051,0.917256424908485,0.563913661410304,0.106953804505014,2.07473020076752,119.296986544132,14.0044288551807,35.2704134130478,0.165464630126246,0.808358769139473,0.14937184056586,0.461974655415146
"5210002",2008,0.288009391440616,1.45231114053726,6.22419060230255,17.0127876462936,54.2541947500706,52.4906740794182,34.233048312664,107.159814869642,7.67650174283981,0.987468728355102,0.884092314903538,0.414880376882099
"5210002",2009,0.269639150540527,1.03736510038376,0.950259336327482,0.216617622911213,1.55604765057564,110.271910170794,17.946416236639,74.8977602477074,4.25319691157341,0.0165186549673796,0.5873977282777,0.458452130886793
"5210002",2010,0.99884142173758,0.388613473012022,0.0978274477935777,0.572814444442535,40.9759214651585,58.2999186415672,30.6022704613209,12.3446446945667,17.5314701964855,3.94198738145828,23.3407147586346,0.0119104895246281
"5220006",1981,NA,NA,NA,NA,NA,NA,NA,NA,NA,NA,NA,NA
"5220006",1982,NA,NA,NA,NA,NA,NA,NA,NA,NA,NA,NA,NA
"5220006",1983,NA,NA,2.55780205726624,4.29710745620728,30.4890005226135,101.288961467743,121.34212959671,NA,0.136260344253499,0.274455853023594,0.91675770839355,0.0586535422033993
"5220006",1984,0.468868581785316,0.355426867513375,4.60404370307922,0.743893359588594,33.2514267444611,12.4820740394592,351.953563079834,30.7959367694855,61.0803131275177,0.201614587766723,0.649207413231719,0.50318824577134
"5220006",1985,0.116293265668194,0.424612205042728,9.71964781761169,0.559952111827761,18.3138627300262,1.22774498748779,75.7109408950806,0.171186578435047,0.897580756185224,5.52485244369507,0.186673360385284,0.0504588541993782
"5220006",1986,0.552827969386382,0.345999778573272,0.486684572599876,2.35317789268494,183.547875629425,76.5294375534058,0.364340700828206,38.8785912704468,5.62716452598572,0.842782778280537,4.60404370307922,0.18963549328486
"5220006",1987,0.893608395859493,0.0958756784228193,0.740197960774059,0.409248329162598,71.6184576034546,38.2647187767029,391.241402679443,217.310862785339,0.818496658325195,28.6473830413818,0.506863729905528,0.107370337823863
"5220006",1988,0.709685666369243,0.55447858766185,2.35317789268494,0.410124020678823,0.335119859865614,17.0861177425385,33.0468025798798,31.9213696746826,0.638421164747637,0.407769894166253,NA,0.914644462803309
"5220006",1989,0.342264001315054,0.459289496429614,0.0399787505706844,3.17167455101013,18.5184868946075,3.58092288017273,94.5363640365601,90.0346324157715,5.32022827911377,0.040038269737819,0.511516840467147,0.851405453489794
"5220006",1990,0.441161312032831,0.88234188866033,2.35317789268494,0.656927987485902,0.16832738370825,0.741717796056346,32.2283059215546,36.6277254600525,21.2809131164551,6.44566118431091,0.921811290075156,0.182528356217713
"5220006",1991,0.752148541530946,0.640839446545869,0.797927028974799,1.53468123435974,27.9311984653473,166.768694133759,50.9514169807434,0.792506684390042,18.7231110591888,11.0497048873901,0.688114633463582,0.781999586840925
"5220006",1992,0.914913009647418,0.974796672603643,34.5814838142395,20.6670406227112,82.5658504085541,206.875030391693,3.27398663330078,82.6681624908447,23.63409100914,0.340680748019062,3.58092288017273,0.585427140534236
"5220006",1993,0.8533841496872,0.912352885061995,0.180275090414677,58.2155748233795,109.064679721832,NA,50.2352324047089,38.9809033527374,1.12543290519714,0.0964525878935371,0.0945678947044958,0.366187155925272
"5220006",1994,0.795700293051549,0.878114265487494,0.769544941226674,0.0326230447046665,20.9739768695831,16.4722452487946,23.4294668445587,5.32022827911377,14.5283156852722,0.608440575871292,0.327995032797545,0.559136976328403
"5220006",1995,9.3103994884491,0.046642316480583,0.114092112486343,15.9606848373413,2.25086581039429,43.3803228912354,54.2254036140442,48.8028632526398,18.5184868946075,0.788740367159586,0.287602480658162,0.653387195672875
"5220006",1996,0.635642688555773,0.809518697166942,0.541281774794597,22.6109701862335,0.580224657311754,35.0930442256927,55.9647090129852,23.4294668445587,0.694872668328194,9.3103994884491,0.618685427571633,1.02312082290649
"5220006",1997,0.238798760792985,0.182485823844128,0.519686906446345,1.01459380962706,138.325935256958,303.150699827194,48.8028632526398,NA,55.7600848484039,65.8889809951782,0.862078270479695,0.562971803156028
"5220006",1998,0.724859241613626,0.801641722637165,0.530517453183502,5.72947660827637,9.5150236530304,20.8716647872925,1.00094999222591,0.595719422523742,5.21791619682312,0.802395524732481,0.212776769911897,0.135337159702572
"5220006",1999,0.773462972351068,0.513452307277156,7.16184576034546,1.02312082290649,11.7658894634247,45.528876619339,NA,85.225964548111,72.3346421794891,NA,0.86744597646702,0.779407307431374
"5220006",2000,0.367022894304875,0.743325001043303,0.441580814774313,4.19479537391663,22.7132822685242,NA,43.2780108089447,0.638479077400366,86.965269947052,0.547748757558812,NA,0.846840796505997
"5220006",2001,0.619277363573885,0.682167018416366,0.283565908351867,4.09248329162598,36.9346617069244,0.203702558864322,148.761767650604,60.5687527160645,0.486190403623503,0.235830461488918,0.0754079323865009,0.692288049638803
"5220006",2002,0.0795170970376516,0.785375535363818,1.22774498748779,12.3797619571686,117.556582551956,208.512023708344,144.260036029816,79.9057362689972,0.827107960536835,0.466037182568649,0.233836159423823,0.0449723342752586
"5220006",2003,0.712877299284832,0.493613195044118,0.34976821852761,0.943725353111557,68.1398468055725,50.5421686515808,51.667601556778,5.11560411453247,0.291354231824515,0.58706237614842,5.52485244369507,0.443992013044618
"5220006",2004,0.99117961731336,0.27402277280561,22.8155943508148,60.0571923046112,8.38959074783325,42.4595141506195,96.0710452709198,70.6976488628387,11.2543290519714,0.718942725864836,32.7398663330078,0.12669224960978
"5220006",2005,0.0474085783528785,0.471094953955973,11.3566411342621,0.338899718364064,37.4462221183777,61.7964977035522,16.9838056602478,110.906297203064,13.3005706977844,6.44566118431091,13.4028827800751,0.0934163383184898
"5220006",2006,0.432355385555884,0.514497811082118,0.860955886718256,0.751343446270189,3.17167455101013,67.8329105587006,162.880835006714,27.2150138893127,0.362601940558669,69.8791522045135,0.749288854654273,0.986904846611232
"5220006",2007,0.333776026288016,0.889935543035819,0.566213324728021,0.295570658468576,1.02312082290649,111.92941802597,21.4855372810364,25.7826447372437,0.541990456798953,0.871705668706988,0.695662653206131,0.777673487717704
"5220006",2008,0.0981915215827778,0.535086982593995,8.4919028301239,24.7595239143372,53.8161552848816,62.2057460327148,46.5519974422455,113.46409926033,0.00788292415963731,0.911020857364276,0.330472052183173,0.988717397917866
"5220006",2009,0.660325486742067,0.428312690438236,0.461736083992105,0.354629759325793,0.498316860308149,118.375079210281,21.6901614456177,95.6617969417572,0.750397005851039,0.600218004218006,0.767103000502334,0.880829820579807
"5220006",2010,0.197404969989985,0.727244946472735,0.301301665396738,0.102312082290649,40.2086483402252,56.3739573421478,34.9907321434021,9.41271157073975,16.5745573310852,4.09248329162598,8.2872786655426,0.868577268712918
"5221005",1981,NA,NA,NA,NA,NA,NA,NA,NA,NA,NA,NA,NA
"5221005",1982,0.48522317113961,0.120776043808313,38.6287103414536,0.41787983709327,67.8612478971481,128.414361405373,117.974169421196,78.3014398813248,31.3205759525299,6.26411519050598,0.974422541671449,0.435586075430522
"5221005",1983,0.522009599208832,0.524773783474023,0.675580156837072,3.13205759525299,40.5079448986053,79.3454590797424,NA,37.5846911430359,0.494358726390559,0.639027394440656,0.656033680029717,0.0374250739389515
"5221005",1984,0.346851339287764,0.753039077456773,2.08803839683533,0.572972315269609,38.6287103414536,1.03550103269233,375.846911430359,47.5028735280037,51.5745484018326,1.5660287976265,0.39189360369886,0.251276764173136
"5221005",1985,0.38234359689504,0.246550543456265,16.077895655632,0.38705343793197,23.3860300445557,4.69808639287949,64.2071807026863,0.2774024154215,0.96108172674274,19.5231590104103,0.830325542536425,0.864511651445251
"5221005",1986,NA,NA,NA,NA,NA,NA,NA,NA,NA,NA,NA,NA
"5221005",1987,NA,NA,NA,NA,NA,NA,NA,NA,NA,NA,NA,NA
"5221005",1988,0.0662480929304272,0.483137417106261,6.26411519050598,0.910790769835562,0.522009599208832,23.4904319643974,33.7218201088905,66.8172286987305,3.13205759525299,0.45706190468437,5.22009599208832,0.208803839683533
"5221005",1989,0.33165691383367,0.775243072256697,0.69849301155324,1.04401919841766,15.660287976265,5.22009599208832,162.866994953156,81.4334974765778,1.5660287976265,0.372995339404411,0.450788446672607,0.709110537939085
"5221005",1990,0.95264134432151,0.282472154128929,1.77483263731003,0.613267891170138,0.104401919841766,0.405573653554482,33.4086143493652,15.4514841365814,23.4904319643974,NA,1.00067342902013,0.607899417767513
"5221005",1991,0.165161000880951,0.472827077781618,0.608745466740292,1.04401919841766,26.1004799604416,NA,NA,1.04401919841766,51.1569407224655,9.39617278575897,0.769670201674123,1.04401919841766
"5221005",1992,1.01555176972508,0.779015636037557,31.3205759525299,15.660287976265,152.426802968979,251.608626818657,3.13205759525299,67.8612478971481,22.4464127659798,0.837663665159582,NA,0.586245193322076
"5221005",1993,0.23173437280566,0.63099654339686,0.299473897045268,44.0576101732254,NA,6.78612478971481,34.2438297080994,40.7167487382889,0.410971321553747,0.867009581319677,0.316432591525792,0.471245912642909
"5221005",1994,0.0991185154241101,0.850448817239718,0.249498073230361,0.739644564772261,42.8047871351242,16.7043071746826,77.2574206829071,11.4842111825943,22.4464127659798,0.9368843984985,0.257804826496707,2.08803839683533
"5221005",1995,2.08803839683533,0.816379842342996,0.917228250710822,15.1382783770561,0.626059780689264,46.9808639287949,68.383257496357,62.6411519050598,5.22009599208832,0.805079020485875,0.206474624304545,0.0454723117119989
"5221005",1996,1.02094169004628,0.892460078077724,0.424157095169388,16.7043071746826,1.5660287976265,28.7105279564857,81.8511051559448,22.9684223651886,0.354743513870574,14.6162687778473,1.03501406075311,0.938808161814326
"5221005",1997,0.5297397821018,0.799910784197865,0.522009599208832,0.733522459825855,180.615321326256,313.727769124508,17.2263167738914,NA,50.1129215240478,72.0373246908188,0.522009599208832,1.01508116142254
"5221005",1998,0.914750804187192,4.17607679367065,0.0328776266456241,6.26411519050598,15.660287976265,23.4904319643974,0.625549046497691,0.733422816124667,0.356277174923267,0.682257162334231,1.03928420203884,0.0972621858096259
"5221005",1999,0.948403648579818,0.508982208279291,2.61004799604416,2.08803839683533,18.2703359723091,57.5254578328133,21.9244031667709,85.6095742702484,NA,8.35215358734131,0.166164991350244,0.194161913833754
"5221005",2000,0.933143658706983,0.992260125916322,0.0303183191565555,8.35215358734131,11.4842111825943,225.403744938374,18.2703359723091,NA,113.798092627525,3.13205759525299,0.828389477201987,0.263123672512467
"5221005",2001,0.402476137065809,0.358156494769099,NA,0.295751671173123,50.6349311232567,0.890668639794396,219.766041266918,49.0689023256302,8.35215358734131,1.04401919841766,0.948064150154551,0.307050206866023
"5221005",2002,0.037470734022653,0.307945975352859,1.5660287976265,0.564238209969653,174.560009975433,290.23733716011,123.194265413284,57.0034482336044,0.498735831721497,0.569025434930807,0.752806443170973,0.975729009290414
"5221005",2003,0.331718283183605,1.00947349325712,0.721843028998175,0.459876499782176,65.7732095003128,43.1179928946495,62.119142305851,10.4401919841766,0.0635312503740391,0.0359499241055291,2.08803839683533,0.712677368088014
"5221005",2004,0.608217238348527,0.305788949147226,10.9622015833855,42.8047871351242,8.87416318655014,42.8047871351242,119.018188619614,88.2196222662926,9.39617278575897,0.18880705143372,24.5344511628151,0.152698056483568
"5221005",2005,0.00500854218713304,0.0659802485555924,8.35215358734131,0.719558419028851,57.4210559129715,97.1981873726845,29.3369394755363,158.168908560276,15.660287976265,6.36851711034775,11.4842111825943,0.394497171862017
"5221005",2006,0.887025066965391,0.780587547862775,0.232706015692018,0.0175445971682834,0.522009599208832,81.4334974765778,182.181350123882,27.6665087580681,3.13205759525299,51.6789503216743,0.502066222658677,0.509642569913702
"5221005",2007,0.239745466334533,1.03323268839858,0.778189003295857,0.0566072158996581,1.04401919841766,102.83589104414,25.5784703612328,29.7545471549034,0.471801815168028,0.25832087392353,0.439007612003908,0.191771262792698
"5221005",2008,0.322926770246045,0.389968478407688,8.45655550718307,26.6224895596504,69.9492862939835,39.3595237803459,53.9757925581932,95.0057470560074,1.03794927854232,0.626408065958153,0.0151952558142196,0.515403017292857
"5221005",2009,0.363137046090078,0.479558852043571,0.774733251558493,0.208635591803815,0.313361726777415,130.502399802208,24.0124415636063,90.8296702623367,4.17607679367065,0.801740940938987,0.647630746218128,0.00025012338131904
"5221005",2010,0.891134768138762,0.650068626665183,0.566862250058859,0.685550332670492,41.551964097023,110.666035032272,36.5406719446182,5.74210559129715,14.6162687778473,2.08803839683533,13.5722495794296,0.371366385533401
"5211004",1981,0.421897024793026,0.680130032517891,0.206324782215936,0.417850595959155,115.770344926715,26.447535694465,13.4732729009539,10.9782223637402,0.829164809167385,0.390180208814591,0.335484909421011,0.412137363312498
"5211004",1982,0.994514847486352,0.676224180374783,17.9643638679385,0.108458536544913,69.3624049345404,146.708971588165,109.782223637402,63.8732937526703,10.4792122562975,3.49307075209916,0.763964197430578,0.568056467276001
"5211004",1983,0.673389782544008,0.555289287434253,0.0425033683770763,4.99010107442737,27.9445660167932,85.8297384801507,119.762425786257,33.4336771986634,0.255405582843719,0.786347966411633,0.0886360801210829,0.750644873978874
"5211004",1984,0.048653799481475,0.733631386241272,4.99010107442737,0.906290379131814,25.9485255870223,7.98416171908379,364.277378433198,24.9505053721368,58.8831926782429,8.28356778354943,0.292387352927188,0.899023492536367
"5211004",1985,0.686970922965933,0.213690281395265,11.4772324711829,0.182996139057461,17.4653537604958,2.39524851572514,45.3101177558005,1.79643638679385,0.393039285003447,6.58693341824412,0.378688183899068,0.244801854966107
"5211004",1986,0.371050063023718,0.925216058650672,0.0806124384126088,0.199604042977095,160.381848532096,70.4602271709144,2.29544649423659,32.5354590052664,0.358432641960993,3.29346670912206,9.08198395545781,0.824836923244809
"5211004",1987,0.0268284631960109,0.568833153201994,0.58410675383881,4.29148692400753,68.4641867411435,25.2499114366025,375.155798775449,216.071376522705,0.425849540487602,21.6570386630148,0.662630627925918,0.0369093169820647
"5211004",1988,0.957360109074583,0.476891076318895,0.299406064465642,0.165795889062079,0.399208085954189,12.0760446001142,18.962384082824,27.6451599523276,1.99604042977095,0.687969047678398,10.9782223637402,0.0522417938240942
"5211004",1989,0.961413472981822,0.774538208478142,0.643813228034746,3.7924768165648,34.6313014565259,5.58891320335865,85.0313223082423,NA,7.28554756866395,0.475660490363762,0.591081437874021,0.630327583886805
"5211004",1990,0.0283594373984135,0.995646239236269,2.49505053721368,0.883166834755648,0.0778378348796896,0.181947787404347,38.3239762516022,39.6214025309533,18.3635719538927,NA,0.38797872165028,0.456688349687434
"5211004",1991,0.544703829623439,0.286894810371864,0.067634070773221,0.050793741674694,25.5493175010681,149.004418082401,49.1025945723653,0.291605135905487,32.4356569837779,4.99010107442737,0.600850172693795,0.150252664065861
"5211004",1992,0.303465098936876,0.49614101217,37.4257580582052,25.349713458091,83.2348859214485,191.320475193545,1.59683234381676,58.1845785278231,21.158028555572,0.162680960368179,4.49109096698463,0.226812831173509
"5211004",1993,0.928677400359035,0.926275702773562,0.115305466745912,61.9770553443879,83.2348859214485,9.481192041412,33.3338751771748,25.5493175010681,0.499010107442737,0.809784596411984,0.258894739203857,0.355852656872668
"5211004",1994,0.474097017169024,0.822035906946448,0.952947990301588,0.867731698611602,0.495438560691445,13.3734708794653,33.9326873061061,4.99010107442737,7.98416171908379,0.168856366566753,0.864776651417486,0.865663536577166
"5211004",1995,9.58099406290054,0.429048962518342,0.271207594941783,NA,1.49703032232821,30.2400125110298,50.1006147872508,38.4237782730907,13.1738668364882,0.375574048282917,0.0893145401263557,0.587481769045857
"5211004",1996,0.757633948668926,0.0413546592760846,0.701608933713772,21.8566427059919,0.221148717761194,41.9168490251899,50.2004168087393,7.88435969759524,0.701019992969343,0.893250992373941,0.0550018080260888,0.86287701364105
"5211004",1997,0.986106968322546,0.734828123833286,3.99208085954189,0.544708241859093,107.786183207631,318.867458655909,NA,NA,43.9128894549608,44.9109096698463,4.49109096698463,0.432909155644148
"5211004",1998,0.0487028717771398,7.98416171908379,0.494170914791721,6.98614150419831,12.4752526860684,8.68277586950362,0.350745860084326,0.488057125831212,0.998020214885473,0.230878191863052,0.449167619887646,0.683728245317585
"5211004",1999,0.993246169400469,0.916022967684614,10.0800041703433,2.49505053721368,4.49109096698463,47.40596020706,12.9742627935112,86.3287485875934,110.780243852288,NA,0.819924124938732,0.917863151584789
"5211004",2000,0.0900651892610651,0.764394227748154,0.613192904899747,3.99208085954189,17.9643638679385,193.815525730759,23.9524851572514,0.660501860855784,81.6380535776317,0.89975031866582,0.0549098530661653,0.366799564572891
"5211004",2001,0.0314042232103581,0.52754031634641,2.49505053721368,2.99406064465642,35.928727735877,0.396329951407601,185.631759968698,30.4396165540069,10.4792122562975,7.48515161164105,0.166335073646849,0.229752714154089
"5211004",2002,0.687574543433097,0.147967007023317,0.750921439685626,8.48317182652652,102.197270004272,191.120871150568,124.253516753241,50.4000208517164,5.4891111818701,0.959711135196191,0.895626604835233,0.599707291889343
"5211004",2003,1.99604042977095,0.792108432612605,0.21435236119642,0.500789028003884,69.8614150419831,32.4356569837779,50.4000208517164,3.99208085954189,0.233646085256461,0.89151312503049,5.98812128931284,0.0887246768742607
"5211004",2004,0.187710959550348,0.928430032368447,13.4732729009539,60.8792331080139,3.99208085954189,30.4396165540069,75.3505262238532,60.8792331080139,12.4752526860684,0.00302407563104173,36.4277378433198,0.110645479458019
"5211004",2005,0.25818571468391,0.660485083067128,14.4712931158394,0.608202000867211,27.4455559093505,86.5283526305705,16.4673335456103,74.8515161164105,11.9762425786257,7.48515161164105,6.98614150419831,0.603088868519299
"5211004",2006,0.722181841525706,0.122394427173373,0.743629369560394,2.99406064465642,4.49109096698463,68.3643847196549,159.084422252744,16.966343653053,0.177955960102892,59.8812128931284,0.298285186096408,0.81332738834374
"5211004",2007,0.994096501878589,0.551482242600827,0.165578247661066,0.640217342649858,0.499010107442737,124.053912710264,13.3734708794653,21.4574346200377,0.273885077239483,0.810111749232404,0.680114151211496,0.427700178700087
"5211004",2008,0.054041006997813,0.0846845368936541,5.4891111818701,21.8566427059919,53.3940814963728,68.8633948270977,41.9168490251899,96.3089507364482,6.98614150419831,0.901578981676815,0.430417205206724,0.238951069223082
"5211004",2009,0.742215083050504,0.247069021423017,0.637648519439545,0.574324450952895,1.49703032232821,104.293112455532,15.4693133307248,85.330728372708,4.49109096698463,0.85578728221096,0.187317698018144,0.986466963345332
"5211004",2010,0.898699443477884,0.499010107442737,0.846111905399292,0.215683228846913,36.9267479507625,55.3901219261438,33.9326873061061,9.98020214885473,11.9762425786257,2.99406064465642,22.056246748969,0.938215225933293
"5414004",1981,0.100203066005897,6.40260952949524,0.226187430891285,1.06710158824921,102.441752471924,32.0130476474762,21.8755825591087,29.8788444709778,6.40260952949524,0.871210551974379,0.533550794124603,0.471274119428457
"5414004",1982,0.5524021687315,0.0701443203252596,26.6775397062302,0.503763477924141,100.84110008955,236.896552591324,155.26328109026,75.7642127656937,27.7446412944794,8.53681270599365,2.13420317649841,0.074823803133464
"5414004",1983,17.0736254119873,0.683003516840246,0.352919694340406,34.1472508239746,28.8117428827286,84.3010254716873,141.924511237144,50.6873254418373,32.0130476474762,0.542120022277521,0.813973317435676,0.776974647956335
"5414004",1984,0.640680890163035,0.734252500619852,0.823336117690344,0.556619434520059,33.0801492357254,14.9394222354889,375.619759063721,25.610438117981,40.5498603534698,17.500466047287,3.20130476474762,4.80195714712143
"5414004",1985,0.533550794124603,1.0112402986403,16.5400746178627,1.06710158824921,29.2385835180283,0.177037361978172,80.0326191186905,2.13420317649841,0.640260952949524,9.39049397659302,0.467810764292306,0.174212545418375
"5414004",1986,0.0700143761766065,7.68313143539429,0.434083644990719,1.17381174707413,133.387698531151,118.981827089787,0.114562200154654,42.1505127358437,6.40260952949524,2.66775397062302,7.46971111774445,1.06074459480921
"5414004",1987,0.134604691071403,0.782414423950459,16.0065238237381,16.5400746178627,11.5246971530914,49.3000933771133,475.073627088547,255.570830385685,13.8723206472397,21.3420317649841,0.65440500359491,0.376282913912794
"5414004",1988,0.448585547238739,0.0408899818231156,0.194030703288735,0.98577609905219,8.00326191186905,6.40260952949524,27.7446412944794,13.7656104884148,14.4058714413643,0.166865024716313,13.8723206472397,3.20130476474762
"5414004",1989,0.532200409640239,0.0533510038235613,0.981899000013512,3.73485555887222,38.949207971096,2.66775397062302,103.828984536648,137.122554090023,11.2045666766167,0.0611884829194711,0.581600492296884,0.31476694210313
"5414004",1990,1.05438372349997,0.16022199121318,0.929453586239434,1.60065238237381,6.93616032361984,3.84156571769714,21.555452082634,44.2847159123421,32.0130476474762,1.01947223614626,0.490842214112948,0.533550794124603
"5414004",1991,0.0600640307795698,0.0270039589027884,0.594007980670163,4.16169619417191,46.9524698829651,170.202703325748,114.92684105444,0.985301769654045,78.005126101017,2.98788444709778,0.860830812808983,2.13420317649841
"5414004",1992,0.363596927544473,0.330612294237328,11.7381174707413,30.4123952651024,101.908201677799,165.400746178627,22.4091333532333,25.610438117981,53.3550794124603,0.906073851187652,12.8052190589905,0.940653439345112
"5414004",1993,1.06710158824921,0.560457058698309,0.811834301853258,37.5619759063721,125.917987413406,13.7656104884148,21.8755825591087,18.1407270002365,11.7381174707413,0.354161902968916,0.995608834796903,0.103489129124212
"5414004",1994,0.686269486990746,0.451367290828011,0.680429648210832,4.26840635299683,24.5433365297318,9.07036350011825,70.1085743479729,4.05498603534698,36.281454000473,4.80195714712143,1.05115476205599,0.79951764849242
"5414004",1995,19.2078285884857,0.708345571746089,0.930857199994876,11.7381174707413,7.46971111774445,62.4254429125786,30.945946059227,14.9394222354889,23.4762349414825,0.400385341875119,0.390117549102718,NA
"5414004",1996,0.94601297142176,0.823483628030144,0.174134325903682,21.2353216061592,4.26840635299683,35.5344828886986,23.4762349414825,10.0307549295425,2.13420317649841,1.60065238237381,0.37918458845964,1.60065238237381
"5414004",1997,0.87209486094926,0.514874411100422,22.9426841473579,0.277892123936234,107.77726041317,414.568967034817,24.5433365297318,NA,24.0097857356071,50.6873254418373,2.13420317649841,NA
"5414004",1998,0.666031216846223,3.73485555887222,3.20130476474762,16.5400746178627,14.9394222354889,20.2749301767349,0.686492830941962,0.782039333271146,23.5829451003075,0.279908588614178,0.210556119847068,0.556305323135875
"5414004",1999,0.140752923316303,NA,11.7381174707413,7.46971111774445,2.66775397062302,48.5531222653389,6.93616032361984,102.975303266048,130.719944560528,NA,0.708604135038482,0.689553845466512
"5414004",2000,0.892544351982981,0.230219843214504,0.537949579871858,21.8755825591087,35.7479032063484,204.349954149723,69.3616032361984,0.558861092143512,97.6397953248024,4.80195714712143,NA,NA
"5414004",2001,0.576639273144857,0.994939325938819,NA,3.20130476474762,26.1439889121056,0.564532959407057,212.353216061592,55.2758622713089,10.6710158824921,13.3387698531151,0.125662960632421,0.946204827810123
"5414004",2002,0.202017798123215,1.01176026704136,16.0065238237381,18.1407270002365,164.867195384502,177.138863649368,127.51863979578,63.4925445008278,20.2749301767349,1.06710158824921,0.112548960905884,0.0986036601030752
"5414004",2003,17.0736254119873,0.677866400242404,0.674002222051378,0.556177914459779,98.173346118927,24.5433365297318,54.4221810007095,2.66775397062302,0.533550794124603,0.588329153963034,5.86905873537064,0.0959810378520324
"5414004",2004,0.106710158824921,0.786127858173529,9.60391429424286,49.6202238535881,0.853681270599365,53.8886302065849,57.836906083107,71.4958064126968,25.610438117981,0.251160027320401,33.0801492357254,0.945364130702384
"5414004",2005,0.477345764501111,1.01763716968457,26.2506990709305,14.4058714413643,39.4827587652206,113.432898830891,9.07036350011825,136.589003295898,49.0866730594635,12.8052190589905,11.2045666766167,0.652174799450081
"5414004",2006,0.533550794124603,6.40260952949524,0.594358679134515,0.624213399897698,6.93616032361984,49.0866730594635,227.826189091206,15.4729730296135,1.06710158824921,35.7479032063484,0.113444390679551,0.231546051390391
"5414004",2007,0.34934259052631,0.324297447034624,2.13420317649841,0.319331255573704,6.61602984714508,106.710158824921,32.0130476474762,25.610438117981,0.536859621836054,0.812185447286266,0.935679217604086,0.648677251584473
"5414004",2008,0.495652500968926,0.783337393850627,3.20130476474762,17.6071762061119,98.173346118927,81.0997207069397,28.8117428827286,128.585741384029,4.58853682947159,0.509419880171591,0.213729736186133,0.0748014007861872
"5414004",2009,0.407496430817261,0.763038026395348,0.854258167303598,0.698138966473227,0.111236822428711,86.4352286481857,13.8723206472397,71.4958064126968,29.8788444709778,0.432505037416476,0.812302803267107,0.192798880035321
"5414004",2010,0.844390082524746,0.0146502660271382,0.596690008757472,0.176272668672804,21.3420317649841,23.4762349414825,37.3485555887222,13.8723206472397,29.8788444709778,7.46971111774445,29.8788444709778,0.423878348076356
"5220007",1981,0.894104320555587,0.250644309433039,0.186045415616411,0.832209136398351,220.71713862884,45.3801618057489,10.7715548901558,6.48288025796413,6.98156335473061,0.506416623511782,0.468663489358489,0.835044656608943
"5220007",1982,0.855626848275075,0.0200922191949959,20.4460069674253,0.0928202525401181,111.70501367569,196.48114012599,97.1434672501087,95.7471545791626,16.95522529006,15.4591759997606,0.633368179077557,0.116282169787977
"5220007",1983,0.997366193532944,0.481208297098011,0.168780140610736,6.98156335473061,44.8814787089825,119.683943223953,134.644436126947,62.8340701925755,14.9604929029942,0.139441892995647,0.452244324272478,0.419153036421652
"5220007",1984,0.454830307598973,0.255030805331585,1.29657605159283,0.327973042984795,64.9285391989946,10.2728717933893,447.219001180172,33.8107139607668,29.6217759479284,5.18630420637131,0.997366193532944,0.843745000813961
"5220007",1985,0.520106461177855,0.692985009229252,15.259702761054,0.413578627006934,27.3278337028027,4.88709434831142,68.3195842570066,0.0848279833480323,1.7952591483593,15.1599661417007,0.981477537718517,0.196537399133919
"5220007",1986,0.243553296687376,0.555633724550856,0.612155839453446,8.27813940632343,175.935396539211,110.009491146684,0.439625534851848,53.6583012120724,1.7952591483593,0.352804968890812,13.1652337546349,0.409370876514195
"5220007",1987,0.938071953773456,0.530630880823584,0.0258339842158571,3.5905182967186,59.0440786571503,47.0756843347549,473.250258831382,213.037418938637,11.7689210836887,24.1362618834972,0.0596077288546355,0.419344059162073
"5220007",1988,0.926865142128434,0.857306759430441,2.99209858059883,0.682979346099629,2.79262534189224,32.2149280511141,70.5137898827791,59.8419716119766,4.98683096766472,0.870664081964301,6.18367039990425,1.39631267094612
"5220007",1989,0.887683063698701,0.346712797779386,0.395948385414477,9.47497883856296,29.5220393285751,7.0812999740839,119.5842066046,102.03056159842,1.29657605159283,0.843811566167557,0.312566638180311,0.763471318311311
"5220007",1990,0.818669597505016,0.683338950554132,1.39631267094612,0.456745761752707,2.69288872253895,0.661767778366197,46.078318141222,44.1833223735094,23.1388956899643,NA,0.158560908752082,0.674396456533135
"5220007",1991,0.595024341183805,0.545775072692057,0.553704672209864,6.48288025796413,38.4983350703716,217.625303428888,89.9624306566715,1.89499576771259,35.7057097284794,10.9710281288624,0.249718395212857,0.734814564014129
"5220007",1992,0.393414727405391,0.919077384721843,29.4223027092218,39.7949111219645,144.219151584864,233.682899144769,1.29657605159283,69.6161603085995,6.78209011602402,0.477394611891616,NA,0.925259587220864
"5220007",1993,0.662917595454714,0.0158136639875725,0.69552615996538,109.810017907977,84.1777067341805,24.1362618834972,41.3906970316172,44.6820054702759,1.59578590965271,0.391367098583553,0.325774068321905,0.705874424126107
"5220007",1994,0.825756329554892,0.355521680403147,0.662233652243103,0.919338989248232,55.8525068378448,23.4381055480242,89.7629574179649,26.2307308899164,19.4486407738924,0.729180804008612,0.2039294113934,3.4907816773653
"5220007",1995,7.48024645149708,0.887770921299094,0.370216699471045,28.9236196124554,0.899925084082544,75.3011476117372,90.2616405147314,64.1306462441683,NA,NA,NA,0.777671612346503
"5220007",1996,0.0587442827440174,0.668284983045922,0.604951318139754,21.0444266835451,8.17840278697014,30.6191421414614,57.7475026055574,45.0809519476891,1.29657605159283,12.9657605159283,0.462970480008966,1.7952591483593
"5220007",1997,0.405100569437057,0.649306654815726,1.695522529006,0.289638935000639,162.57068954587,317.162449543476,65.9259053925276,NA,70.4140532634258,83.7787602567673,0.180300633626923,0.420922166668103
"5220007",1998,0.256985994903475,0.320076235352285,0.0628123519085665,15.0602295223475,14.7610196642876,34.907816773653,0.496868159777608,0.726009081982162,7.48024645149708,0.163560175315173,NA,0.578064770881165
"5220007",1999,0.558583560749421,0.62269255152792,6.88182673537731,2.69288872253895,15.9578590965271,42.3880632251501,9.77418869662285,117.689210836887,103.22740103066,NA,0.694293432900667,0.361880328426717
"5220007",2000,0.403094073749983,0.92129627202788,0.384301516895635,7.28077321279049,5.58525068378448,293.923817234158,21.5431097803116,0.780499246685974,115.594741830468,0.524155900236028,0.503938145004325,0.488189703689268
"5220007",2001,0.889391386422306,0.810195245196177,1.59578590965271,5.18630420637131,47.773840670228,0.888607209351068,205.8563823452,39.5954378832579,13.2649703739882,2.59315210318565,0.441522447606256,0.149463254951246
"5220007",2002,0.17942171487009,0.548681571083741,1.19683943223953,3.4907816773653,132.450230501175,234.081845622182,145.715200875163,70.9127363601923,3.4907816773653,0.71347528459905,0.433020489059167,0.387038117597158
"5220007",2003,0.555111520535042,0.307890438287342,0.710034046398956,0.709628901555412,85.2748095470667,49.8683096766472,65.8261687731743,10.4723450320959,0.171648738798477,0.468535381281718,5.2860408257246,0.263128499371342
"5220007",2004,0.314253624768027,0.910346371563117,19.7478506319523,38.9970181671381,9.17576898050308,41.8893801283836,106.917655946732,84.5766532115936,13.9631267094612,0.996485154398915,36.7030759220123,0.903023404042548
"5220007",2005,0.870292118202437,0.24151306097131,15.9578590965271,0.145411585212605,46.7764744766951,93.7524221920967,47.6741040508747,193.987724642158,13.9631267094612,6.08393378055096,19.2491675351858,0.620459300646032
"5220007",2006,0.370120776727688,0.215663057469449,0.739701571571089,2.49341548383236,2.99209858059883,95.0489982436895,184.014062706828,38.8972815477848,0.633481306809029,68.3195842570066,0.753015007103887,0.0192130721684463
"5220007",2007,0.242616779187908,1.19683943223953,0.543364747208648,0.110791503777749,1.29657605159283,112.203696772456,22.1415294964313,33.9104505801201,0.571372472646668,0.585554093150827,0.669147560895634,0.248469280100889
"5220007",2008,0.863251496403133,0.867831618431514,11.170501367569,23.7373154060841,61.338020902276,51.8630420637131,70.3143166440725,104.922923559666,14.9604929029942,0.0100565728496838,0.466001084906964,0.749960836086187
"5220007",2009,0.570486072077012,0.861152378711008,0.48862957455694,0.797922825695259,0.268740806667829,143.122048771977,25.4328379350901,98.240570062995,4.78735772895813,0.0205345627136793,0.952670835761325,0.583977526175114
"5220007",2010,0.785130046681436,0.66145259106511,0.0576961629492621,0.522610306651052,39.1964914058447,54.555930786252,34.7083435349464,0.54620169369859,10.9710281288624,1.49604929029942,9.97366193532944,0.483707858392158
"5211003",1981,0.346672280316233,0.730737242709201,0.0907235054674385,0.489696966482503,133.885508444309,34.6753834819794,21.5757941665649,7.22403822541237,3.8528203868866,0.34605972004445,0.435989757798573,0.905531268236182
"5211003",1982,0.064462857389186,0.387365859548704,0.249044650693717,0.108774687268024,92.9492918336392,199.287134511709,132.537021308899,71.277177157402,12.1363842186928,8.57252536082268,0.72890184489794,0.638396498187718
"5211003",1983,4.23810242557526,0.640933293835443,0.138818159638833,8.28356383180618,35.4459475593567,108.360573381186,146.503495211363,46.137524132967,25.5249350631237,0.463786965853972,0.626443829624354,0.353123150789338
"5211003",1984,0.726187180805575,0.417632993658484,0.4057227477066,0.751355686600344,25.0433325147629,0.527293211340236,539.394854164124,32.7489732885361,NA,4.71970497393608,0.540885369052671,0.198700166190412
"5211003",1985,0.330684095687266,0.132793127063467,13.0032688057423,0.166356800661753,23.1169223213196,2.40801274180412,47.1007292296886,6.83875618672371,0.0563991039594185,9.53573045754433,0.436581197591399,0.233704420076299
"5211003",1986,0.704307354282201,0.668355718737219,0.900781341883619,0.0963205096721649,173.376917409897,92.7566508142948,0.584712942368023,59.9113570160866,0.375084580580164,5.58658956098556,13.4848713541031,0.302332474891063
"5211003",1987,0.428916181365588,0.756709546698641,0.276947965961403,6.74243567705154,78.5012153828144,31.3041656434536,426.314575809002,236.948453793526,11.5584611606598,23.2132428309917,0.112514288103561,0.222088584545301
"5211003",1988,0.321036747910915,0.728957040894853,0.487314007185331,0.308644460223477,2.79329478049278,8.28356383180618,28.7998323919773,NA,0.584574691220706,0.39169044115932,8.66884587049484,1.15584611606598
"5211003",1989,0.479819220535283,0.471968115480277,0.337711331622586,8.66884587049484,38.0466013205051,6.26083312869072,99.6917275106907,67.4243567705154,6.74243567705154,0.069315755523768,0.845998278064705,0.648931723521293
"5211003",1990,0.772176075882948,0.0526598016188154,4.33442293524742,0.0535037407664625,0.523205934324244,0.574563449637135,44.6927164878845,53.746844397068,24.0801274180412,3.75649987721443,0.672730717286097,0.00905734080406699
"5211003",1991,0.69727990462361,0.66976566012323,0.941910603291567,4.62338446426392,46.137524132967,176.459173719406,63.3788953642845,5.7792305803299,52.0130752229691,8.66884587049484,0.736401529914907,0.249182445688744
"5211003",1992,0.463172540829835,0.331381433454382,28.8961529016495,22.6353197729588,90.0596765434742,146.888777250052,2.88961529016495,57.3107032549381,24.0801274180412,0.528218312852976,5.29762803196907,0.594163334619406
"5211003",1993,0.893977713639726,0.751916804600398,0.638514246702468,67.4243567705154,49.9903445198536,22.6353197729588,41.4178191590309,29.8593579983711,6.26083312869072,0.602226040065079,0.463802605329014,0.579272829792283
"5211003",1994,0.190989919572065,0.956238313299231,0.26740662694559,0.517111383825941,26.0065376114845,23.1169223213196,48.1602548360825,5.7792305803299,8.66884587049484,0.6935237085013,0.459365200482205,0.414990677696477
"5211003",1995,8.66884587049484,0.613262404306399,0.335550590703451,7.70564077377319,0.787228700239004,38.0466013205051,49.4124214618206,0.506497815794306,18.9751404054165,0.0959380928974357,0.63795839912275,0.253471751522281
"5211003",1996,0.520954644260153,0.39014685903837,0.761930524521706,21.1905121278763,4.33442293524742,40.9362166106701,63.5715363836288,18.7824993860722,0.543290020925404,4.33442293524742,0.357435978068604,0.0433706921686377
"5211003",1997,0.17195084781553,0.101618384455163,3.37121783852577,0.750010224381297,125.216662573814,390.098064172268,39.0098064172268,NA,55.3842930614948,44.3074344491959,4.81602548360825,0.0672122217980718
"5211003",1998,0.597798880479435,3.8528203868866,0.771007239015061,27.451345256567,8.66884587049484,11.5584611606598,0.872524321555436,0.314230812890988,8.47620485115051,0.376915382331923,0.115468395144573,0.785769941363174
"5211003",1999,0.726195630836119,0.602373106344183,6.74243567705154,4.33442293524742,5.7792305803299,57.792305803299,16.8560891926289,69.8323695123196,105.952560639381,NA,0.733534596850728,0.886451316577903
"5211003",2000,0.259642643613983,0.757463641113498,0.341945790637735,4.81602548360825,18.7824993860722,201.887788272858,21.6721146762371,NA,93.9124969303608,0.0807519587764186,0.496040424753069,0.869532375403681
"5211003",2001,0.505256966294498,0.628513432930683,0.727840644271991,7.22403822541237,NA,0.642226342272574,222.01877479434,48.1602548360825,19.7457044827938,11.5584611606598,0.0991046458031215,0.415824022852965
"5211003",2002,0.473476988538425,0.035642710555585,0.11868507411855,10.5952560639381,134.848713541031,200.346660118103,160.855251152515,66.4611516737938,9.15044841885567,0.539372025074145,0.875230884122988,0.901000876946933
"5211003",2003,4.81602548360825,0.766158060293323,0.457521600451747,0.664885700092477,79.9460230278969,39.9730115139484,68.3875618672371,4.33442293524742,0.504541280620088,0.618843977242468,5.10498701262474,0.827538756762921
"5211003",2004,0.313381680693969,0.703752690590356,18.3008968377113,57.3107032549381,6.26083312869072,41.4178191590309,99.2101249623299,80.4276255762577,19.264101934433,2.88961529016495,33.7121783852577,0.549853806358539
"5211003",2005,0.0310386201716737,0.648965733778523,15.6039225668907,1.54112815475464,49.1234599328041,129.165803470373,31.3041656434536,120.882239638567,23.1169223213196,6.74243567705154,6.74243567705154,0.462564627301143
"5211003",2006,0.322934173911571,0.0320697037575757,0.659813633789934,1.44480764508247,4.81602548360825,71.7587797057629,158.254597391367,29.8593579983711,0.693619600952282,63.089933835268,0.00307593984558667,0.521828184865686
"5211003",2007,0.208750714466135,4.33442293524742,0.868821396126494,0.0347377591329345,0.481602548360825,120.400637090206,15.4112815475464,33.8084988949299,0.736447054765632,0.245140099449033,0.138458343169264,0.865758461330704
"5211003",2008,0.961551229804903,0.10629368146739,7.22403822541237,15.8928840959072,79.4644204795361,63.5715363836288,38.528203868866,86.6884587049484,5.7792305803299,0.423604914991944,0.119038397706558,0.700227359107333
"5211003",2009,0.781167457604141,0.858731367578547,0.516755427606798,0.173117533546366,0.0750743888825014,104.026150445938,21.1905121278763,90.541279091835,8.66884587049484,0.732978251854205,0.340876058125003,0.376395253898544
"5211003",2010,0.298651753134569,0.899289786689764,0.120350874104784,0.942526215119007,31.7857681918144,66.4611516737938,39.9730115139484,8.18724332213402,21.6721146762371,6.74243567705154,39.4914089655876,0.624584201469927
"5310001",1981,NA,NA,NA,NA,NA,NA,NA,NA,NA,NA,NA,NA
"5310001",1982,NA,NA,NA,NA,NA,NA,NA,NA,NA,NA,NA,NA
"5310001",1983,NA,NA,NA,NA,NA,NA,NA,NA,NA,NA,NA,NA
"5310001",1984,NA,NA,NA,NA,NA,NA,NA,NA,NA,NA,NA,NA
"5310001",1985,NA,NA,NA,NA,NA,NA,NA,NA,NA,NA,NA,NA
"5310001",1986,NA,NA,NA,NA,NA,NA,NA,NA,NA,NA,NA,NA
"5310001",1987,NA,NA,NA,NA,NA,NA,NA,NA,NA,NA,NA,NA
"5310001",1988,0.189645380637305,0.09599056074467,6.81199230909348,0.0245459084625558,0.407646070880183,35.5196741831303,51.0899423182011,48.4624595704079,10.4126168153286,0.303623857414912,7.00662066078186,0.926882978360626
"5310001",1989,0.601048154650485,0.708138989079281,0.878164041382352,0.256814715143829,25.3016857194901,12.2615861563683,144.803493656158,30.1673945116997,0.348686543138672,0.529682256079188,0.10015964076584,0.240398425048497
"5310001",1990,0.494394142299764,0.507137328779965,2.23822604441643,0.754757466164911,0.973141758441925,0.246769637412287,48.8517162737846,13.137413738966,17.3219233002663,9.92604593610763,NA,NA
"5310001",1991,0.268625783777888,0.378658899937809,0.822766702267958,5.2549654955864,48.5597737462521,198.034347842932,51.6738273732662,0.716808429943656,48.7544020979404,19.6574635205269,0.664773736522212,0.502597943182353
"5310001",1992,0.223617119728281,0.869470227153054,22.5768887958527,15.7648964867592,155.021482119799,200.369888063192,2.04359769272804,77.7540264995098,27.8318542914391,0.0673232151065656,0.119596733381728,NA
"5310001",1993,0.634686381133788,0.90366840593364,0.223607858384332,90.502183535099,23.744658905983,23.744658905983,38.439099458456,31.4324787976742,4.08719538545609,4.08719538545609,0.81700529553445,0.826411190312839
"5310001",1994,0.280520513332239,0.794583306543526,0.777502150060621,2.33554022026062,68.5091797943115,26.8587125329971,48.6570879220963,20.9225478065014,14.7917547283173,0.692004898874737,0.684555348414063,0.89722135590788
"5310001",1995,0.465446515879944,0.591261200260967,0.744624908780578,16.7380382452011,0.366596156349463,32.6975630836487,86.9988732047081,47.1000611085892,3.50331033039093,0.879905902263884,3.11405362701416,0.790279841306225
"5310001",1996,0.720099617712337,0.629429666552316,0.215433736625474,7.39587736415863,8.36901912260056,30.0700803358555,108.40799189043,48.9490304496288,0.765097982014588,15.8622106626034,0.733910717698015,3.40599615454674
"5310001",1997,0.029814763504736,0.473449748793014,0.681199230909348,0.38925670337677,165.531413110971,282.697680827379,59.167018913269,NA,58.4858196823597,64.5192985846996,6.81199230909348,2.43285439610481
"5310001",1998,0.355564574308303,0.681450763980978,0.790791529256567,20.3386627514362,5.35227967143059,8.75827582597733,2.43285439610481,0.949381433538735,0.681199230909348,0.194628351688385,0.0245930986068874,0.61127117004519
"5310001",1999,0.359328231549396,0.194628351688385,2.91942527532578,3.40599615454674,25.3016857194901,34.5465324246883,13.623984618187,92.4484670519829,74.5426586966515,NA,0.342285153634418,NA
"5310001",2000,NA,NA,NA,NA,NA,NA,NA,NA,NA,NA,NA,NA
"5310001",2001,NA,NA,NA,NA,NA,NA,NA,NA,NA,NA,NA,NA
"5310001",2002,0.763103742203342,0.244425312002467,1.45971263766289,0.973141758441925,181.198995421886,271.019979726076,112.592501451731,89.7236701283455,11.1911302220821,0.650809229482886,0.452333235899583,0.601610314489642
"5310001",2003,0.501982992889669,0.787892782299452,0.73209363113959,1.75165516519547,84.6633329844475,29.3888811049461,53.2308541867733,9.73141758441925,3.8925670337677,0.486570879220963,2.91942527532578,0.611953082743483
"5310001",2004,0.590615241289414,0.449281845907211,3.8925670337677,43.3048082506657,19.1708926413059,61.3079307818413,85.1499038636684,75.4184862792492,10.7045593428612,3.40599615454674,39.8988120961189,0.0361138996150173
"5310001",2005,0.701439137330709,0.521363816411942,15.5702681350708,0.310444096438842,80.2841950714588,74.9319154000282,20.4359769272804,109.965018703938,20.4359769272804,18.0031225311756,12.650842859745,0.929017798462408
"5310001",2006,0.967166791574413,0.764747179978837,0.459204169311158,0.683824446548297,11.1911302220821,73.4722027623653,201.440343997478,36.0062450623512,0.54598636575272,53.5227967143059,0.385004920992904,0.561833179830396
"5310001",2007,0.700542868532633,11.1911302220821,0.239210119509541,0.275333666556093,1.45971263766289,95.3678923273087,23.8419730818272,29.1942527532578,0.734337902313955,0.584763406680303,1.94628351688385,0.646271760728573
"5310001",2008,0.264038015333449,0.148614992758153,4.86570879220963,9.73141758441925,100.720171998739,46.2242335259914,50.1168005597591,90.502183535099,5.83885055065155,0.889195125633356,0.597198393080339,0.0533665940874509
"5310001",2009,0.322354058326672,0.973141758441925,0.498113921502357,0.675594906040137,0.290376291006089,129.427853872776,18.4896934103966,73.9587736415863,3.40599615454674,0.846402124438334,0.638893840617435,0.558901754546863
"5310001",2010,0.243936627531163,0.673590974841374,0.828097612279695,0.047256141065086,48.6570879220963,102.179884636402,23.3554022026062,3.8925670337677,11.6777011013031,2.43285439610481,4.67108044052124,0.310247439645329
"5421005",1981,0.808887942738594,0.599243683002648,0.510047162771225,0.523553365547609,143.323252738714,32.6430184173584,17.3416035342216,9.69089609265327,4.59042446494102,4.69243389749527,0.930876984065396,0.00520185849882313
"5421005",1982,0.521590337844458,0.759522594367471,14.7913677203655,0.311617269159007,100.989338228703,149.443818691969,119.861083251238,71.4066027879715,11.7310847437382,7.14066027879715,0.105487058300725,0.191842655480398
"5421005",1983,4.59042446494102,0.782997627637327,0.856091166791564,22.9521223247051,33.1530655801296,82.6276403689384,94.8687722754478,42.8439616727829,22.9521223247051,0.0562572576280903,0.0229893834454144,0.346323779666723
"5421005",1984,0.847488296939883,0.03188876313048,1.53014148831368,0.310335668703973,39.2736315333843,10.2009432554245,286.136458314657,40.2937258589268,54.2690181188583,5.40649992537498,0.714066027879715,0.0798423127682059
"5421005",1985,0.821923007028762,0.861359242147951,17.8516506969929,0.384599878682752,24.584273245573,5.30449049282074,46.1082635145187,0.740224703174299,1.02009432554245,16.8315563714504,0.796093014043767,0.0514087249678411
"5421005",1986,0.125825750277815,0.665455202783771,0.173385293498038,5.40649992537498,104.457658935547,174.436129667759,0.840181710600627,39.7836786961555,0.0877723149664928,0.53921468683273,26.9304901943207,0.692848350339212
"5421005",1987,0.239108815201079,0.720844893389135,0.892849849574883,4.48841503238678,68.3463198113441,10.2009432554245,335.100985940695,160.154809110165,1.53014148831368,15.811462045908,0.0980032734588935,NA
"5421005",1988,0.12813617796454,0.816995026109901,0.428475756292007,0.540251466348071,0.044465946936513,0.714066027879715,17.9536601295471,25.2983392734528,3.46832070684433,NA,NA,NA
"5421005",1989,0.381418018985789,0.0511493696515286,0.104469276197726,6.01855652070046,50.800697412014,7.54869800901413,107.721960777283,60.8996312348843,7.65070744156837,0.0859081730388786,0.753771455899541,0.887952184332659
"5421005",1990,0.0962113701975659,1.01349784640196,6.1205659532547,0.136530268900422,0.510047162771225,0.579401490746113,49.7806030864716,38.8655938031673,12.2411319065094,6.1205659532547,0.306624791899361,0.0344447185843315
"5421005",1991,0.889888314354335,0.131112240673941,0.583007050263063,3.36631127429008,40.1917164263725,180.658705053568,66.8161783230305,6.52860368347168,37.8454994776249,10.7109904181957,0.618594684107165,2.85626411151886
"5421005",1992,0.18149766311202,0.500285946210835,35.7033013939857,22.9521223247051,93.8486779499054,201.162600996971,12.7511790692806,65.6940745649338,17.0355752365589,0.881801987388643,0.523020226467475,0.186282267791044
"5421005",1993,0.354195018284229,0.0443648437749136,0.28494707187581,53.7589709560871,82.9336686666012,12.8531885018349,24.3802543804646,30.5008203337193,3.06028297662735,0.931446687452194,0.637489976036822,0.50405044119652
"5421005",1994,0.252644243961806,0.813455479667605,0.840777741171757,0.306028297662735,42.6399428076744,13.7712733948231,51.1067257096767,6.32458481836319,8.26276403689385,0.714066027879715,0.662344345755123,0.204191715007283
"5421005",1995,NA,0.577720328057941,0.0621443266593699,13.3632356646061,3.46832070684433,NA,73.7528197367191,33.8671316080093,19.0757638876438,0.241849649493101,0.391234263344463,0.206401590316286
"5421005",1996,0.309016953870925,0.12205474943962,0.50545082238677,29.3787165756226,9.28285836243629,22.1360468642712,51.8207917375565,25.400348706007,0.658387680398263,9.58888666009903,0.670412887555523,3.1622924091816
"5421005",1997,0.853109102224214,0.996836161227391,0.943086196264411,0.514885575876206,155.156346915007,297.153477030516,31.0108674964905,NA,46.7203201098442,54.5750464165211,6.93664141368866,3.06028297662735
"5421005",1998,0.431429151596623,3.06028297662735,0.533752307797368,15.1994054505825,6.63061311602592,14.8933771529198,1.02009432554245,0.833280278174039,3.97836786961555,0.202271738937587,0.997250987465469,0.791172578317757
"5421005",1999,0.202278112497464,0.21385171677674,10.7109904181957,4.0803773021698,14.3833299901485,52.3308389003277,20.1978676457405,96.8069514939785,73.0387537088394,NA,0.912520573476246,0.281398696503338
"5421005",2000,0.87847169891824,0.75910447482657,0.945368071542937,5.91654708814621,18.8717450225353,239.008100474596,13.3632356646061,0.719348960815266,94.2567156801224,0.247307691610133,0.510047162771225,0.83809541703818
"5421005",2001,0.867026179560301,0.455470384279777,0.510047162771225,8.46678290200234,38.5595655055046,0.102009432554245,176.782346616507,40.7017635891438,13.0572073669434,6.1205659532547,0.67474649809269,0.683023926163056
"5421005",2002,0.0246422813490514,0.207759106555327,0.20401886510849,7.44668857645988,105.477753261089,188.513431360245,130.776092534542,57.6353293931484,4.69243389749527,0.448067211491727,0.99940109096706,1.01935109032039
"5421005",2003,2.55023581385612,0.21264446478238,0.510047162771225,0.20401886510849,55.5951407420635,19.3817921853065,42.2319050774574,1.53014148831368,1.32612262320519,0.640316504604881,4.59042446494102,0.911413131880809
"5421005",2004,0.884844506127389,0.636880204132352,13.7712733948231,41.9258767797947,11.5270658786297,32.9490467150211,68.6523481090069,54.5750464165211,8.97683006477356,0.549376138727383,37.5394711799622,0.858192368570141
"5421005",2005,0.516316093423633,0.578550285495933,18.1576789946556,1.83616978597641,31.3168957941532,91.604470433712,13.2612262320518,81.0974988806248,8.67080176711082,4.38640559983253,14.2813205575943,0.869987563487477
"5421005",2006,0.0294213727265883,0.275010189222323,0.122458560950185,0.102009432554245,6.22257538580894,67.020197188139,154.136252589464,18.1576789946556,0.81607546043396,60.1855652070045,0.0815592557451131,0.280618084693088
"5421005",2007,0.368252167394397,6.1205659532547,0.27675474240836,0.92419072952797,0.352723876210049,68.5503386764526,13.3632356646061,24.6862826781273,0.216583562057372,0.121869915253182,0.285222542192591,0.586894356990419
"5421005",2008,0.173127308847426,0.22438661652846,6.63061311602592,19.6878204829693,57.1252822303772,43.5580277006626,40.7017635891438,110.374206023693,10.5069715530872,0.116478686854379,0.832650903683737,0.180889911698471
"5421005",2009,0.36485291788492,0.919909599977738,0.300433042005057,0.676220196478587,0.544259619428315,110.578224888802,15.7094526133537,73.4467914390564,12.2411319065094,0.759047796814237,0.884916074542662,0.033827038097907
"5421005",2010,0.382923058375619,1.02009432554245,0.0429115367429623,0.20401886510849,37.5394711799622,92.7265741918087,39.987697561264,5.61051879048348,16.3215092086792,6.32458481836319,10.7109904181957,0.57696590472664
"5410008",1981,0.00387780293489985,0.423018096923828,1.00487475656002,1.05754524230957,100.57255254364,27.6019308242798,12.0560157623291,11.8445067138672,0.528772621154785,0.528772621154785,NA,0.955681846332768
"5410008",1982,0.502732197545927,0.457805627208592,10.5754524230957,0.680499884967763,78.1525934066773,NA,78.787120552063,74.0281669616699,14.5941243438721,8.03734384155273,0.173569761996515,0.988731277410992
"5410008",1983,7.29706217193604,0.127799542122258,0.552437002718355,18.6127962646484,34.1587113265991,89.3625729751587,119.925630477905,28.5537215423584,25.6983493881226,0.780435004748312,0.0552112025085706,0.495307272463472
"5410008",1984,0.379519633161181,0.281052179687683,4.86470811462402,2.32659953308105,27.3904217758179,16.8149693527222,291.036450683594,20.1991141281128,50.0218899612427,8.03734384155273,0.105754524230957,0.211509048461914
"5410008",1985,0.211509048461914,0.469694208480291,12.6905429077148,0.786398146425537,18.2955326919556,1.79782691192627,52.2427349700928,4.23018096923828,0.740281669616699,12.9020519561768,0.609908734136074,0.455279190496912
"5410008",1986,0.353061007673363,0.96818410694503,0.862126807446402,1.37480881500244,109.138669006348,47.3780268554687,1.02946447164889,30.2457939300537,2.11509048461914,9.83517075347901,14.805633392334,0.788025481858212
"5410008",1987,0.489234678575451,0.535870477874666,4.75895359039307,15.1228969650269,30.5630575027466,1.16329976654053,359.459627861023,193.002006721497,7.93158931732178,25.6983493881226,0.0618532682858219,0.448757262281513
"5410008",1988,0.652947921240734,0.236835877163222,0.211509048461914,0.874528627827054,3.48989929962158,1.90358143615723,17.132232925415,20.5163777008057,6.87404407501221,0.66283116527614,13.5365791015625,1.58631786346436
"5410008",1989,0.510624739454515,0.738803333914227,0.119611926347031,4.75895359039307,37.3313470535278,5.71074430847168,66.0965776443481,52.3484894943237,3.17263572692871,0.346148561591124,0.877611341757785,0.56416929731137
"5410008",1990,0.595424405414756,0.451129334131382,3.38414477539063,1.26905429077148,0.338813758516572,2.11509048461914,30.9860755996704,35.6392746658325,9.83517075347901,1.69207238769531,1.02380696755227,0.38573600061941
"5410008",1991,0.152158550544009,0.72353347479617,0.846032632441521,4.86470811462402,30.7745665512085,166.774884712219,61.3376240539551,0.951790718078613,29.9285303573608,6.02800788116455,0.460448852522317,0.423018096923828
"5410008",1992,0.68073301526633,0.413976993189682,18.1897781677246,27.073158203125,98.6689711074829,131.875891716003,8.98913455963135,42.5133187408447,12.4790338592529,0.768039024425646,3.91291739654541,0.467541848436704
"5410008",1993,0.820953751308426,0.612710938641936,0.710724408739449,57.8477247543335,63.875732635498,14.1711062469482,28.8709851150513,27.178912727356,2.32659953308105,1.26905429077148,0.656162346478387,0.418077359261984
"5410008",1994,0.540367296423705,1.0287201649012,0.33099713810049,4.33593549346924,27.8134398727417,9.41215265655518,36.908328956604,1.4805633392334,2.74961763000488,1.05754524230957,0.518613966603388,0.38182593258297
"5410008",1995,6.55678050231934,0.589666494081198,0.5904436467845,8.88338003540039,4.65319906616211,23.4775043792725,48.1183085250854,30.2457939300537,18.5070417404175,0.429225166925041,1.03499171866671,0.947845203810473
"5410008",1996,1.58631786346436,0.937718869762127,0.265235162685577,27.3904217758179,9.62366170501709,17.132232925415,31.4090936965942,14.9113879165649,0.670562150221825,0.634527145385742,0.00204708387560427,0.634527145385742
"5410008",1997,0.0989206090277881,0.195421824450748,9.94092527770996,0.150108938882112,101.947361358643,333.867032997131,28.1307034454346,NA,26.6501401062012,32.1493753662109,1.90358143615723,0.422508649149594
"5410008",1998,0.53819510387019,NA,1.26905429077148,15.5459150619507,8.24885289001465,6.23951692962646,0.330775845750645,0.396861872238708,5.18197168731689,0.922988717394183,0.194669951333973,0.50294967802556
"5410008",1999,0.350278211178737,0.43683016440173,1.90358143615723,11.2099795684814,0.951790718078613,45.1571818466187,10.9984705200195,85.8726736755371,60.2800788116455,NA,0.451453577509333,0.819374570130753
"5410008",2000,0.772904161332801,0.734568380088532,0.330633657894806,6.02800788116455,13.6423336257935,206.115567726135,21.9969410400391,0.632927874979849,66.413841217041,5.60498978424072,0.435105144531734,0.258782241607835
"5410008",2001,0.920777877485018,0.254602797388023,17.6610055465698,7.40281669616699,27.073158203125,0.740281669616699,119.396857856751,50.7621716308594,6.87404407501221,13.5365791015625,0.614366750943918,0.612241827452368
"5410008",2002,0.150835387875973,0.131275679175085,0.266860120285383,8.77762551116943,103.533679222107,195.963133399963,124.367320495605,36.1680472869873,11.4214886169434,0.7091479666125,0.860064371196423,0.727895144436064
"5410008",2003,8.24885289001465,0.682357445689978,0.727686927335361,0.0363369427283752,69.0577043228149,17.4494964981079,33.4184296569824,2.00933596038818,0.951790718078613,0.204184010531626,3.06688120269775,0.867681945801112
"5410008",2004,0.921119050087473,0.211509048461914,13.8538426742554,48.5413266220093,2.9611266784668,33.6299387054443,63.4527145385742,51.0794352035522,14.3826152954102,1.05754524230957,40.3982282562256,0.176531227134191
"5410008",2005,0.378164117241643,0.243802712509669,17.5552510223389,8.77762551116943,26.1213674850464,98.563216583252,13.9595971984863,72.3360945739746,19.8818505554199,3.7014083480835,4.54744454193115,0.301648786030278
"5410008",2006,0.220339304237631,0.574492340458475,0.647302827821344,0.317263572692871,5.49923526000977,72.0188310012817,133.250700531006,21.2566593704224,1.05325788234755,51.2909442520142,0.495442224389467,0.209406503684511
"5410008",2007,0.694544306975335,6.45102597808838,0.317263572692871,0.0273885807303108,1.4805633392334,89.2568184509277,10.3639433746338,17.237987449646,0.678545524262578,0.692685435330247,0.605422789795688,0.277422129356921
"5410008",2008,0.0141533450723773,0.199267608513047,9.94092527770996,6.87404407501221,69.5864769439697,36.2738018112183,32.2551298904419,87.3532370147705,12.6905429077148,0.769424744756729,0.192369672455982,0.166971398655041
"5410008",2009,0.726651331998515,0.200527789265575,0.210003733454545,0.828570820897559,0.846036193847656,95.8135989532471,12.267524810791,73.816657913208,10.9984705200195,0.0640452512441169,0.645982547016813,0.824541846936422
"5410008",2010,0.199951321765946,0.494694083857185,0.604594802389147,0.776250650230989,42.3018096923828,57.8477247543335,26.7558946304321,4.97046263885498,18.0840236434937,2.64386310577393,38.6004013442993,0.572913370791462
"5425003",1981,1.01523793210594,0.781918318491609,1.58932767391205,3.3905657043457,338.738704899788,42.2761161260605,16.3170974521637,4.13225195217133,15.6813663825989,0.58461918973295,0.0303836225035647,1.00931265336868
"5425003",1982,0.222957397042492,0.919965588195152,28.3959877738953,0.277960549132158,173.236716456413,287.56235379982,181.077399647713,105.001581656456,26.2768842086792,32.2103741912842,0.0632389783322352,0.801327847728588
"5425003",1983,2.96674499130249,0.827240391874345,0.0571522207001784,1.58932767391205,59.5468101825714,171.43547842598,118.140023760796,83.4926804695129,12.396755856514,0.300886240438064,0.328221025233779,0.842985501579647
"5425003",1984,0.881374578578138,0.636990112933464,2.11910356521606,0.926677257451732,106.484954152107,20.6612597608566,521.829252934456,75.2281765651703,47.6798302173614,8.26450390434265,0.847641426086426,0.628801379007307
"5425003",1985,0.680493916978259,0.07005732910717,14.3039490652084,0.439768004184748,32.316329369545,21.1910356521606,100.445508991241,0.873261165912418,14.8337249565125,20.6612597608566,0.225523354471804,0.28886301343919
"5425003",1986,0.91145541094691,0.313575831904491,0.398707308820453,NA,164.548391839027,118.457889295578,0.529775891304016,90.5916774129868,1.05955178260803,0.6883450260435,20.1314838695526,0.45157443364348
"5425003",1987,0.266001229257476,0.554653309123378,0.529775891304016,3.70843123912811,81.4795320825577,14.8337249565125,561.138624069214,271.245256347656,21.1910356521606,35.1771191825867,0.019084800662616,0.977398864114857
"5425003",1988,0.165855544783247,0.0700146657262629,5.82753480434418,0.571246607220334,0.529775891304016,57.2157962608337,52.9775891304016,80.5259354782104,7.41686247825623,0.914527263922908,5.82753480434418,0.529775891304016
"5425003",1989,0.48753898410028,0.356399713802873,0.90294753093297,9.00619015216827,34.9652088260651,15.3635008478165,179.064251260757,93.2405568695068,0.0186987663746834,0.953596604347229,0.940436106393332,0.816226400443701
"5425003",1990,0.968444565756132,1.03395417492741,8.47641426086426,1.0274252729609,14.8337249565125,2.11910356521606,60.3944516086578,30.7270016956329,18.4362010173798,4.76798302173615,0.600786209509948,0.767766420951195
"5425003",1991,0.898320065981751,1.01397564897578,0.402546310758222,2.11910356521606,55.6264685869217,264.252214582443,70.4601935434341,2.64887945652008,30.1972258043289,23.8399151086807,0.715117279043183,2.11910356521606
"5425003",1992,0.396730048518123,0.318720879877945,31.786553478241,25.9590186738968,159.462543282509,299.323378586769,13.2443972826004,95.8894363260269,29.1376740217209,0.528861125796026,6.88708658695221,0.147299357666638
"5425003",1993,0.422080331493497,0.330369547905771,0.0146971458060304,91.1214533042908,74.6984006738663,33.375881152153,39.7331918478012,50.3287096738815,6.88708658695221,5.82753480434418,0.103366097362424,1.58932767391205
"5425003",1994,0.100295293585039,1.01052766582112,0.342231888080548,4.76798302173615,106.484954152107,45.5607266521454,78.9366078042984,14.8337249565125,23.3101392173767,1.05955178260803,0.291259120094058,NA
"5425003",1995,0.513636396893697,0.365605718190005,0.174909785415625,19.0719320869446,1.58932767391205,48.7393819999695,104.895626478195,61.9837792825699,6.88708658695221,0.920867315072926,1.05955178260803,0.58300476096135
"5425003",1996,0.146796278649593,1.00942402606052,0.478392650818205,14.3039490652084,9.00619015216827,39.0974607782364,83.1748149347305,59.3348998260498,0.185583145006303,8.15854872608185,0.73862355092691,0.712923140037686
"5425003",1997,0.542591807467634,0.996382688106974,1.05955178260803,0.470488487284638,170.058061108589,416.933626456261,66.221986413002,NA,80.9497561912537,107.650461112976,9.00619015216827,0.638939254071546
"5425003",1998,0.996642304446581,0.8647620539721,0.585669328751942,20.6612597608566,6.35731069564819,34.9652088260651,4.76798302173615,1.0262944078161,8.47641426086426,0.628578754011335,1.05927662465934,0.338287924589798
"5425003",1999,0.227532953675575,0.947681776299169,7.94663836956024,5.82753480434418,13.7741731739044,61.4540033912659,25.9590186738968,91.6512291955948,139.331059412956,NA,0.939052137933284,2.64887945652008
"5425003",2000,0.213660085486121,2.11910356521606,0.795575464736019,8.47641426086426,13.7741731739044,432.826903195381,5.82753480434418,1.03652451244639,140.390611195564,1.58932767391205,0.838114234250429,0.554773701272191
"5425003",2001,0.40458608607852,0.883203330527762,0.946143924224577,10.0657419347763,64.2088380260467,0.853087771239073,347.003208804131,64.1028828477859,16.4230526304245,0.4723936358431,0.528670904335879,0.978460854415623
"5425003",2002,0.329440849247419,0.378863927199134,0.626587886937616,1.0362626484584,276.437060082436,382.4981935215,151.515904912949,101.187195239067,10.0657419347763,2.64887945652008,0.75577885807081,0.634840072093529
"5425003",2003,2.11910356521606,0.60325304419013,0.86033868689128,0.86315857628812,99.9157330999374,78.4068319129944,59.3348998260498,10.0657419347763,0.558982969421765,0.309244937632095,5.29775891304016,0.349840031067646
"5425003",2004,0.8575831267157,0.779937685606573,11.6550696086884,53.5073650217056,27.5483463478088,58.2753480434418,114.431592521667,118.140023760796,18.0123803043365,0.34994588985443,38.1438641738892,0.779117531762398
"5425003",2005,0.687969529627179,0.0981048476205111,18.5421561956406,4.76798302173615,82.6450390434265,108.074281826019,37.0843123912811,130.324869260788,16.9528285217285,19.6017079782486,28.6078981304169,0.819232125043611
"5425003",2006,0.462448414416089,1.02312638726384,0.703852397901605,0.0284462334754153,10.0657419347763,101.187195239067,253.762651934624,49.7989337825775,4.23820713043213,52.9775891304016,0.192108314953849,0.5182122194652
"5425003",2007,0.833277057858519,9.00619015216827,0.952061379240978,0.853735519523751,3.1786553478241,111.782713065147,39.7331918478012,27.5483463478088,1.04456726739519,0.811054956971814,0.303152686817456,0.767738456712112
"5425003",2008,0.986053177520409,0.00768775651338807,11.1252937173843,28.0781222391129,171.43547842598,81.0557113695145,56.2621996564865,141.979938869476,6.35731069564819,0.380951473003487,0.351901529461798,0.794551219928937
"5425003",2009,0.432984261915591,0.898536822817032,0.564643568134789,0.471683411025049,0.509867596531713,182.348861786842,13.3503524608612,115.491144304276,7.41686247825623,0.284803608497433,0.372807133278241,1.02097625563973
"5425003",2010,0.391398647279739,0.498988754118597,0.57306103944677,1.00822195084618,40.7927436304092,138.801283521652,70.9899694347382,4.76798302173615,27.0185704565048,11.1252937173843,1.05955178260803,0.760208810951343
"5410007",1981,0.454367178521021,9.89673302650452,0.549818501472473,2.30923770618439,108.86406329155,22.5425585603714,26.2813243703842,14.7351358394623,5.60814871501923,2.85905620765686,1.64945550441742,0.495623701905638
"5410007",1982,0.955602432740082,1.09081988604491,10.446551527977,0.157138419440903,105.565152282715,205.082301049232,133.385968457222,68.3974215831757,21.4429215574265,13.7454625368118,1.9793466053009,1.08793267839579
"5410007",1983,7.25760421943665,0.00898919667971767,0.080098791859837,27.0510702724457,35.1883840942383,94.3488548526764,133.056077356339,45.0851171207428,34.4186381921768,0.329891100883484,0.109963700294495,0.442492319840404
"5410007",1984,0.422190127964961,0.124522456250197,1.75941920471191,3.29891100883484,30.1300538806915,34.5286018924713,260.06415119648,17.7041557474136,58.2807611560821,9.34691452503204,0.339464162455787,0.111503343203359
"5410007",1985,0.549818501472473,0.113910239833801,15.0650269403458,0.698257887748666,19.57353865242,1.64945550441742,73.6756791973114,3.29891100883484,1.09963700294495,14.8450995397568,0.457822734874454,0.087359404382944
"5410007",1986,0.257948479961092,0.133506879521674,0.414483539985941,1.64945550441742,103.365878276825,81.9229567193985,0.313588174379688,36.2880210971832,3.84872951030731,12.0960070323944,16.4945550441742,0.76332704485193
"5410007",1987,0.549818501472473,0.0620523428690354,15.3949180412292,23.0923770618439,28.0407435750961,41.2363876104355,266.112154712677,166.595005946159,24.1920140647888,25.2916510677338,1.02752456190531,0.489995989285697
"5410007",1988,0.405388764804684,0.887268338648861,0.628245661589132,0.743672094003708,7.14764051914215,3.29891100883484,26.3912880706787,29.6901990795136,0.775577396968451,NA,12.6458255338669,3.84872951030731
"5410007",1989,3.29891100883484,0.711394633151364,0.148538570192652,8.2472775220871,42.3360246133804,9.34691452503204,81.9229567193985,86.1015773305893,8.79709602355957,0.0983047790403935,0.929596791481568,0.960563259725024
"5410007",1990,NA,NA,NA,NA,NA,NA,NA,NA,NA,NA,NA,NA
"5410007",1991,0.0820667095440722,0.793671159641725,0.372515002492999,6.0480035161972,51.13312063694,175.831956770897,96.7680562591553,2.74909250736237,55.5316686487198,8.2472775220871,0.0963604380602575,1.31956440353394
"5410007",1992,0.768444934480377,0.707279250911847,24.1920140647888,40.1367506074905,131.406621851921,189.907310408592,20.893103055954,76.4247717046738,17.0443735456467,0.188206376631626,22.5425585603714,NA
"5410007",1993,0.464324197547053,0.0200149074086885,0.21538011753508,74.2254976987839,96.3282014579773,28.2606709756851,45.6349356222153,30.7898360824585,8.79709602355957,2.19927400588989,0.0863520206620378,0.788098461806297
"5410007",1994,0.279596253221064,0.702580433191906,0.0314273906835509,4.39854801177979,25.6215421686172,20.1233571538925,53.1124672422409,3.84872951030731,6.59782201766968,3.29891100883484,0.991206704898987,0.408225240781638
"5410007",1995,NA,NA,NA,NA,NA,NA,NA,NA,NA,NA,NA,NA
"5410007",1996,1.64945550441742,0.931026843553028,0.250708217406188,38.4872951030731,8.2472775220871,23.0923770618439,26.3912880706787,20.893103055954,2.19927400588989,4.39854801177979,1.03671158286797,0.063869064562652
"5410007",1997,0.462259467288727,0.0186043954850996,13.1956440353394,0.975286124913249,114.362248306274,358.481662960053,42.3360246133804,NA,34.0887470912933,40.686569108963,4.39854801177979,6.59782201766968
"5410007",1998,0.377734461973938,0.829076338380984,2.19927400588989,18.6938290500641,15.3949180412292,9.34691452503204,0.712311428879874,0.16360777528484,12.0960070323944,0.482728512619975,0.470531855201456,0.624900239776694
"5410007",1999,0.0836026726989895,0.66114697212973,4.39854801177979,16.4945550441742,2.19927400588989,53.8822131443024,17.0443735456467,101.166604270935,81.9229567193985,NA,0.176204896922304,0.472747342104309
"5410007",2000,0.955096550549898,0.639489506372668,1.07874261247795,10.9963700294495,24.1920140647888,201.233571538925,2.19927400588989,0.991394599345782,76.9745902061462,13.1956440353394,0.797712438840378,0.147413950449075
"5410007",2001,0.625555919782082,0.942174840992525,10.9963700294495,21.9927400588989,26.3912880706787,1.09963700294495,134.705532860756,56.7412693519592,15.9447365427017,17.0443735456467,0.61071088258441,0.187154168856103
"5410007",2002,1.04372275024657,1.00092533796143,0.303197833884486,10.9963700294495,116.561522312164,188.037927503586,141.853173379898,42.5559520139694,13.1956440353394,1.00485067766924,0.228648076362082,0.148583676903497
"5410007",2003,6.59782201766968,0.321116825655247,1.04551485089302,0.568192570792924,87.4211417341232,32.9891100883484,38.4872951030731,4.39854801177979,1.09963700294495,0.0919120811526179,5.49818501472473,0.0638347743170479
"5410007",2004,0.427880572089239,1.09963700294495,10.446551527977,46.7345726251602,8.79709602355957,43.4356616163254,82.472775220871,63.2291276693344,24.1920140647888,1.64945550441742,57.1811241531372,1.06522166250215
"5410007",2005,0.750442236525852,0.38422379321537,17.5941920471191,25.2916510677338,29.6901990795136,118.210977816582,23.6421955633163,83.0225937223434,21.4429215574265,10.9963700294495,7.69745902061462,0.00185293881491344
"5410007",2006,0.985386097326118,0.799199000138741,0.40491256228643,0.332178551498482,5.49818501472473,89.6204157400131,188.037927503586,27.4909250736237,0.679490574744518,37.3876581001282,0.728114418242513,0.158140003076512
"5410007",2007,0.0238092351871636,10.446551527977,0.911169944815707,1.07798421509724,3.29891100883484,82.472775220871,13.7454625368118,25.8414695692062,0.130935238347875,0.329675886380992,0.308651714204929,0.847481781518521
"5410007",2008,0.0591097481689507,0.0797615496971547,4.39854801177979,13.7454625368118,90.2801979417801,57.1811241531372,33.5389285898209,124.808799834251,6.0480035161972,0.614680804911306,0.574950233428173,0.347037745830282
"5410007",2009,0.415609388925665,0.825504374259312,0.63424323833115,0.450632148895428,3.29891100883484,106.114970784187,15.9447365427017,86.8713232326508,18.1440105485916,0.618136985975967,0.108949842977901,0.464775114622387
"5410007",2010,0.388798894557782,0.458116419558929,0.310837915464778,0.865916292162193,48.9338466310501,67.6276756811142,26.3912880706787,7.69745902061462,31.339654583931,7.69745902061462,45.0851171207428,0.796858436831296
"5423013",1981,0.0820788889916637,0.0940303202901517,0.340942590165072,0.922083656545332,278.07320912838,30.4881779384613,32.5908108997345,8.93619008541107,21.5519878530502,2.62829120159149,1.0513164806366,NA
"5423013",1982,0.0740401033718481,0.695278377711936,17.3467219305038,0.153592558530345,144.030357847214,278.07320912838,169.78761162281,106.708622784615,38.3730515432358,29.4368614578247,0.679751849817907,0.516775771326971
"5423013",1983,0.682876086336041,0.572701682315938,1.03393474834843,3.88987097835541,52.0401657915115,135.409562705994,138.563512147903,76.6409714384079,14.2979041366577,1.0513164806366,1.0028472531774,0.930697917606422
"5423013",1984,0.520016899951655,0.702092705407733,1.0513164806366,0.525658240318298,120.796263625145,14.4030357847214,451.645560081482,78.6384727516174,51.1991126070023,8.09513690090179,2.73342284965515,1.04865643484348
"5423013",1985,0.471806921277755,0.206352039029216,12.5106661195755,0.412450554157201,33.8523906764984,17.8723801708221,82.8437386741638,0.87928903977271,6.30789888381958,20.5006713724136,0.78427570905818,0.600053339619392
"5423013",1986,0.985205908852346,0.0751487949265242,0.218318738153893,37.0063401184082,115.224286277771,150.127993434906,3.15394944190979,94.6184832572937,6.62329382801056,0.0798631924075052,33.3267324361801,0.762783993446488
"5423013",1987,0.241344349408531,0.406142161255149,0.68024096880501,2.20776460933685,98.0878276433945,20.2904080762863,552.887337166786,218.04303808403,19.9750131320953,54.8787202892304,0.840652107816161,0.298577848592518
"5423013",1988,0.708177593577891,0.432192062215942,1.0513164806366,0.501265106805692,0.00624774188231146,37.4268667106628,47.7297682209015,64.1303053188324,15.5594839134216,1.04265004328367,8.30540019702911,0.841053184509277
"5423013",1989,0.0407648171219846,0.424177876609981,0.463334854362361,16.8210636901855,22.2879093894958,21.4468562049866,150.548520027161,95.2492731456757,2.52315955352783,2.62829120159149,0.0667937170500437,0.339848189524822
"5423013",1990,1.03978046717424,0.720879773855904,9.98750656604767,0.985429246400393,10.513164806366,1.47184307289124,55.9300367698669,32.3805476036072,16.5056687459946,3.78473933029175,0.192070486164464,0.0374494485884248
"5423013",1991,0.0292238889930308,0.386212602944725,0.856300172247659,8.72592678928375,50.4631910705566,232.130678924561,91.4645338153839,1.57697472095489,44.8912137231827,18.2929067630768,0.695215078431517,0.525658240318298
"5423013",1992,0.063161958348342,0.947630268035714,38.1627882471085,20.39553972435,175.674983914375,251.264638872147,8.51566349315643,77.4820246229172,23.2340942220688,0.842372570351913,5.15145075511932,0.041314017773588
"5423013",1993,0.570431142576084,0.298165087339541,1.02844253352572,82.4232120819092,111.860073539734,29.0163348655701,53.3017455682755,46.7835833883286,4.31039757061005,0.742677780801207,3.04881779384613,0.895405194743363
"5423013",1994,0.454311431029417,0.538302733112206,0.271358096896741,0.525658240318298,85.6822931718826,42.0526592254639,102.503356862068,14.1927724885941,24.1802790546417,0.742032562280424,0.488804402666424,0.596139718742407
"5423013",1995,NA,NA,NA,NA,NA,NA,NA,NA,NA,NA,NA,NA
"5423013",1996,NA,NA,NA,NA,NA,NA,NA,NA,NA,NA,NA,NA
"5423013",1997,NA,NA,NA,NA,NA,NA,NA,NA,NA,NA,NA,NA
"5423013",1998,0.680350992666218,0.10513164806366,0.678687758899302,25.7572537755966,7.88487360477447,43.6296339464188,0.467479422956955,0.31132122536932,5.25658240318298,0.126460775645991,0.243185873611087,0.955129375384635
"5423013",1999,0.287563026245494,0.849586621408389,15.2440889692307,6.30789888381958,7.88487360477447,68.8612294816971,28.3855449771881,120.37573703289,118.273104071617,NA,1.04827481874183,0.696402976209968
"5423013",2000,0.032021067153251,3.67960768222809,0.580316456409275,11.0388230466843,23.6546208143234,367.435109982491,1.36671142482758,0.352128425432418,135.094167761803,0.443185887691468,0.487544319651445,0.315040728665162
"5423013",2001,0.204088732254958,0.251516215866318,0.354806422315752,7.35921536445618,46.7835833883286,0.77936461255996,290.163348655701,64.6559635591507,17.8723801708221,0.90220463304083,0.131329174172919,0.976701565908068
"5423013",2002,0.56528971765035,0.0560050418209049,0.797719759213414,0.460195197765692,226.033043336868,295.525062706947,144.030357847214,52.0401657915115,17.3467219305038,0.401909198178986,0.539822746621144,0.468599139099179
"5423013",2003,0.541967170503743,0.761116460876168,0.487012543081536,0.388366336005792,87.2592678928375,69.3868877220154,50.9888493108749,7.88487360477447,0.910476267329583,0.463653812014213,8.93619008541107,0.470175010371494
"5423013",2004,0.501901020309244,0.427871140364282,36.7960768222809,48.8862163496017,11.0388230466843,51.5145075511932,105.13164806366,125.211792843819,26.2829120159149,0.50151991579506,41.0013427448273,0.208864887155371
"5423013",2005,0.56747719296467,0.870047835612825,19.449354891777,1.36671142482758,72.0151789236069,144.030357847214,41.5270009851456,178.198143467903,24.70593729496,22.6033043336868,18.9236966514587,0.253230016994721
"5423013",2006,0.995945845951168,0.795295087226234,0.813011502973381,0.914473587343251,17.8723801708221,101.97769862175,264.931753120422,48.3605581092834,1.04894300337869,72.5408371639252,0.851119066982359,0.135570804617818
"5423013",2007,0.81451648070633,18.9236966514587,2.62829120159149,0.776250957090384,3.67960768222809,114.067838149071,44.6809504270554,29.962519698143,0.579712585905291,0.429866308970231,0.865297792234695,0.0668676881919145
"5423013",2008,0.306341759979174,0.857060116338783,9.98750656604767,12.6157977676392,169.78761162281,89.3619008541107,73.0664954042435,146.132990808487,10.513164806366,0.0766686145707376,0.0571136161265873,0.554013402142192
"5423013",2009,0.928357240693364,0.167463018064133,0.074005907788454,0.909849089977579,0.77219406381756,172.94156106472,22.0776460933685,108.285597505569,15.7697472095489,4.20526592254639,0.179089112288477,0.504689523512589
"5423013",2010,0.409518917347536,0.814681231942911,0.623801950761818,0.811121882695019,45.732266907692,147.184307289124,59.925039396286,5.25658240318298,15.2440889692307,11.5644812870026,4.20526592254639,0.0864802828177186
"5410006",1981,0.207727629484398,3.61458154678345,0.843402360916138,3.37360944366455,143.860345561981,50.9655998096466,24.5791545181274,34.8204689006805,10.1208283309937,1.80729077339172,3.01215128898621,1.12749409240128
"5410006",1982,0.92749790973711,0.92169690625631,21.0850590229034,1.19041198056614,120.847509714127,343.867191150665,197.356152454376,81.3280848026276,49.5197671909332,26.3864452915192,8.43402360916138,0.214829163136955
"5410006",1983,24.458668466568,0.598004193537277,0.0923812192035248,34.4590107460022,54.821153459549,150.366592346191,169.282902441025,56.8694163360596,53.9777510986328,0.733461523401969,0.419820838770324,0.263456720011958
"5410006",1984,0.194321441952616,0.914329261072464,1.56631867027283,1.56631867027283,47.1100461597443,42.8930343551636,315.914427188873,26.0249871368408,66.387814409256,6.86770493888855,5.42187232017517,3.01215128898621
"5410006",1985,8.07256545448303,0.088626429786861,9.87985622787476,1.20486051559448,45.7846995925903,1.80729077339172,121.690912075043,2.77117918586731,2.65069313430786,26.1454731884003,0.450747814369741,0.420326392273751
"5410006",1986,0.682400020066549,0.814604609095558,0.831400282458306,2.40972103118896,120.606537611008,158.559643852234,0.602430257797241,69.6409378013611,19.2777682495117,29.8805407867432,25.9045010852814,0.155248476752257
"5410006",1987,0.218254308902818,1.00819116301264,14.4583261871338,16.8680472183228,36.7482457256317,103.015574083328,541.58480175972,251.21341750145,19.3982543010712,62.6527468109131,0.482940420438116,0.578943662517491
"5410006",1988,0.831213683069117,0.983116934366507,0.644393158072899,0.297193568708812,12.2895772590637,3.01215128898621,58.7971931610107,54.2187232017517,34.3385246944427,0.905598481024404,11.4461748981476,7.22916309356689
"5410006",1989,0.362811815591874,0.654834424713813,0.182554879807907,13.2534656715393,65.0624678421021,4.81944206237793,131.932226457596,184.946089143753,21.3260311260223,0.104908241515626,0.602430257797241,0.0268673429300466
"5410006",1990,0.142947565419851,0.201975504719559,3.494095495224,8.43402360916138,3.37360944366455,8.43402360916138,54.2187232017517,69.0385075435638,43.3749785614014,NA,1.06549442743211,0.857451109745681
"5410006",1991,0.549639904757201,NA,0.99498053831506,13.2534656715393,90.9669689273834,168.680472183228,172.174567678452,6.62673283576965,99.0395343818665,24.9406126728058,0.423238608882195,3.13263734054565
"5410006",1992,0.497943988016726,NA,16.0246448574066,82.1714871635437,154.222145996094,214.465171775818,37.8326201896667,62.0503165531158,31.9288036632538,1.03303736747505,16.386103012085,0.421351285290192
"5410006",1993,0.571168160106935,0.911480153266101,0.540443010419881,81.9305150604248,130.96833804512,20.4826287651062,48.4353927268982,37.1097038803101,19.1572821979523,2.40972103118896,1.20486051559448,0.651382112572914
"5410006",1994,1.1509102697102,0.459014874719386,0.660841481390179,15.4222145996094,40.4833133239746,33.6156083850861,90.9669689273834,15.5427006511688,12.892007516861,21.4465171775818,0.192536975238682,1.09671208296388
"5410006",1995,20.2416566619873,0.0502634722733336,0.964543519117814,16.6270751152039,11.4461748981476,62.2912886562347,78.1954474620819,52.41143242836,40.3628272724152,3.01215128898621,1.06763009584712,0.142319357023567
"5410006",1996,9.03645386695862,1.20147475265657,0.606420546919744,51.2065719127655,10.8437446403503,57.3513605422974,30.1215128898621,37.350675983429,6.7472188873291,1.80729077339172,0.00418628200681775,0.0638775238118231
"5410006",1997,0.239390751289445,0.478945692233431,11.4461748981476,0.00458212476109872,135.546808004379,502.788293157578,52.41143242836,153.017285480499,54.5801813564301,92.1718294429779,6.02430257797241,20.4826287651062
"5410006",1998,0.224664826083506,1.80729077339172,8.43402360916138,42.1701180458069,20.6031148166657,27.1093616008759,0.99824823384185,0.634762921621357,15.060756444931,0.32749055483682,0.987459511115714,0.738132885384923
"5410006",1999,1.16206633546386,0.533159834876893,7.83159335136414,39.1579667568207,6.62673283576965,72.2916309356689,30.7239431476593,147.595413160324,83.7378058338165,27.1093616008759,0.235801575770259,3.01215128898621
"5410006",2000,0.361259421648241,1.20486051559448,0.945593389508216,45.7846995925903,36.1458154678345,257.358206130981,92.1718294429779,4.81944206237793,130.727365942001,21.6874892807007,9.03645386695862,0.288437751496645
"5410006",2001,0.665711841558725,1.12551864781012,15.060756444931,26.5069313430786,40.3628272724152,1.80729077339172,203.01899687767,90.3645386695862,27.1093616008759,29.5190826320648,0.239807586268121,0.903645206316069
"5410006",2002,0.374778843927552,1.11410926907462,15.060756444931,25.9045010852814,207.838438940048,206.633578424454,139.161389551163,90.9669689273834,28.3142221164703,4.81944206237793,0.35716497259302,2.40972103118896
"5410006",2003,14.4583261871338,0.647434784138204,0.636950723162868,0.249327438421709,109.039876661301,40.9652575302124,82.532945318222,8.43402360916138,7.22916309356689,1.00907370383115,16.8680472183228,0.565621585269623
"5410006",2004,0.658698185126101,0.322924779834807,11.4461748981476,54.2187232017517,13.2534656715393,63.2551770687103,108.437446403503,83.1353755760193,50.001711397171,5.42187232017517,74.7013519668579,0.754838945337165
"5410006",2005,1.80729077339172,0.827690480266952,52.41143242836,24.0972103118896,90.9669689273834,233.140509767532,16.2656169605255,204.223857393265,64.4600375843048,39.7603970146179,12.6510354137421,0.102118960328486
"5410006",2006,0.878999639447507,13.2534656715393,1.08515085193451,1.08294419747856,7.83159335136414,103.015574083328,253.26168037796,36.1458154678345,2.40972103118896,41.5676877880096,0.940278021449881,0.671871332906017
"5410006",2007,3.01215128898621,3.61458154678345,5.42187232017517,0.0353809577701335,6.02430257797241,136.751668519974,44.5798390769959,36.1458154678345,0.304537746565754,0.556633172662654,0.052221903375096,0.475629463040675
"5410006",2008,0.580970133550418,0.341596470651465,24.0972103118896,26.5069313430786,185.54851940155,104.220434598923,39.7603970146179,191.572821979523,13.2534656715393,0.0192434044301101,0.0900257957418959,1.07074333297075
"5410006",2009,6.62673283576965,9.63888412475586,0.142194197292188,0.956105487338366,7.83159335136414,130.124935684204,26.5069313430786,138.558959293365,59.6405955219269,4.81944206237793,1.02577257019237,0.795143145413306
"5410006",2010,0.221993104550998,0.11585274000652,1.15892369334817,1.15720388647812,44.5798390769959,104.82286485672,54.2187232017517,13.2534656715393,30.1215128898621,10.8437446403503,56.0260139751434,1.08934986740818
"5426004",1981,0.373965974590923,0.91948696928031,0.178464920708022,4.77861064195633,175.746680276394,36.7422062692642,21.2382695198059,3.92907986116409,23.8930532097816,0.0814453156138731,0.776727067660098,0.617552409282266
"5426004",1982,0.153012185882034,1.03259151263521,15.9287021398544,0.248067469486847,134.863011450768,207.9226585989,146.331676991463,72.7410731053352,28.5654725041389,25.4859234237671,0.985124980153702,0.144357890334697
"5426004",1983,2.65478368997574,0.0418402900733863,0.0149643249493048,0.834834613215283,38.9722245688438,115.005229449749,93.448385887146,73.2720298433304,12.7429617118835,0.839515587690349,0.493482672060071,0.330833001837173
"5426004",1984,0.0988412866584798,0.252425373055582,0.383982062278281,0.418250308662941,100.350823481083,45.4498967723846,370.607803120613,61.3785989122391,36.7422062692642,6.58386355113983,2.65478368997574,0.333256647051975
"5426004",1985,0.185543568442018,0.125498991421785,14.8667886638641,0.633222230907524,35.3617187504768,22.3001829957962,97.6960397911072,0.0212635081638276,9.55722128391266,21.556843562603,0.518370165447459,0.326195028138854
"5426004",1986,0.316557255509155,0.376065892708516,0.739117101973171,39.2907986116409,158.543681965351,108.633748593807,2.12382695198059,80.7054241752625,0.59145086955697,0.319214182515349,31.1140648465157,0.328232795535407
"5426004",1987,0.15631784336649,0.919295920566841,0.866229752313555,2.8671663851738,98.4393792243004,11.6810482358933,489.223538388729,155.995089622974,23.5744791669846,46.724192943573,0.0167471102677037,0.542534100591482
"5426004",1988,0.306135606749638,0.47196175435688,4.99099333715439,0.387880468307613,0.0173383090746632,45.0251313819885,43.8570265583992,52.3523343663216,9.02626454591751,0.9570642018223,6.37148085594177,0.376814135992331
"5426004",1989,0.412823367050719,0.799852866059972,0.276456404080269,15.9287021398544,25.061158033371,23.4682878193855,123.181963214874,85.2716521220207,0.271219425771583,0.972484749043271,0.405273847719667,0.403888593170655
"5426004",1990,0.262277313630296,0.0653227339026595,10.0881780219078,0.952756320322166,10.5129434123039,2.54859234237671,62.1219383454323,25.273540728569,14.1234492306709,7.43339433193207,0.720314787779388,0.278625493469018
"5426004",1991,0.588130775131437,0.109986949830226,0.0819557942891046,2.23001829957962,50.8656554999352,200.914029657364,61.3785989122391,1.0619134759903,54.1575872755051,23.3620964717865,0.991722661731033,2.33620964717865
"5426004",1992,0.818897297875381,0.340490453270353,31.9635956273079,35.0431447076798,140.703535568714,245.08963025856,4.77861064195633,81.2363809132576,19.1144425678253,0.780381868883125,3.71669716596603,0.703673693134235
"5426004",1993,0.0104366996124063,0.377422364114657,0.388001860158785,81.0239982180595,69.6615240249634,39.0784159164429,46.1932362055778,60.3166854362488,4.24765390396118,7.43339433193207,0.739098988978595,1.0619134759903
"5426004",1994,0.963880032746953,0.585820476630274,0.481554793757123,9.55722128391266,86.5459482932091,38.5474591784477,69.0243759393692,15.9287021398544,15.9287021398544,1.0619134759903,0.683726311021821,3.18574042797089
"5426004",1995,0.947975189954705,0.980564269593566,0.76506299787019,12.7429617118835,1.59287021398544,74.3339433193207,52.8832911043167,49.3789766335487,6.90243759393692,0.150893350725879,1.0619134759903,0.235098327025117
"5426004",1996,NA,0.40888422823218,1.00864322891219,19.6453993058205,0.063416177732094,0.219968108664684,51.5028035855293,48.3170631575584,0.657556509148905,0.135947659223976,0.00654514378069806,0.861543435594208
"5426004",1997,0.320800646104877,0.202409492526873,2.12382695198059,0.733485522760177,147.605973162651,233.620964717865,65.3076787734032,151.428861676216,83.8911646032333,88.6697752451897,0.470282003616032,0.330409608889137
"5426004",1998,0.240168071354873,0.897581207494388,0.909609483496317,15.3977454018593,8.49530780792236,25.9106888141632,3.18574042797089,0.979405477544071,7.43339433193207,0.622734629772501,0.546890035834827,0.11238908044001
"5426004",1999,0.141433218659172,0.428723380386885,NA,5.84052411794663,9.02626454591751,9.87579532670975,34.5121879696846,83.3602078652382,116.279525620937,4.24765390396118,0.217769230089098,0.530809101970258
"5426004",2000,0.850232765882728,6.90243759393692,0.479191379150938,10.0881780219078,13.2739184498787,279.283244185448,8.49530780792236,0.743339433193207,104.067520647049,1.16810482358932,1.01078429914821,0.269778133164344
"5426004",2001,0.861455227617426,1.05251958755488,0.732487236631512,9.02626454591751,51.0780381951332,0.637148085594177,254.96542558527,62.3343210406303,15.8225107922554,0.637148085594177,0.537668248910307,0.780300801123523
"5426004",2002,0.209413692512867,0.303305358073548,0.318574042797089,2.65478368997574,214.294139454842,297.866730015278,142.2964057827,90.2626454591751,11.1500914978981,12.6367703642845,0.990020193286139,0.763624866797528
"5426004",2003,0.854765650636499,0.10619134759903,0.631931655504802,0.280735319228248,73.2720298433304,62.1219383454323,47.7861064195633,9.02626454591751,2.12382695198059,0.109889622184805,4.24765390396118,0.721567345895702
"5426004",2004,0.690114454088205,0.496287619311436,11.1500914978981,50.440890109539,25.4859234237671,68.5996105489731,93.9793426251411,97.165083053112,24.2116272525787,0.849530780792236,53.0956737995148,0.0634702160646891
"5426004",2005,0.00201484027514788,0.650730584653624,17.5215723538399,1.59287021398544,58.2990498318672,105.872773556232,35.5741014456749,101.943693695068,19.9639733486176,21.2382695198059,19.6453993058205,0.0125222683140063
"5426004",2006,0.349468058316409,0.151080179444652,0.716685272404589,0.693257174729178,12.7429617118835,90.7936021971703,212.170312502861,54.6885440135002,3.18574042797089,50.7594641523361,0.794338713366832,0.740733197748328
"5426004",2007,0.750310221294551,10.0881780219078,3.18574042797089,0.991130220760178,1.38048751878738,97.9084224863052,40.5650947828293,31.3264475417137,0.2007784000457,0.344619865686157,1.05382202829305,0.643792242347918
"5426004",2008,0.038830976202864,1.03444280388579,11.6810482358933,19.1144425678253,136.455881664753,85.1654607744217,52.5647170615196,121.589093000889,10.1943693695068,1.02910058136207,0.327372965434966,1.0424466674079
"5426004",2009,0.130975263802799,0.29030604591339,0.766751532519614,0.574264284472529,0.971992823460493,146.544059686661,15.9287021398544,100.350823481083,12.2120049738884,0.555542470608782,0.113010447709168,0.00350339914709444
"5426004",2010,1.01877802138122,0.386815400540364,0.771713581684754,0.550441877643087,41.9455823016167,72.7410731053352,50.7594641523361,4.77861064195633,20.1763560438156,14.335831925869,9.55722128391266,0.467719416287371
"5403006",1981,0.852137513068291,25.126237487793,5.02524749755859,11.3068068695068,239.829936820984,60.931125907898,19.4728340530395,54.6495665359497,16.7089479293823,1.18807289305684,1.25631187438965,0.602612746926805
"5403006",1982,3.76893562316895,1.11294213742452,14.8244801177979,0.530937011857239,194.100184593201,685.066865104675,393.099985496521,98.6204821395874,79.7758040237427,16.7089479293823,17.5883662414551,1.25190511413736
"5403006",1983,27.3875988616943,1.63320543670654,0.694946831538857,47.4885888519287,62.5643313446045,183.924058410645,266.840642120361,66.0820045928955,41.4582918548584,NA,NA,NA
"5403006",1984,0.635028705500873,0.562445829421638,8.79418312072754,0.538905021304637,54.0214105987549,62.1874377822876,442.473042160034,31.7846904220581,69.9765714035034,56.7852967224121,7.78913362121582,27.5132300491333
"5403006",1985,13.0656434936523,0.240183813230377,15.5782672424316,0.0064145210386182,124.751769126892,32.287215171814,154.023835800171,0.0128081034840628,12.9400123062134,36.5586755447388,1.15279635900945,0.928882483212457
"5403006",1986,0.999929603589474,10.678650932312,0.24456783684342,21.9854578018188,252.518686752319,340.209255584717,0.162732094852821,368.601903945923,0.671286601805583,77.7657050247192,15.5782672424316,0.144043091033846
"5403006",1987,4.2714603729248,16.8345791168213,15.5782672424316,15.5782672424316,59.5491828460693,119.349628067017,NA,NA,32.5384775466919,117.967685005188,NA,0.256691621015028
"5403006",1988,0.922969681965716,9.79923262023926,0.573541463234409,0.149618531801513,39.5738240432739,4.2714603729248,55.5289848480225,42.2120789794922,NA,NA,11.8093316192627,5.02524749755859
"5403006",1989,2.76388612365723,1.14541583530347,1.2182840218356,13.1912746810913,82.288427772522,3.76893562316895,141.083823493958,327.269243278503,48.3680071640015,1.25236714060689,0.0322173913396091,0.856448426963713
"5403006",1990,NA,NA,NA,NA,NA,NA,NA,NA,NA,NA,NA,NA
"5403006",1991,NA,NA,NA,74.7505565261841,175.004244102478,215.206224082947,399.758438430786,1.19454231490365,119.223996879578,27.0107052993774,1.25270366275831,0.0118528124560817
"5403006",1992,0.772563913993863,1.00113618757134,43.3427596664429,128.143811187744,82.5396901473999,291.966879608154,115.957586006165,60.67986353302,11.5580692443848,1.15890014217573,15.7038984298706,0.232810741748223
"5403006",1993,0.404074781978639,2.63825493621826,0.750054071331751,209.301558273315,333.676433837891,120.229046379089,65.3282174682617,31.9103216094971,35.679257232666,9.92486380767822,0.125631187438965,0.874543915283373
"5403006",1994,0.756839237616159,0.488092570616543,0.293371042560092,41.4582918548584,54.2726729736328,61.8105442199707,194.22581578064,16.8345791168213,26.3825493621826,19.4728340530395,1.25631187438965,0.17407885284242
"5403006",1995,16.5833167419434,0.00840415569525242,0.072213678747562,33.9204206085205,30.6540097351074,90.7057173309326,80.9064847106934,52.1369427871704,NA,1.75883662414551,0.418705735916023,0.697892283737697
"5403006",1996,28.1413859863281,0.533176481900884,0.365149209509441,46.9860641021728,19.8497276153564,65.0769550933838,37.5637250442505,40.2019799804687,3.89456681060791,0.0241191749245607,1.22162752727068,5.52777224731445
"5403006",1997,0.524157074736602,0.529138508006662,36.8099379196167,0.376893562316895,142.842660118103,722.630590148926,42.965866104126,NA,80.5295911483765,84.4241579589844,6.15592818450928,13.0656434936523
"5403006",1998,0.386598061950519,6.15592818450928,10.1761261825562,44.3478091659546,21.2316706771851,27.0107052993774,1.04886005492379,0.120964670048618,20.6035147399902,1.14453491470216,0.00237407399008239,0.190850603670211
"5403006",1999,0.0833947438808313,0.456664795876582,18.7190469284058,35.804888420105,14.5732177429199,119.223996879578,28.7695419235229,150.883056114197,171.737833229065,19.5984652404785,0.838957706629863,3.64330443572998
"5403006",2000,1.03933403752801,4.77398512268066,0.792972142661625,38.3175121688843,45.6041210403442,496.36882157135,103.017573699951,0.580375744228192,118.470209754944,14.196324180603,23.1161384887695,0.0620396370048668
"5403006",2001,0.614434000705303,0.842404046435598,17.713997428894,30.6540097351074,63.0668560943604,5.52777224731445,401.642906242371,93.4696034545898,29.0208042984009,34.0460517959595,0.194837928943617,0.236835633811527
"5403006",2002,0.513713416467491,0.642575843463079,22.1110889892578,25.8800246124268,337.822263023376,319.103216094971,183.421533660889,160.054132797241,43.7196532287598,16.5833167419434,0.309448339554135,6.28155937194824
"5403006",2003,17.4627350540161,0.316315747652873,0.186415940504099,0.653801269759802,158.672189735413,63.4437496566772,124.500506752014,8.04039599609375,18.8446781158447,1.09923904634163,33.6691582336426,0.309551863950933
"5403006",2004,4.02019799804687,0.112572026294371,16.7089479293823,53.7701482238769,12.4374875564575,72.2379327774048,97.8666950149536,83.2934772720337,64.5744303436279,7.78913362121582,117.967685005188,1.22353436785806
"5403006",2005,1.75883662414551,1.10721569003729,87.0624128952026,20.1009899902344,137.566150245667,407.296309677124,19.2215716781616,465.337918273926,64.9513239059448,60.931125907898,23.4930320510864,1.03680023433271
"5403006",2006,7.03534649658203,36.3074131698608,0.41815640753796,0.502524749755859,18.4677845535278,128.269442375183,521.997583808899,62.3130689697266,7.53787124633789,74.7505565261841,1.17324364069976,0.709252167726907
"5403006",2007,0.801522357790294,4.39709156036377,11.1811756820679,0.327624612998772,21.8598266143799,223.120988891602,127.39002406311,40.7045047302246,1.25342143736959,0.132554825618806,0.432105441020195,3.64330443572998
"5403006",2008,0.485094210173343,52.6394675369263,48.1167447891235,59.0466580963135,290.208042984009,177.768130226135,94.2233905792236,281.790753425598,20.1009899902344,0.984272323080025,0.850852940629498,0.140989301805692
"5403006",2009,4.39709156036377,11.3068068695068,0.0845648790380052,0.167620513535015,25.6287622375488,165.833167419434,39.5738240432739,108.670977134705,135.053526496887,6.90971530914307,0.928885147081923,0.369513713777652
"5403006",2010,1.24632899738393,0.322071989895043,1.20789173585185,0.0887259838412107,27.3875988616943,113.068068695068,57.162190284729,9.92486380767822,26.0056557998657,13.1912746810913,60.3029699707031,4.14582918548584
"5733010",1981,NA,NA,NA,NA,NA,NA,NA,NA,NA,NA,NA,NA
"5733010",1982,NA,NA,NA,NA,NA,NA,NA,NA,NA,NA,NA,NA
"5733010",1983,NA,NA,NA,NA,NA,NA,NA,NA,NA,NA,NA,NA
"5733010",1984,NA,NA,NA,NA,NA,NA,NA,NA,NA,NA,NA,NA
"5733010",1985,NA,NA,NA,NA,NA,NA,NA,NA,NA,NA,NA,NA
"5733010",1986,0.417729861978813,0.58701711023167,1.01147478247155,4.08515529632568,166.470078325272,108.767259764671,0.802079423080185,85.2776168107986,NA,0.332580245428051,19.404487657547,0.232962766933962
"5733010",1987,0.684428831086948,0.427627770230336,NA,11.2341770648956,71.7966043329239,31.659953546524,528.006322050095,226.521861181259,12.2554658889771,28.5960870742798,0.293617905663883,0.837193812584867
"5733010",1988,0.160180230662176,0.481467706384743,0.276648885492047,0.130329133969618,3.06386647224426,10.2128882408142,30.9450513696671,59.2347517967224,18.3831988334656,0.21776635408407,12.3575947713852,4.08515529632568
"5733010",1989,0.251722129320493,0.0518348841040215,0.116110887140353,18.3831988334656,29.0046026039124,22.4683541297913,110.299193000793,113.669446120262,0.209245587136573,0.904699768488291,0.464716120378085,0.45782704203356
"5733010",1990,0.528640479224329,0.831248261066625,6.12773294448853,0.674657153430759,4.59579970836639,3.57451088428497,65.0560980939865,49.5325079679489,19.404487657547,8.57882612228394,0.406990328998598,0.307243694887178
"5733010",1991,0.667537650598986,0.0524112817912223,0.95798474895279,5.1064441204071,67.4050623893738,0.908866804382695,54.638952088356,8.17031059265137,40.3409085512161,5.61708853244781,0.484748335299577,0.66383132362234
"5733010",1992,0.414987156047133,0.264526603469102,26.0428650140762,28.0854426622391,132.154773836136,175.048904447556,8.68095500469208,74.043439745903,28.5960870742798,0.80586384155749,3.57451088428497,0.190950987941849
"5733010",1993,0.937227020620139,0.551134904711277,0.495721855534672,68.0178356838226,66.3837735652924,20.9364208936691,22.4683541297913,26.5535094261169,1.12341770648956,0.992921380297952,0.315262904381913,0.762771703633251
"5733010",1994,0.678607519884051,0.0446256786160565,0.945844513986107,1.53193323612213,44.9367082595825,22.3662252473831,117.958859181404,4.59579970836639,9.7022438287735,NA,0.266649696719027,0.689121463782461
"5733010",1995,0.2058523464204,0.786399659915929,NA,14.2980435371399,6.12773294448853,44.8345793771744,50.6559256744385,32.6812423706055,22.4683541297913,0.831486475229158,0.234587080087189,0.104263484422373
"5733010",1996,0.983642555175792,0.0736391587232271,0.477851077308542,NA,14.2980435371399,29.1067314863205,46.9792859077454,16.8512655973434,0.610227987530041,4.08515529632568,0.514335167751559,0.71080145266894
"5733010",1997,0.0742384850541347,0.255759263658698,3.06386647224426,0.597796478297271,124.086592125893,382.472664618492,48.0005747318268,133.788835954666,44.4260638475418,44.4260638475418,5.61708853244781,4.08515529632568
"5733010",1998,0.625775957064281,0.204704336991675,0.711382661269489,17.3619100093842,10.7235326528549,23.4896429538727,0.912628662548873,0.7079785394049,9.19159941673279,0.439156166258793,0.940227067138584,0.385208350746577
"5733010",1999,0.00312372113772156,0.580998713514724,11.2341770648956,16.3406211853027,7.14902176856995,38.2983309030533,17.259781126976,99.5756603479385,89.3627721071243,12.2554658889771,0.407372048530723,0.764041695111008
"5733010",2000,0.956243728824755,0.484934304969111,0.975456360714505,8.88521276950836,21.4470653057098,349.280777835846,13.7873991250992,0.338655200575813,96.0011494636536,0.204257764816284,0.42329870271734,0.307223210221693
"5733010",2001,0.947107363045704,0.547526271709766,8.37456835746765,7.86392394542694,38.4004597854614,0.462422552870264,185.874565982819,31.2514380168915,18.3831988334656,0.85159709743289,0.927809646805369,0.249159244115669
"5733010",2002,0.963166147569205,0.549285993098279,0.102128882408142,12.2554658889771,132.359031600952,277.994817914963,152.27416367054,61.1752005624771,7.96605282783508,0.554133197310344,0.56614746871687,0.204257764816284
"5733010",2003,1.53193323612213,0.75244226796342,1.32767547130585,0.401734316045712,65.6688713884354,48.5112191438675,61.3794583272934,5.92347517967224,4.80005747318268,0.679152639500877,3.77876864910126,0.999568151922133
"5733010",2004,0.442255118278841,0.204257764816284,18.3831988334656,60.4602983856201,12.4597236537933,47.6941880846024,92.1202519321442,81.192461514473,27.8811848974228,1.53193323612213,45.1409660243988,0.906487623923045
"5733010",2005,0.156436361345621,0.637734712024088,22.264096364975,8.17031059265137,54.638952088356,140.529342193603,26.8598960733414,169.84033144474,15.6257190084457,16.3406211853027,16.0342345380783,0.904966684295432
"5733010",2006,0.825329361228383,0.570527586079298,0.381401559572353,0.235029964941945,5.1064441204071,76.4945329236984,205.789698052406,39.8302641391754,4.80005747318268,60.358169503212,0.338614195338956,1.01659165963489
"5733010",2007,0.565710304074227,16.3406211853027,3.06386647224426,0.678738388283552,3.06386647224426,109.992806353569,32.5791134881973,32.0684690761566,0.233958683303517,0.0720027840452573,0.153182618569097,0.0258560207513139
"5733010",2008,0.799120127128364,0.35177335473987,8.68095500469208,16.8512655973434,114.180090532303,106.826810998917,42.0770995521545,161.976407499313,5.71921741485596,0.764961942319478,0.721588044000395,0.542946682399603
"5733010",2009,0.441771360396985,0.0712255502243849,0.530674130670768,0.930010529803826,0.613244902206405,134.707995896339,16.8512655973434,95.7968916988373,32.374855723381,0.460801956570859,0.925337902870109,0.1169128712937
"5733010",2010,0.193209816384645,0.617173448104969,0.258960341058642,0.000877595769897266,46.9792859077454,78.5371105718613,45.4473526716232,1.73619100093842,40.0345219039917,11.4384348297119,24.8173184251785,0.827181543130589
"5733006",1981,0.565484704201595,0.33788233512748,1.03083446025848,0.795667426382843,104.52661427021,42.2642128705978,45.8721334815025,15.4625169038773,5.15417230129242,0.922528706994035,0.905296630206545,0.895018147379997
"5733006",1982,0.237239721746336,0.372759765264843,17.5241858243942,0.913572510918975,117.515128469467,228.845250177383,126.277221381664,95.867604804039,15.4625169038773,18.5550202846527,0.12756349327257,0.596641502350606
"5733006",1983,0.282227990949534,0.200124812734651,0.608062309662332,31.955868268013,39.1717094898224,99.9909426450729,132.977645373344,46.902967941761,17.5241858243942,0.42967463205925,NA,NA
"5733006",1984,0.67382791580347,0.394712543247185,3.09250338077545,2.57708615064621,37.1100405693054,44.3258817911148,431.404221618175,28.3479476571083,73.1892466783524,23.7091925859451,1.00162747597697,0.28743090265607
"5733006",1985,0.5677614482075,0.377356325444493,15.4625169038773,0.816366382343742,38.1408750295639,4.12333784103394,57.2113125443459,6.1850067615509,0.4455238779303,11.3391790628433,0.554221789770371,0.954276120424059
"5733006",1986,0.610523959897466,0.312232865419381,0.7033326882273,1.03083446025848,144.316824436188,93.805935883522,0.78779163513155,63.911736536026,6.1850067615509,0.228045121006274,20.6166892051697,0.111244590845097
"5733006",1987,0.577833150067001,0.549272945051674,0.068665678530722,9.27751014232635,57.7267297744751,34.01753718853,502.016382145882,187.096454536915,16.4933513641357,39.1717094898224,0.284364023420123,0.412572019705455
"5733006",1988,0.152093581757166,0.303806122915032,0.739983695638764,0.487582568172857,NA,9.27751014232635,23.3999422478676,31.955868268013,22.6783581256866,0.825383217627658,11.3391790628433,3.60792061090469
"5733006",1989,0.301115528483191,0.505129635808725,0.796268292724597,14.947099673748,28.8633648872375,18.5550202846527,97.929273724556,NA,11.3391790628433,0.892429781543992,0.687869671248497,0.336585488460147
"5733006",1990,0.456498850623341,0.658235807126272,5.15417230129242,0.605695370434484,4.12333784103394,2.57708615064621,51.0263057827949,40.9241280722618,16.5964348101616,5.66958953142166,0.328665781886408,0.236757904370787
"5733006",1991,0.149789513589778,0.810751398684265,0.394038641187779,5.15417230129242,50.5108885526657,161.325593030453,73.1892466783524,0.25152173713251,25.2554442763329,NA,1.0128924883343,NA
"5733006",1992,0.619365465105194,0.169447281856522,27.8325304269791,39.1717094898224,123.700135231018,119.061380159855,12.885430753231,58.2421470046043,20.6166892051697,NA,0.50958421096079,0.715008492805047
"5733006",1993,1.02604697944275,1.02716831362641,0.387913782761176,60.3038159251213,52.5725574731827,14.3285989975929,23.2968588018417,26.8016959667206,5.15417230129242,1.54625169038773,0.467555603312932,0.454123583293678
"5733006",1994,0.733562665056172,0.684322719748628,1.02545798422823,4.12333784103394,46.3875507116318,5.15417230129242,92.7751014232635,9.27751014232635,13.4008479833603,NA,0.0835622597809291,0.537620794884791
"5733006",1995,0.759672354613378,0.722005047089237,NA,11.3391790628433,12.885430753231,49.4800540924072,57.7267297744751,37.6254577994347,22.1629408955574,0.891600932484993,0.732211842333464,0.207235401459233
"5733006",1996,0.338677119588343,0.128977981008322,0.0604747797862638,31.4404510378838,10.3083446025848,34.01753718853,42.7796301007271,18.0396030545235,0.0647935962462956,3.09250338077545,0.00674405672076702,0.2744693739475
"5733006",1997,0.31675183209431,0.567245755841598,2.57708615064621,0.676719247274294,82.982174050808,371.100405693054,48.4492196321487,134.008479833603,42.7796301007271,44.3258817911148,5.15417230129242,6.1850067615509
"5733006",1998,0.190143879720636,0.901966752976199,0.50505798758802,15.4625169038773,14.947099673748,24.4307767081261,0.0438846479865448,0.996463325621341,7.00967432975769,0.648692651600248,0.758288733584507,0.186411426287088
"5733006",1999,0.888051239832616,0.180203747421232,4.32950473308563,9.27751014232635,8.24667568206787,39.6871267199516,13.9162652134895,96.0737716960907,75.0447487068176,10.3083446025848,0.701048010455764,0.256747244086438
"5733006",2000,0.653252309545295,0.484009839374994,0.340149819313328,7.21584122180939,18.2457699465752,313.682926256657,14.947099673748,0.990073079422252,105.76361562252,0.227152554372074,0.213835496191273,0.558433887530277
"5733006",2001,0.233596584858665,0.502555249346484,10.8237618327141,8.45284257411957,38.6562922596931,0.989658819059491,163.902679181099,36.8007902312279,21.6475236654282,7.21584122180939,0.541776417846765,0.385988237729761
"5733006",2002,0.00497958734048675,0.761218433510113,0.434156839305438,13.9162652134895,148.440162277222,282.448642110825,137.513316998482,65.251821334362,6.1850067615509,0.910174083755088,0.0957621090673879,0.434985031217465
"5733006",2003,4.63875507116318,0.832638525812056,0.337492542568967,0.509413512114685,74.5293314766884,44.3258817911148,56.5928118681908,4.63875507116318,2.06166892051697,0.708083741547914,3.09250338077545,0.690401670291004
"5733006",2004,0.90870803398304,0.826021321737786,12.885430753231,60.2007324790955,9.7929273724556,55.1496436238289,79.2711699938774,65.1487378883362,22.4721912336349,3.09250338077545,46.902967941761,0.837128170003483
"5733006",2005,0.45360753187304,0.624231458183356,18.0396030545235,13.0915976452827,44.7382155752182,105.969782514572,18.1426865005493,126.38030482769,16.1841010260582,9.7929273724556,14.947099673748,0.376340841365311
"5733006",2006,1.00847902398957,0.943423608677264,0.819191720225948,0.44647633662269,4.12333784103394,74.7354983687401,189.776624133587,29.3787821173668,0.744132206388827,51.5417230129242,0.977212848551317,0.810989934154633
"5733006",2007,0.606961589684756,13.9162652134895,0.0680790759744065,0.0257605294663973,4.12333784103394,73.7046639084816,38.1408750295639,17.008768594265,0.682115107940162,0.375932158591475,0.0958975343857385,0.472631039787419
"5733006",2008,0.196657994763755,0.615890781051445,6.70042399168014,9.27751014232635,82.4667568206787,58.7575642347336,50.5108885526657,112.360956168175,13.9162652134895,0.050004016187809,0.751716297587683,0.630988189824349
"5733006",2009,0.408814706051552,0.380147686092149,0.872985534200927,0.365559038680674,0.909693695878211,112.360956168175,12.885430753231,85.5592602014542,24.2246098160744,0.372390023369282,0.568818224541468,0.642696185723344
"5733006",2010,0.562703879266364,0.244171786583644,0.824208892389053,0.808390503624493,42.2642128705978,94.8367703437805,34.5329544186592,4.12333784103394,37.1100405693054,9.7929273724556,19.5858547449112,2.57708615064621
"5427007",1981,0.823005541405631,0.0509924691314844,3.52705922365189,2.07474071979523,328.120244835615,42.0134995758533,31.1211107969284,12.4484443187714,18.1539812982082,1.55605553984642,0.874328735904269,0.183389704345269
"5427007",1982,0.500518510193314,0.584032661421766,28.0089997172356,0.642256602855893,155.709291020632,288.596434123516,142.223476341963,78.9438843882084,18.7764035141468,48.4451958072186,0.228198394040404,0.261862853235087
"5427007",1983,1.55605553984642,0.710959937058418,0.831678383532527,0.836741592770321,NA,148.655172573328,111.621050724983,105.085617457628,14.9381331825256,0.933633323907852,0.916382039529821,0.242614436347209
"5427007",1984,0.57436788206817,0.41694084677919,5.18685179948807,1.55605553984642,169.298842735291,31.4323219048977,386.420459061861,77.802776992321,33.2995885527134,10.3737035989761,0.933633323907852,0.771583323778099
"5427007",1985,0.943870679445378,0.519027449560725,10.8923887789249,0.537398442738984,31.743533012867,40.0424958920479,96.9941286504269,0.68945680352324,25.9342589974403,20.3324590539932,0.347827598897847,0.134747291874481
"5427007",1986,0.255191844885878,0.30071932298695,0.150912754143746,88.1764805912971,155.398079912663,94.6081768226624,4.97937772750854,79.981254748106,0.0166189958320026,0.491912918195263,47.3040884113312,0.181460034898536
"5427007",1987,0.245523151995628,1.01949265710946,2.07474071979523,2.07474071979523,87.6577954113483,4.66816661953926,461.422336082459,250.109993771315,22.8221479177475,45.1256106555462,0.161676179147192,0.58342901717194
"5427007",1988,0.627797515751929,0.819266791998391,3.63079625964165,0.765763369683608,0.311211107969284,32.6771663367748,60.6861660540104,70.3337104010582,32.158481156826,0.559578317166952,4.35695551156998,0.518685179948807
"5427007",1989,0.782703111762824,0.978609501426575,0.872301461602246,3.63079625964165,11.4110739588737,18.257718334198,123.965758007765,73.445821480751,0.760669290773983,2.28221479177475,0.0231701803501829,0.942224109680151
"5427007",1990,0.0634997141870446,0.410073336283766,18.672666478157,1.01351412712807,0.727442847702312,1.03737035989761,68.9851289331913,15.0418702185154,25.9342589974403,12.4484443187714,0.514334283896055,0.135032952757164
"5427007",1991,0.752450775641157,0.311613596048634,0.61740929995812,8.29896287918091,84.5456843316555,195.025627660751,67.5328104293346,7.7802776992321,118.778906208277,21.7847775578499,0.550042746596566,4.66816661953926
"5427007",1992,0.510625318234534,0.552893018358589,36.8266477763653,35.9967514884472,232.889645797014,248.450201195478,4.66816661953926,118.260221028328,28.0089997172356,0.827476987816489,5.18685179948807,0.234159099713681
"5427007",1993,0.105761325540778,0.0541320213688769,0.482694585625477,105.293091529608,45.644295835495,65.8730178534985,46.6816661953926,38.3827033162117,8.29896287918091,7.26159251928329,0.384276670211347,2.07474071979523
"5427007",1994,0.763702737692653,0.682481624999586,0.584482827792348,15.0418702185154,110.479943329096,41.4948143959045,53.7357846426964,19.1913516581059,23.8595182776451,2.59342589974403,0.450181263903609,1.55605553984642
"5427007",1995,0.554773553996311,0.107648970419867,0.804720722116221,27.0753663933277,0.865172071667854,62.2422215938568,138.488943046331,56.5366846144199,5.70553697943687,4.14948143959045,0.487197659634354,0.691170868813428
"5427007",1996,0.302182839568991,0.764208112875265,0.717809118927722,22.3034627377987,12.4484443187714,46.1629810154438,87.6577954113483,88.1764805912971,0.0545319172826968,3.11211107969284,0.266264289535407,2.59342589974403
"5427007",1997,0.78822763188115,0.96681719911068,1.03737035989761,1.55605553984642,171.684794563055,397.001636732817,85.5830546915531,208.51144233942,89.7325361311436,107.886517429352,5.18685179948807,0.17156354871758
"5427007",1998,0.381393708112228,0.0227224053840581,0.0863165891045805,21.7847775578499,7.7802776992321,23.3408330976963,13.485814678669,0.970733384642015,12.9671294987202,0.845968825296822,0.634806501937902,0.520943747817607
"5427007",1999,0.25195214470689,0.73794542364063,11.4110739588737,6.74290733933449,8.81764805912971,48.237721735239,28.5276848971844,47.7190365552902,108.405202609301,2.07474071979523,0.637122800933322,0.829535284921384
"5427007",2000,0.759969834074935,7.26159251928329,0.352888119164241,12.9671294987202,15.5605553984642,439.845032596588,6.22422215938568,0.518685179948807,175.834276002645,4.14948143959045,0.219312548569323,NA
"5427007",2001,0.836298598680857,0.364348416961585,0.740077111090925,13.485814678669,45.1256106555462,5.18685179948807,303.949515450001,75.209351092577,15.5605553984642,0.102302923803895,0.125689807279443,0.143889456002306
"5427007",2002,0.897846029058186,0.840101669404657,3.11211107969284,0.961336735082355,230.29621989727,314.323219048977,140.044998586178,121.372332108021,16.5979257583618,9.85501841902733,0.288176779535982,0.493133798403125
"5427007",2003,0.0737945775310652,0.408267089489029,0.608219647334601,0.068189119687632,94.4007027506828,61.723536413908,57.0553697943687,17.1166109383106,8.29896287918091,1.03737035989761,6.22422215938568,0.282701917350257
"5427007",2004,0.0709939769858836,0.624837933305207,4.46069254755974,54.4619438946247,34.7519070565701,69.5038141131401,108.405202609301,122.409702467918,24.3782034575939,0.830370438667245,51.8685179948807,0.542515556518122
"5427007",2005,0.403216998315961,0.889353561770467,13.485814678669,2.59342589974403,99.5875545501709,85.7905287635326,32.158481156826,101.143610090017,21.2660923779011,31.1211107969284,18.672666478157,0.850725643477028
"5427007",2006,1.02137036272133,0.246663654831716,0.918049531004517,5.18685179948807,24.3782034575939,87.6577954113483,242.744664216042,56.0179994344711,3.63079625964165,50.3124624550343,0.348995433692296,0.0461300055087385
"5427007",2007,0.865551658879427,13.485814678669,0.518685179948807,0.716625117698114,8.81764805912971,92.8446472108364,53.4245735347271,28.5276848971844,1.03737035989761,0.968755683011938,0.364117452843922,0.104058437850372
"5427007",2008,0.223171731433371,0.224346143133523,5.18685179948807,18.1539812982082,203.843275719881,63.2795919537544,48.0302476632595,168.572683483362,2.59342589974403,0.243720572133772,0.515818939807545,0.627573878737145
"5427007",2009,0.212239019340774,0.356491570534886,0.502311603176647,0.154100111524772,0.787904577074823,141.601054126024,13.485814678669,126.559183907509,7.7802776992321,0.139102947549112,0.626264185183016,0.184091390622595
"5427007",2010,0.614725996340277,0.905832972862884,0.572939732718043,0.463372865343577,48.7564069151878,105.293091529608,46.6816661953926,7.7802776992321,24.8968886375427,15.0418702185154,6.22422215938568,0.692757814327288
"5733007",1981,0.732954272828472,0.599995227660712,5.95799250841141,5.95799250841141,322.724594205618,31.7759600448608,38.2304519289732,6.95099125981331,21.8459725308418,12.9089837682247,0.184820831632807,0.92372983848109
"5733007",1982,0.526253099204755,0.0730174564938888,21.8459725308418,0.720775694298124,186.683765263557,520.331345734596,290.948634160757,128.096838930845,61.5659225869179,22.3424719065428,0.184794880065969,0.384035336700232
"5733007",1983,6.95099125981331,0.407348206706515,0.662758327824721,15.8879800224304,108.236863902807,144.977817704678,139.019825196266,115.187855162621,18.8669762766361,0.856320344330626,NA,NA
"5733007",1984,0.962617602581703,0.984500188142638,0.992998751401901,0.992998751401901,103.371170020938,42.6989463102818,703.043115992546,111.215860157013,74.4749063551426,17.8739775252342,5.95799250841141,0.613390377413098
"5733007",1985,0.176167001952748,0.825822692171906,15.8879800224304,0.78700383600457,69.5099125981331,23.8319700336456,118.762650667667,1.9859975028038,13.9019825196266,3.9719950056076,0.0707634799014665,0.864224112992689
"5733007",1986,0.282442400886517,0.0280172067780803,0.465289233074133,48.6569388186932,158.879800224304,163.844793981314,0.992998751401901,182.71177025795,0.992998751401901,0.992998751401901,50.642936321497,0.718006620708507
"5733007",1987,0.934251027745189,0.419639742421525,0.900804426128345,3.9719950056076,132.068833936453,49.6499375700951,958.243795102835,362.543844136834,25.8179675364494,82.4188963663578,0.598547367350431,0.422090053355184
"5733007",1988,0.117080561184007,0.376808354438317,0.0334943762025052,0.541179374985337,2.48249687850475,29.789962542057,80.929398239255,146.46731583178,30.7829612934589,0.479914375471013,22.3424719065428,1.48949812710285
"5733007",1989,0.13189299751867,0.48033804305928,0.386035889064862,23.3354706579447,30.286461917758,40.712948807478,256.193677861691,159.376299600005,4.96499375700951,0.0950162702647039,0.610769537586298,0.0372544435040195
"5733007",1990,0.538392952569717,0.451485050727562,26.8109662878513,0.0267580696873115,1.9859975028038,0.992998751401901,70.502911349535,86.5894911222458,46.1744419401884,6.45449188411236,0.70810105281731,0.251472281410682
"5733007",1991,0.299909426546579,0.666350752309417,0.295324260242715,3.9719950056076,NA,369.494835396647,77.6525023596287,8.44048938691616,100.789373267293,12.511784267664,0.848195020585389,15.3914806467295
"5733007",1992,0.0231181586928258,0.609105378074684,67.5239150953293,48.6569388186932,258.179675364494,217.963225932717,12.9089837682247,131.075835185051,7.94399001121521,0.331537978105418,NA,0.161318786872359
"5733007",1993,0.605020048376475,0.825671153628592,0.867201073552048,128.593338306546,137.033827693462,152.425308340192,62.0624219626188,44.6849438130856,0.376090390528671,0.169559905557667,0.876472472238346,0.307177306102939
"5733007",1994,0.0926014234128354,0.303962850801684,0.917659537947339,5.46149313271046,180.725772755146,68.5169138467312,203.068244661689,19.3634756523371,36.2444544261694,1.9859975028038,0.42870770659805,3.9719950056076
"5733007",1995,0.0749131108622247,0.519330741223472,0.888550122254444,17.8739775252342,2.9789962542057,137.530327069163,145.474317080379,57.5939275813103,21.3494731551409,0.527210515200055,0.410288215177417,0.172606019585276
"5733007",1996,0.324031611032052,0.328335115661562,0.318155136776098,35.7479550504684,30.7829612934589,57.5939275813103,59.3813253338337,130.082836433649,4.46849438130856,7.94399001121521,0.571542008341615,3.47549562990665
"5733007",1997,0.846492564091786,0.13712572416262,0.376412199714123,0.493633603873336,217.963225932717,691.623630351424,121.145847671032,195.620754026175,96.3208788859844,175.264279622436,9.43348813831806,0.656562720067145
"5733007",1998,0.672012891643813,0.132515569473361,0.320336970246108,60.4736239603758,0.574739220937913,65.5379175925255,0.992998751401901,0.496499375700951,4.56779425644875,0.0666954592627683,0.446647309857884,0.105160842868512
"5733007",1999,1.9859975028038,0.885991673973746,7.94399001121521,16.3844793981314,18.3704769009352,64.5449188411236,37.7339525532722,93.8383820074797,195.620754026175,6.45449188411236,0.758649671088158,0.430169205196893
"5733007",2000,0.939546673534869,8.44048938691616,0.136825566676392,7.94399001121521,30.286461917758,507.422361966372,9.92998751401901,0.676005115266789,137.033827693462,0.496499375700951,0.00359698584011857,0.284459309302038
"5733007",2001,0.571001215716578,0.8398545490175,0.992998751401901,5.46149313271046,36.2444544261694,0.468115999058907,246.263690347672,55.1114307028055,31.7759600448608,0.20991638864994,0.18964409981118,0.788521273804888
"5733007",2002,0.240484317449124,0.460786594958465,0.362947167286991,0.19859975028038,226.800914820194,253.711180983186,75.4679051065445,87.2845902482271,15.8879800224304,0.142278926375767,0.176643056346217,0.425464794672124
"5733007",2003,3.47549562990665,0.843110559147531,0.782516793290024,0.137150897739646,64.5449188411236,51.8345348231792,49.6499375700951,4.96499375700951,0.959649316897746,0.767330180154349,3.47549562990665,0.397026967760074
"5733007",2004,0.275900442006334,0.221329483005572,34.2584569233656,70.8008109749556,30.7829612934589,71.4959101009369,143.984818953276,113.201857659817,54.5156314519644,0.841044575412119,21.8459725308418,0.199206927932179
"5733007",2005,0.936364430017432,0.0816994743747947,22.441771781683,0.992998751401901,72.9854082280397,187.676764014959,84.0076943686008,301.871620426178,0.728035508886101,18.8669762766361,34.7549562990665,0.0863947799911591
"5733007",2006,0.485662033803771,0.577133373491987,0.468614749946835,0.0464236721291767,6.95099125981331,119.159850168228,180.924372505426,86.3908913719654,0.117720673167545,63.5519200897217,0.620094987952875,0.657407962647606
"5733007",2007,0.764152330371945,52.6289338243008,5.95799250841141,0.796766315732133,0.0780857281140432,68.5169138467312,44.6849438130856,0.75852859205978,0.0337804387791083,0.488737318172115,0.730794393236789,0.411557925531211
"5733007",2008,0.612772400106708,0.0381166645272217,51.6359350728989,9.92998751401901,199.592749031782,140.012823947668,163.844793981314,205.550741540194,7.94399001121521,0.371818459338292,0.206612409725796,0.228030343010215
"5733007",2009,0.407619489557498,0.387680503576557,0.906841360956392,0.64802141430194,0.771840959534576,192.840357522249,25.8179675364494,150.935810213089,48.1604394429922,0.544513322123272,0.709088264782,0.229999592209144
"5733007",2010,0.182746039850482,0.550648354414976,0.201301879707853,1.78739775252342,44.2877443125248,NA,66.4316164687872,1.19159850168228,13.9019825196266,7.94399001121521,29.789962542057,0.821753274619555
"5733008",1981,0.552639756741638,0.708349861226146,4.89809769392014,0.122596926952333,223.353254842758,27.4293470859528,24.9802982389927,12.7350540041924,10.9717388343811,5.87771723270416,0.00105459115794649,0.647565309274878
"5733008",1982,0.978791744391052,0.90684956572521,7.3471465408802,0.685733677148819,161.049452176094,258.325672377348,218.259233241081,100.117116863728,23.9027167463303,11.2656246960163,0.742673187156742,0.355660163518526
"5733008",1983,25.0782601928711,0.76105586428311,0.409804318767074,2.54701080083847,45.5523085534573,97.6680680167675,120.1993174088,54.3688844025135,19.7883146834373,0.225798494952866,0.240739999259155,0.579371331303101
"5733008",1984,0.1755603727912,0.700138931994138,0.927404246514259,0.788364877298593,57.2097810649872,39.3807054591179,478.740068603754,38.6949717819691,48.5891291236877,9.11046171069145,0.136506094853985,0.471006928307439
"5733008",1985,0.768605132456746,0.326211408158433,1.95923907756805,0.389682006104285,34.8744555807114,19.2985049140453,56.6220093417168,5.87771723270416,9.99211929559708,19.5923907756805,0.820443942780918,0.648360368388221
"5733008",1986,0.406930071258473,0.215228624365627,0.364316817332528,21.3557059454918,168.592522624731,143.318338524103,0.14218120999285,132.640485551357,4.50624987840652,0.211745377991516,43.5930694758892,0.364843478263743
"5733008",1987,0.71224910215648,0.637735470362029,0.154476299975785,3.42866838574409,87.0881769979,30.5641296100616,608.735581400394,166.045511823893,12.8330159580708,35.1683414423466,0.0737797237581623,0.859982919629098
"5733008",1988,0.958641637463686,0.51379644347421,0.489809769392014,0.936941786855167,2.44904884696007,15.3800267589092,33.1111404109001,69.5529872536659,11.7554344654083,0.0982553580717435,20.9638581299782,1.37146735429764
"5733008",1989,0.426263096054003,0.717097751272017,0.312053193756382,11.3635866498947,20.9638581299782,15.8698365283012,150.371599203348,89.8311117064953,8.22880412578583,1.46942930817604,0.14572145218333,0.0712243458638246
"5733008",1990,0.0512659087177924,0.199466755321737,8.52268998742104,0.833131537940238,2.93885861635208,0.0170674892209474,40.6542108595371,35.756113165617,29.192662255764,2.93885861635208,0.137250417499903,0.282717366694666
"5733008",1991,0.79036477384071,0.376112009930687,0.974262257979577,3.91847815513611,96.5904865241051,197.589260972738,71.022416561842,4.21236401677132,81.5043456268311,11.3635866498947,0.188605331317715,3.23274447798729
"5733008",1992,0.557645390684471,0.685656850169494,30.9559774255753,25.9599177777767,163.008691253662,210.912086700201,12.3432061886787,71.6101882851124,24.0006787002087,0.0713345234517026,6.46548895597458,0.273851899740906
"5733008",1993,0.913993775127502,0.671502789203448,0.809089346263461,87.7739106750488,79.7410304570198,44.6706509685516,40.2623630440235,19.5923907756805,1.17554344654083,2.35108689308167,0.0887596032129504,1.37146735429764
"5733008",1994,0.256249634764684,0.229840049342153,0.851318737854892,1.95923907756805,78.8593728721142,22.8251352536678,108.052035127878,7.83695631027222,25.2741841006279,1.46942930817604,0.251637914882049,0.966889699918929
"5733008",1995,0.380111245117913,0.784443851927145,0.891844279376227,16.8494560670853,2.44904884696007,43.2012216603756,56.915895203352,51.4300257861614,20.3760864067078,0.899321276166803,0.00505526510817724,0.584668157603454
"5733008",1996,0.810936859374105,0.923580826660808,0.671886190577272,28.4089666247368,13.2248637735844,36.735732704401,67.8876340377331,41.1440206289291,0.10108140086139,7.1512226331234,0.791732340428778,0.141554531083856
"5733008",1997,0.473409784322438,0.559507381518911,1.46942930817604,0.841211866585291,177.311136519909,482.756508712769,44.0828792452812,164.38015860796,81.4063836729526,72.491845870018,3.13478252410889,6.36752700209618
"5733008",1998,0.472746950904865,16.1637223899364,0.143996805282107,29.3885861635208,4.89809769392014,30.0743198406696,0.489809769392014,0.496214227665016,1.46942930817604,0.756121881102834,0.407542553901113,0.850490464938647
"5733008",1999,2.84089666247368,0.641928037617333,16.9474180209637,7.3471465408802,13.0289398658276,48.0993193542957,14.4983691740036,70.3366828846931,96.4925245702267,6.36752700209618,0.174182718896119,0.84004124402645
"5733008",2000,0.105752724033231,4.40828792452812,0.816816627602246,7.83695631027222,18.6127712368965,340.025941911936,23.5108689308166,0.573121308546344,116.574725115299,0.912175081981694,0.87982994821009,0.262867650582843
"5733008",2001,0.33147727596479,0.0186550820855563,0.587771723270416,5.48586941719055,38.5970098280907,0.881657584905624,308.678116670847,52.7035311865807,8.03288021802902,1.86127712368965,0.293885861635208,0.176034172639044
"5733008",2002,0.611740251421794,0.312509994167719,0.489809769392014,4.40828792452812,215.026488763094,326.703116184473,169.180294348001,77.2919816100598,12.7350540041924,0.221325394001101,0.642104317104994,0.293885861635208
"5733008",2003,0.979619538784027,0.965448175712085,0.451998945574559,0.619343149782931,90.9086931991577,59.6588299119473,65.928394960165,4.60421183228493,6.75937481760979,0.0558827117127165,5.87771723270416,0.715540969102032
"5733008",2004,0.720559243540379,0.140223307174861,21.5516298532486,43.1032597064972,13.7146735429764,48.0013574004173,75.9205142557621,77.8797533333302,24.9802982389927,0.489809769392014,45.0624987840652,0.183795726097209
"5733008",2005,0.377538738690706,0.862767545066542,20.5720103144646,2.93885861635208,55.3485039412975,147.922550356388,30.4661676561832,132.248637735844,18.1229614675045,6.85733677148819,8.91453780293465,0.215371920872861
"5733008",2006,NA,NA,NA,NA,NA,NA,NA,NA,NA,NA,NA,NA
"5733008",2007,0.861937734170123,19.5923907756805,1.56739126205444,0.489324117311963,0.391847815513611,NA,NA,31.0539393794537,0.656699732992028,0.0153872875062445,0.723542993275847,0.303813787828138
"5733008",2008,0.284908946703244,0.870676196988268,12.7350540041924,NA,NA,NA,19.2985049140453,136.656925660372,14.9881789433956,0.415277368217982,0.0634034593977091,0.767987283419691
"5733008",2009,0.818723090765375,0.168075802651417,0.0338865126470455,0.96094624247887,0.596193247308848,NA,7.64103240251541,NA,NA,0.688226483632401,0.674407306159904,0.925051963885591
"5733008",2010,0.076621417543147,0.900651201129173,0.771531848969832,0.43213103599891,NA,14.7922550356388,42.809373844862,2.35108689308167,16.7514941132069,9.89415734171867,12.7350540041924,0.753826418892824
"5510001",1981,0.365313574662029,0.0647270603980345,1.99668760001659,4.99171900004148,400.335863803327,63.894003200531,19.9668760001659,17.9701884001493,17.9701884001493,0.654366113562595,0.64390585595032,0.175172087481336
"5510001",1982,0.380848117496826,0.321279192681711,30.9486578002572,0.104699456421719,100.433386280835,396.142819843292,171.814967981428,79.1686633406579,42.4296115003526,45.4246429003775,0.316079163763562,0.0346896122585625
"5510001",1983,0.0980560877535766,0.16236126786123,0.114985026015611,0.00815371557924791,86.3567387007177,111.315333700925,116.307052700967,121.797943601012,22.1632323601842,3.99337520003319,0.626641004635187,0.534386988188969
"5510001",1984,0.277669676980623,0.616464671885594,9.48426610007882,1.49751570001245,163.229211301357,75.3749569006264,423.297771203518,80.8658478006721,80.7660134206712,20.1665447601676,0.499171900004148,0.169660656373563
"5510001",1985,0.834064133100388,0.62456333634627,7.48757850006223,0.823547638435,65.1918501405418,56.4064247004688,110.416824280918,0.159050838980379,44.4262991003692,14.9751570001245,0.461446278120379,0.244002123657405
"5510001",1986,0.672774786887569,0.135672019292794,0.821959478225806,130.783037801087,221.133151701838,123.295459301025,5.99006280004978,109.318646100909,NA,NA,NA,0.734622245271876
"5510001",1987,0.864517716186446,0.807256295959225,0.267778126583426,6.48923470005393,90.849285800755,32.9453454002738,410.818473703414,265.060278902203,NA,54.4097371004522,0.998343800008297,0.146684083971829
"5510001",1988,0.459582721689081,0.259288312459946,14.4759851001203,3.99337520003319,0.998343800008297,31.9470016002655,68.8857222005725,128.78635020107,13.9768132001162,0.757188504080345,9.48426610007882,0.496219099655947
"5510001",1989,4.99171900004148,1.49751570001245,1.99668760001659,3.99337520003319,16.4726727001369,30.4494859002531,124.792975001037,116.307052700967,1.99668760001659,3.99337520003319,1.99668760001659,2.49585950002074
"5510001",1990,0.334479079722048,0.100455653590092,27.4544545002282,0.803608010087492,18.4693603001535,2.99503140002489,21.4643917001784,17.4710165001452,44.4262991003692,44.9254710003734,0.836659829311926,0.0844083472477027
"5510001",1991,0.246317140403763,0.424463445253433,0.678327894226915,25.9569388002157,132.779725401103,266.058622702211,96.8393486008048,13.9768132001162,87.355082500726,24.4594231002033,0.392643355727227,35.9403768002987
"5510001",1992,1.99668760001659,0.541632437134861,24.9585950002074,39.4345801003277,303.496515202522,170.716789801419,2.99503140002489,134.277241101116,43.4279553003609,2.49585950002074,2.99503140002489,NA
"5510001",1993,0.00735333226278412,0.720345310008001,0.138258142720681,109.817818000913,53.910565200448,85.3583949007094,85.8575668007135,35.9403768002987,4.99171900004148,8.48592230007052,0.950772654864965,3.99337520003319
"5510001",1994,0.718707734077531,0.318642393912933,0.252708021702135,5.49089090004563,113.811193200946,82.3633635006845,84.8592230007052,24.4594231002033,23.461079300195,7.98675040006638,0.246317832857507,0.694777735622101
"5510001",1995,0.968319244897278,0.719587162418296,0.6344075890613,30.4494859002531,0.73725241145418,108.519971060902,133.278897301108,43.9271272003651,13.477641300112,17.9701884001493,1.99668760001659,0.720121183721176
"5510001",1996,0.277422442171184,0.388211022310817,0.961166993158866,19.9668760001659,21.9635636001825,67.38820650056,118.203905920982,79.8675040006638,0.269442278883905,3.99337520003319,0.571760438187158,3.99337520003319
"5510001",1997,0.988931683523241,0.30340173597789,1.39768132001162,13.9768132001162,185.691946801543,368.987868483067,87.8542544007301,NA,132.779725401103,55.4080809004605,20.9652198001742,0.58695855798446
"5510001",1998,0.605219810487686,0.998343800008297,0.271926709703371,28.4527983002365,30.9486578002572,44.9254710003734,0.88176443237282,0.505824887712504,20.2663791401684,0.516190864226125,0.877854645145515,0.969943605165595
"5510001",1999,0.219949893983189,0.99689366960921,26.955282600224,0.998343800008297,29.9503140002489,91.3484577007592,37.9370644003153,104.826099000871,177.705196401477,NA,0.563715939926826,0.228830760607453
"5510001",2000,0.357794097665478,4.99171900004148,0.287258996539281,8.48592230007052,25.9569388002157,461.234835603833,5.99006280004978,7.98675040006638,162.230867501348,8.98509420007467,0.4127922675842,0.168863064257014
"5510001",2001,0.18348854805335,0.499171900004148,NA,24.9585950002074,51.9138776004314,5.99006280004978,353.413705202937,102.829411400855,9.98343800008297,0.42802553492953,0.111813218749914,0.868469329572366
"5510001",2002,0.0869831963943212,0.438671696032863,6.98840660005808,2.19635636001825,297.007280502468,225.625698801875,197.672072401643,209.652198001742,15.9735008001328,15.9735008001328,0.13734774851797,0.878004277914164
"5510001",2003,0.41642507006007,0.973217151296273,0.135732939648362,0.59099923640257,77.8708164006472,40.9320958003402,55.9072528004646,21.4643917001784,48.4196743004024,16.971844600141,5.99006280004978,0.26642040214894
"5510001",2004,0.412829149637038,0.224046254608127,1.99668760001659,32.9453454002738,34.9420330002904,100.333551900834,197.672072401643,94.3434891007841,32.3463391202688,0.693992779682248,48.0203367803991,0.966818390343844
"5510001",2005,0.692718335885391,0.58350148046425,12.9784694001079,0.499171900004148,64.0936719605327,128.287178301066,40.9320958003402,134.876247381121,50.7158650404215,7.98675040006638,37.9370644003153,0.278176891792916
"5510001",2006,0.306162022098393,0.483823472650277,0.446341997543729,4.99171900004148,57.9039404004812,161.731695601344,236.607480601966,63.894003200531,11.9801256000996,43.9271272003651,0.233006407069743,0.709909630435816
"5510001",2007,0.831571843314473,20.9652198001742,0.796920722558132,0.324095973404419,23.9602512001991,110.816161800921,53.910565200448,50.9155338004231,0.0693977489913095,0.663339757831061,0.642835576758488,0.44244794754226
"5510001",2008,0.0564830854840347,0.0817030115970743,11.9801256000996,20.9652198001742,204.660479001701,107.821130400896,93.8443172007799,158.936332961321,1.99668760001659,0.761179585702501,0.378706946155618,0.0698320913570594
"5510001",2009,0.512270230648852,0.348954023981674,0.229362158070838,1.99668760001659,0.156531343363317,219.635636001825,16.971844600141,145.758194801211,7.98675040006638,0.960007927171544,6.98840660005808,0.119467133351087
"5510001",2010,NA,NA,NA,NA,NA,NA,NA,NA,NA,NA,NA,NA
"5732001",1981,NA,NA,NA,NA,NA,NA,NA,NA,NA,NA,NA,NA
"5732001",1982,NA,NA,NA,NA,NA,NA,NA,NA,NA,NA,NA,NA
"5732001",1983,NA,NA,NA,NA,NA,NA,NA,NA,NA,NA,NA,NA
"5732001",1984,NA,NA,NA,NA,NA,NA,NA,NA,NA,NA,NA,NA
"5732001",1985,NA,NA,NA,NA,NA,NA,NA,NA,NA,NA,NA,NA
"5732001",1986,NA,NA,NA,NA,NA,NA,NA,NA,NA,NA,NA,NA
"5732001",1987,NA,NA,NA,NA,NA,NA,NA,NA,NA,NA,NA,NA
"5732001",1988,NA,NA,NA,NA,NA,NA,NA,NA,NA,NA,NA,NA
"5732001",1989,0.017136643162967,0.412387511470056,0.91383549710687,16.3785235735178,20.6511818970442,14.7508442121744,79.247638905406,57.1722375671864,7.1210972058773,0.107348577316402,0.0383030264247218,0.581070351217415
"5732001",1990,0.45108098684976,0.168240566858591,6.81590732562542,0.470919874977272,3.05189880251884,0.508649800419807,49.6442205209732,36.8262455503941,8.34185672688484,7.1210972058773,0.631096383163079,1.01200686620841
"5732001",1991,0.286826835587332,0.29384446444734,0.483758652537836,2.644978962183,37.2331653907299,148.220551842332,61.0379760503769,9.66434620797634,40.7937139936686,5.79860772478581,0.279697015136044,4.06919840335846
"5732001",1992,0.253220748212456,0.0102038293126809,22.3805912184715,34.0795366281271,127.772829865456,143.134053838134,12.9197049306631,45.2698322373629,24.4151904201508,0.62460926125431,2.44151904201508,0.32500357947051
"5732001",1993,0.961114219622669,0.370444830323698,0.113971648436668,63.5812250524759,53.4082290440798,15.2594940125942,30.0103382247686,22.8892410188913,4.06919840335846,0.931187479246635,0.106331753397582,0.71180761886622
"5732001",1994,0.00546518634621057,0.216968491654129,0.19536343267396,2.44151904201508,52.1874695230722,18.616582695365,69.6850226575136,6.6124474054575,7.1210972058773,6.51071744537354,0.676614708489527,2.54324900209904
"5732001",1995,0.0648185817817396,0.256785270937559,0.593327158391621,NA,NA,NA,51.3736298424006,27.9757390230894,13.123164850831,0.977677947737388,0.00198943914215624,0.597994850388171
"5732001",1996,3.45881864285469,0.0560532897201786,0.803544471389038,18.8200426155329,14.7508442121744,22.8892410188913,26.44978962183,21.05810173738,0.118375436459019,5.08649800419807,0.397632779175994,0.870823501114311
"5732001",1997,0.524844151697853,0.799885088247484,3.05189880251884,0.534875898321106,125.127850903273,265.515195819139,34.0795366281271,90.0310146743059,44.7611824369431,42.7265832352638,2.03459920167923,11.1902956092358
"5732001",1998,0.165783218208803,11.9024053298235,0.129441766889843,18.2096628550291,9.15569640755653,16.2767936134338,1.52594940125942,0.83289451195452,10.681645808816,0.913896834700004,0.070963833470719,0.245536990054469
"5732001",1999,0.567202757354261,0.246695016943636,11.6989454096556,4.57784820377827,3.05189880251884,37.6400852310657,16.2767936134338,94.1002130776644,57.986077247858,14.3439243718386,0.851992048307568,0.0810633171306238
"5732001",2000,0.817485156949425,1.52594940125942,0.405298182693483,5.08649800419807,12.7162450104952,221.262663182616,14.2421944117546,0.163090227543525,85.4531664705276,4.06919840335846,0.86042905256436,0.31521673318861
"5732001",2001,0.6628661234796,0.580762252285529,7.32455712604523,10.0712660483122,23.906540619731,0.610379760503769,117.905023737311,31.3328277058601,15.3612239726782,3.45881864285469,0.883732032324974,0.345321132614228
"5732001",2002,0.752514773489105,0.09140337609529,0.134808066224749,10.681645808816,109.766626930594,265.515195819139,104.171479125977,37.029705470562,10.1729960083961,0.0206787796786896,0.0805906422664109,0.381589852971481
"5732001",2003,1.93286924159527,0.544757890907691,0.84377558183525,0.739408255320021,64.5985246533156,34.0795366281271,47.3044314390421,5.08649800419807,3.25535872268677,0.489743624908057,5.08649800419807,0.324665712870299
"5732001",2004,0.321897035248976,0.495311037733858,15.0560340924263,31.5362876260281,7.22282716596126,36.1141358298063,69.6850226575136,45.2698322373629,19.7356122562885,0.377878277344282,57.2739675272703,0.625741846459176
"5732001",2005,0.284100405946656,0.327533704558839,19.3286924159527,6.81590732562542,31.0276378256083,114.141015214205,14.2421944117546,91.5569640755653,17.8027430146933,7.73147696638107,12.2075952100754,0.496233416212356
"5732001",2006,0.990937163620836,0.28119282738295,0.546227984108969,1.22075952100754,5.90033768486977,66.8365837751627,115.666964615464,18.514852735281,2.03459920167923,56.9687776470184,0.109394660463245,0.175671457465158
"5732001",2007,0.814485079922438,15.768143813014,1.42421944117546,0.576132304167994,1.01729960083961,57.986077247858,14.7508442121744,25.2290301008224,0.536454652026834,0.755697091593762,0.681638124087034,0.33924674212579
"5732001",2008,0.838576629440507,0.772062963022249,7.1210972058773,2.54324900209904,42.0144735146761,37.6400852310657,35.4020261092186,90.7431243948937,4.37438828361034,0.232351889333924,0.575779767261577,0.849800355200739
"5732001",2009,0.843239449020422,0.508649800419807,0.129987867184945,0.49268670216886,1.22075952100754,92.574263676405,9.66434620797634,85.9618162709475,17.8027430146933,5.08649800419807,0.403938262812028,0.335476741317828
"5732001",2010,0.017554558705744,0.396730588859804,0.618250305149184,0.864598950139985,46.7957816386223,78.6372591449022,36.1141358298063,2.03459920167923,24.1100005398989,10.1729960083961,18.3113928151131,0.0267610326857269
"5427006",1981,0.314553687689003,0.461274153311262,0.585404073628481,4.17340476989746,407.950316257477,29.2138333892822,44.8641012763977,4.17340476989746,32.3438869667053,0.64279213722295,0.123652049686238,0.828409675466863
"5427006",1982,0.178627939347202,0.239248538463049,25.0404286193848,0.96833131439825,158.589381256104,469.716706851959,176.848027124405,104.335119247437,43.2990744876862,52.6892352199554,0.676687599025534,0.278981967768975
"5427006",1983,1.56502678871155,0.424986397028404,0.901884856332305,0.730345834732056,74.1822697849274,227.763565317154,154.624646724701,114.76863117218,28.692157793045,0.900617017323011,0.834680953979492,0.521675596237183
"5427006",1984,0.84806370044877,0.112892713819422,1.04335119247437,1.56502678871155,171.631271162033,53.7325864124298,647.608085168839,78.7730150318146,56.5496346321106,10.9551875209808,0.834680953979492,0.737396261296411
"5427006",1985,0.521675596237183,0.829293897192879,11.476863117218,1.02328202618779,44.8641012763977,34.430589351654,129.062542509079,0.713323583161531,31.5092060127258,28.0661470775604,0.521675596237183,0.595737108256111
"5427006",1986,0.0379428163548951,0.718494942317637,0.23454454954242,80.3380418205261,183.108134279251,153.476960412979,3.02571845817566,128.958207389832,1.56502678871155,1.04335119247437,42.3600584144592,0.186150040082424
"5427006",1987,0.21700154156364,0.12606650006176,1.56502678871155,3.65172917366028,97.2403311386108,19.8236726570129,668.266438779831,357.869459018707,39.3343399562836,86.9111543331146,0.31300535774231,0.725385603560653
"5427006",1988,0.481047406184798,0.923386569289517,7.7207988243103,0.334868569546452,0.417340476989746,52.1675596237183,86.9111543331146,123.532781188965,28.7964929122925,0.910694910680609,7.82513394355774,2.60837798118591
"5427006",1989,0.694605406384608,0.399278782413466,0.544568456977772,15.1285922908783,19.7193375377655,33.9089137554169,155.87666815567,115.081636529922,0.104335119247437,9.49449585151672,0.422499384000719,0.918077666734098
"5427006",1990,1.03850178892677,0.961366266628707,15.9632732448578,0.939016073226929,15.6502678871155,1.04335119247437,81.9030686092377,44.9684363956451,33.8045786361694,13.0418899059296,0.325902905045461,0.227130212623298
"5427006",1991,0.761666771255265,0.571321000748425,0.685969766460022,6.88611787033081,94.2146126804352,272.001655878067,136.261665737152,12.3115440711975,117.898684749603,25.7707744541168,0.745647989756597,22.4320506381989
"5427006",1992,0.809629443963932,0.0803134470175427,34.9522649478912,37.5606429290771,203.975158128738,306.119239871979,15.4415976486206,123.115440711975,39.438675075531,0.865072259552139,4.69508036613464,0.679437081129623
"5427006",1993,1.02927658792947,0.396714722840033,0.74540251638108,115.081636529922,80.2337067012787,112.055918071747,58.323331659317,54.1499268894196,13.2505601444244,11.5811982364655,1.04335119247437,2.08670238494873
"5427006",1994,0.319529701835451,0.739072023605706,0.250798543058442,41.10803698349,127.706185958862,55.4019483203888,69.3828542995453,21.9103750419617,46.7421334228516,5.63409643936157,0.922607388443032,3.54739405441284
"5427006",1995,2.50404286193848,0.538464717601559,0.577693198495461,11.476863117218,1.56502678871155,96.8229906616211,173.717973546982,41.838382818222,11.3725279979706,5.73843155860901,1.35635655021667,0.318996321340364
"5427006",1996,0.780125075814731,0.760486650205813,0.49534615342323,29.2138333892822,6.05143691635132,65.1051144104004,90.7715537452698,65.5224548873901,0.687618925662025,9.28582561302185,0.810201397652802,0.511767232341979
"5427006",1997,0.00224465175319326,0.809361653391543,1.35635655021667,2.08670238494873,206.687871229172,605.039356515884,93.9016073226929,213.365318861008,135.11397942543,109.969215686798,8.34680953979492,0.730040266493824
"5427006",1998,1.04175901088406,3.1300535774231,0.770306860578211,33.700243516922,10.5378470439911,47.8898197345734,22.4320506381989,2.60837798118591,24.623088142395,0.417340476989746,0.0549431138515371,0.773607204240685
"5427006",1999,0.807559536768349,0.0465906566580469,20.8670238494873,11.3725279979706,6.78178275108337,76.6863126468658,51.5415489082336,78.7730150318146,204.601168844223,9.39016073226929,0.276223068468074,0.249740477051641
"5427006",2000,0.137356973019326,18.2586458683014,0.973885051924574,14.0852410984039,17.215294675827,597.214222572327,10.6421821632385,0.384744470917691,186.342522975922,3.96473453140259,0.140788486723646,0.0340334978520313
"5427006",2001,0.271292384693,0.551926614533887,0.353991926767027,15.2329274101257,82.21607396698,5.63409643936157,343.053872085571,85.1374573059082,27.5444714813232,2.39970774269104,0.209590198684416,0.125951968622331
"5427006",2002,0.68665222317748,0.946299892744172,0.208670238494873,2.60837798118591,258.959765972137,408.471991853714,169.022893180847,182.169118206024,14.6069166946411,17.9456405105591,0.0434680583949568,0.338505839259856
"5427006",2003,0.31300535774231,0.208670238494873,0.322008416574866,0.130201593222465,94.9449585151672,95.5709692306519,74.0779346656799,16.0676083641052,9.91183632850647,1.04335119247437,9.18149049377442,0.0280677937964924
"5427006",2004,0.328988242876764,1.02514948114245,15.6502678871155,51.2285435504913,42.2557232952118,67.8178275108337,124.263127023697,133.027277040482,34.2219191131592,0.521675596237183,75.1212858581543,0.404380132050014
"5427006",2005,0.247683049111526,1.02097382961198,23.9970774269104,1.04335119247437,145.234485992432,124.993472858429,75.6429614543915,213.991329576492,20.3453482532501,18.0499756298065,19.0933268222809,0.208670238494873
"5427006",2006,0.738393207349256,0.986229346518546,0.80557336406273,3.02571845817566,27.6488066005707,107.152167467117,336.480759572983,74.808280500412,0.834680953979492,74.0779346656799,1.04114874393022,0.30290948877647
"5427006",2007,0.894936006743731,18.7803214645386,0.521675596237183,0.460465675571811,10.4335119247437,115.290306768417,52.1675596237183,39.3343399562836,1.87803214645386,0.158178674290444,0.293544328256462,0.477389253984432
"5427006",2008,1.03403238017784,0.556911163090861,11.476863117218,9.91183632850647,214.09566469574,118.42036034584,78.5643447933197,204.601168844223,8.13813930130005,0.274215025060134,1.00756833480408,0.277017633213844
"5427006",2009,0.805470917127056,0.102488203382186,0.623023363384516,0.277016696741324,0.588618764429141,205.018509321213,11.9985387134552,156.502678871155,31.5092060127258,0.506833502541243,0.424809400321187,0.504497359973548
"5427006",2010,0.714020043969218,0.0643484464919494,0.176673013000689,0.260245626583178,56.0279590358734,181.021431894302,53.9412566509247,1.56502678871155,22.4320506381989,14.1895762176514,11.7898684749603,1.0103997680921
"5510002",1981,0.559230567555731,0.992040391582955,2.01941498279572,11.6116361510754,492.939197300434,47.9611058413982,36.6523819377422,23.7281260478497,21.7087110650539,0.164734470188877,0.0942170956390814,0.57560546326987
"5510002",1982,0.511844453382441,0.0023860042231482,31.3009322333336,0.836114490900963,247.277364643335,471.028544737101,278.17441388011,119.145483984947,45.1339248654842,43.9222758758068,0.605879015555916,0.754877724928749
"5510002",1983,2.52426872849464,0.799744074300378,0.387087948038197,1.51456123709679,75.7280618548393,210.423041207314,170.135712300539,142.873610032797,18.1747348451614,5.04853745698929,0.507018916396346,0.20321581685691
"5510002",1984,0.908736742258072,0.115065538336363,8.58251367688179,6.05824494838715,215.572549413443,66.1358406865597,793.630088238716,175.689103503227,90.3688204801083,21.203857319355,1.51456123709679,0.335885834329943
"5510002",1985,0.773725947949914,1.00200505699491,7.57280618548393,0.597352413303401,48.9708133327961,74.2135006177425,194.873545839787,0.416159208597924,67.1455481779575,12.9242558898926,0.643952202905735,0.661893771987593
"5510002",1986,0.482288752872709,0.186084527868036,0.0166308875459401,182.454143695593,190.329862128496,129.747412644625,8.58251367688179,196.388107076883,1.51456123709679,0.657967075931656,82.2911605489254,0.898950389866835
"5510002",1987,0.0985644331616552,0.200703146391683,0.507546318257935,19.6892960822582,95.4173579370975,42.9125683844089,639.649695800543,365.009258140326,47.4562520956993,107.533847833872,0.598805969184625,0.351181029260043
"5510002",1988,0.698837294225877,0.769587599606111,12.0155191476345,0.587047882463739,2.01941498279572,41.9028608930111,138.834780067205,187.805593400002,22.7184185564518,0.830304545089082,11.1067824053764,0.448593611081836
"5510002",1989,0.226146508773627,0.791262248625678,0.366996023919072,2.01941498279572,23.2232723021507,52.5047895526886,189.017242389679,137.017306582689,0.354462737126022,0.544261988098216,0.736482872721682,0.0568820371211502
"5510002",1990,0.903163505327566,0.620858819660923,31.8057859790325,0.358191924194426,20.4970620753765,10.0970749139786,102.687251875162,46.4465446043015,45.4368371129036,21.203857319355,0.31895087252692,0.746186068685145
"5510002",1991,0.666101274184215,0.421981656305858,0.189280807952532,26.7572485220432,153.879421689034,346.329669549465,107.533847833872,16.1553198623657,149.436708726883,20.6990035736561,0.323875429776982,17.3669688520432
"5510002",1992,0.231086866949571,2.32232723021507,24.2329797935486,23.7281260478497,405.902411541939,319.774362525702,5.55339120268822,277.87150163269,44.9319833672047,0.504853745698929,3.33203472161293,0.905533284520948
"5510002",1993,0.68532337604674,0.442992650217092,0.946128143259182,121.164898967743,97.1338606724739,169.126004809141,102.990164122581,28.7766635048389,NA,NA,2.01941498279572,2.01941498279572
"5510002",1994,0.823022638603894,0.424394814697073,0.878653029967063,43.9222758758068,209.009450719357,103.89890086484,86.8348442602158,33.3203472161293,39.8834459102154,9.08736742258072,0.211307250204014,5.04853745698929
"5510002",1995,0.0561182182669801,0.271888833904725,0.789843647226762,46.4465446043015,0.414103910428066,126.718290170431,125.708582679033,131.463915380001,7.067952439785,12.9242558898926,1.71650273537636,0.774358016957568
"5510002",1996,0.415652950336765,0.399288247221306,0.403882996559143,11.8135776493549,21.4057988176346,78.4542720816135,264.240450498819,128.737705153227,4.03882996559143,4.03882996559143,0.850063108979276,7.57280618548393
"5510002",1997,0.0259847836509908,0.15876360798478,0.234812684225802,7.067952439785,223.852150842905,405.49852854538,123.689167696238,247.378335392475,197.397814568281,106.019286596775,5.04853745698929,0.201941498279572
"5510002",1998,0.792146049619021,1.21164898967743,0.504853745698929,33.8252009618282,19.1844423365593,73.7086468720436,0.799147861818603,0.506142148615818,10.8038701579571,0.925042711593292,0.792348361042337,0.561571201596679
"5510002",1999,0.294057678909279,0.0405795131833191,40.8931534016132,3.73591771817207,66.8426359305382,75.2232081091404,60.0775957381725,143.075551531076,218.803613385916,4.03882996559143,0.182705548108706,0.0126464552942586
"5510002",2000,0.811228160995635,8.07765993118286,0.743968156767169,13.1261973881721,16.1553198623657,640.154549546242,7.067952439785,7.26989393806458,253.436580340862,6.3611571958065,0.291829290402882,0.306937820851044
"5510002",2001,0.233362420556772,0.302912247419357,0.498779758074528,19.3863838348389,144.893025015593,4.9475667078495,546.150782097101,130.050324892044,30.7960784876347,0.5917927924585,0.913043542737093,0.113863285635123
"5510002",2002,0.901996462417293,0.828206906587835,8.58251367688179,3.02912247419357,352.387914497852,337.242302126884,258.485117797852,204.465767008066,24.7378335392475,8.07765993118286,0.279408345766717,0.487520458662834
"5510002",2003,0.421310915794544,0.455137483476747,0.427068713520068,0.256646051538182,177.708518486023,184.271617180109,84.3105755317211,22.7184185564518,29.7863709962368,4.03882996559143,12.1164898967743,0.636981012699276
"5510002",2004,0.656592101281232,0.445741846051782,12.1164898967743,51.1921698138714,56.0387657725811,95.9222116827965,243.743388423443,160.543491132259,46.5475153534412,2.1203857319355,34.9358792023659,0.10819227545653
"5510002",2005,0.816734867358026,0.48544193704384,18.6795885908604,1.00970749139786,183.362880437851,124.395962940216,113.08723903656,214.057988176346,57.5533270096779,22.7184185564518,32.6135519721508,0.577534382008479
"5510002",2006,0.319491482497461,0.695986887785817,0.13741575592793,3.02912247419357,43.4174221301079,191.844423365593,400.349020339251,55.0290582811832,10.6019286596775,66.6406944322586,0.237784453258476,0.0857196846168053
"5510002",2007,0.834696365561006,23.2232723021507,0.416090895665058,0.113342163285099,19.6892960822582,136.310511338711,49.980520824194,48.4659595870972,0.202126652020719,0.0615836866389544,1.00970749139786,0.684921130438734
"5510002",2008,0.603009583683942,0.605670597647898,17.6698810994625,23.2232723021507,233.242430512905,129.747412644625,139.339633812904,211.028865702152,4.54368371129036,0.0154992034742272,0.38114768196723,0.912730608611332
"5510002",2009,0.366142761461603,0.828700730659105,0.558930822966744,0.798361663961612,0.634799593933188,224.659916836023,24.2329797935486,244.85406666398,12.1164898967743,0.504853745698929,3.02912247419357,0.418919275268384
"5510002",2010,0.524638817492455,0.303831179025068,0.404495031501122,0.121335685056663,59.0678882467747,186.795885908604,69.6698169064522,3.02912247419357,29.2815172505379,17.1650273537636,1.00970749139786,0.910597607980253
"5741002",1981,0.382708115946572,0.968342560901841,4.19130519866943,1.57173944950104,351.021810388565,37.7217467880249,39.8173993873596,10.4782629966736,50.2956623840332,2.09565259933472,0.356036394870357,0.866592136838502
"5741002",1982,0.242857093757894,0.740542815715777,19.9086996936798,0.138157420940758,190.704386539459,424.36965136528,269.291359014511,145.647855653763,59.7260990810394,57.6304464817047,0.259719142555177,0.65820652951627
"5741002",1983,3.14347889900207,0.825563088798885,0.5047232938831,3.66739204883575,100.067411618233,NA,180.750036692619,141.456550455093,19.3847865438461,2.6195657491684,0.301402469052694,0.915685039362854
"5741002",1984,0.675994743540327,0.459760199740845,1.04782629966736,0.458361004306091,189.237429719925,86.9695828723907,731.90667031765,108.973935165405,72.3000146770477,9.95434984683991,2.30521785926819,0.999187498023477
"5741002",1985,0.224101914109149,0.589784194880108,9.95434984683991,0.720525157511146,45.0565308856964,56.5826201820374,141.456550455093,0.196462212509388,51.3434886837006,33.0065284395218,0.984194146143667,0.807429431259444
"5741002",1986,0.879253749075905,0.842579925041973,0.595833489280471,73.3478409767151,257.974834978104,198.039170637131,6.28695779800415,158.745684399605,7.33478409767151,0.986266286856338,64.9652305793762,1.02068112656582
"5741002",1987,0.516019087440063,0.791104309336072,1.04782629966736,4.19130519866943,92.2087143707275,24.1000048923492,868.124089274406,396.078341274261,29.8630495405197,80.6826250743866,0.211841331836758,0.228032304868133
"5741002",1988,0.800246681468024,0.499756400581885,5.76304464817047,0.357716178855835,1.04782629966736,69.6804489278793,91.8943664808273,160.317423849106,39.5030514974594,0.610089805019441,8.90652354717255,2.6195657491684
"5741002",1989,0.397126678393993,0.355426529215997,0.663250053780464,15.7173944950104,23.5760917425156,37.8265294179916,268.138750084877,125.84393859005,4.19130519866943,4.40087045860291,0.50285285651167,0.812868073702797
"5741002",1990,0.987511982986146,0.523250612636318,27.8721795711517,1.0291902498713,25.9860922317505,0.523913149833679,88.7508875818253,46.7330529651642,57.106533331871,7.96347987747192,0.492826291563868,0.701416196806514
"5741002",1991,0.21709701265647,0.703619328758314,1.03294601898681,2.30521785926819,122.281329171181,314.871803050041,134.436114247322,8.90652354717255,139.360897855759,31.0156584701538,0.814904774196117,27.6626143112183
"5741002",1992,0.321557466493641,0.54188050326493,38.1408773078918,34.0543547391892,264.785705925941,386.228774057388,19.5943518037796,186.617863970757,42.0178346166611,0.400403994667642,7.85869724750519,0.336992261318253
"5741002",1993,0.0638638886004373,0.767645894911285,0.386563387356357,123.957851250649,97.5526284990311,113.060457734108,79.320450884819,50.8195755338669,13.7265245256424,9.74478458690643,0.941090380133797,0.831217839072255
"5741002",1994,NA,NA,NA,NA,NA,NA,NA,NA,NA,NA,NA,NA
"5741002",1995,0.456938876060587,0.531501391729563,1.03407831407523,10.7926108865738,0.447041235227388,101.4295858078,222.034392899513,121.547850761414,15.9269597549438,3.24826152896881,0.419130519866943,0.430892845254013
"5741002",1996,0.465996741028898,0.0540939200919266,0.551930555070429,26.7195706415176,9.74478458690643,102.686977367401,172.786556815147,182.426558772087,7.85869724750519,8.59217565727234,0.355991686623905,1.25739155960083
"5741002",1997,0.4566611297146,0.12491853423256,7.54434935760498,1.04782629966736,220.357870820045,705.396664936066,133.597853207588,NA,153.716118161201,78.1678419551849,11.3165240364075,0.280087010152404
"5741002",1998,0.906457283985098,0.407800272835804,0.366421544078068,36.4643552284241,10.4782629966736,61.7169690504074,20.1182649536133,0.456181721989537,20.9565259933472,0.236333166048493,0.983868269683105,0.226579797723405
"5741002",1999,0.0194556272219328,0.25895315983992,22.5282654428482,15.1934813451767,30.0726148004532,83.9308866033554,55.9539244022369,136.007853696823,235.865700055122,NA,0.944943002072042,0.612982227000103
"5741002",2000,0.537025452549836,14.2504376754761,0.294439743966573,15.6126118650436,22.5282654428482,473.198356929779,13.097828745842,1.57173944950104,303.136148493767,3.03869626903534,NA,0.971697663805751
"5741002",2001,0.0779444636235612,0.50630010076554,1.00918946997141,11.0021761465073,111.38393565464,0.305457410834442,558.281852462768,122.176546541214,33.5304415893555,1.57173944950104,0.340895575990691,0.791139848117715
"5741002",2002,0.817981313223734,0.412351276930474,1.57173944950104,NA,299.363973814964,482.733576256752,235.341786905289,196.676996447563,24.7287006721497,0.104782629966736,0.359741627145992,0.985579944669521
"5741002",2003,1.57173944950104,0.471846452641116,0.787019867420888,0.404414911307942,124.376981770515,125.739155960083,90.3226270313263,16.2413076448441,12.4691329660416,0.523913149833679,10.0591324768066,0.933218318600534
"5741002",2004,0.271826442896392,1.57173944950104,26.7195706415176,61.2978385305405,49.2478360843658,75.75784146595,153.192205011368,219.414827150345,62.3456648302078,0.978784928936165,54.8013154726028,0.00601227010930745
"5741002",2005,0.747731589273475,0.273456143574925,27.3482664213181,2.9339136390686,160.526989109039,161.365250148773,75.3387109460831,254.412225559235,38.2456599378586,31.330006360054,33.5304415893555,0.771545663048937
"5741002",2006,0.0692322368555595,0.839041589224151,0.604179880141047,1.57173944950104,34.892615778923,120.185676571846,376.483989470482,76.0721893558502,17.6034818344116,88.1221918020248,0.907186906240981,0.382130080789564
"5741002",2007,0.168902806730937,26.195657491684,0.105135674830605,0.590306605284816,10.1639151067734,80.2634945545197,76.0721893558502,55.9539244022369,0.507996313670259,0.209565259933472,0.293118591326455,0.903730176586241
"5741002",2008,0.630748257433217,0.0279031764184809,15.8221771249771,9.32565406703949,258.813096017838,106.354369416237,86.864800242424,171.633947885513,10.5830456266403,1.00604316421021,0.883785010460181,0.186210419547907
"5741002",2009,0.552445025355364,0.477330491315243,0.0402961551745759,0.208161334435724,0.00923214530325194,221.196131859779,20.22304758358,192.695256508827,32.3778326597214,0.06807704189181,0.191094154817857,0.282774573578617
"5741002",2010,1.03414571384998,0.0512507194860796,0.297325429312093,0.706615819590183,76.3865372457504,228.007002807617,116.51828452301,2.6195657491684,30.7013105802536,15.7173944950104,12.678698225975,0.771429873335741
"5520002",1981,NA,NA,NA,NA,NA,NA,NA,NA,NA,NA,NA,NA
"5520002",1982,NA,NA,NA,NA,NA,NA,NA,NA,NA,NA,NA,NA
"5520002",1983,NA,NA,NA,NA,NA,NA,NA,NA,NA,NA,NA,NA
"5520002",1984,NA,NA,NA,NA,NA,NA,NA,NA,NA,NA,NA,NA
"5520002",1985,NA,NA,NA,NA,NA,NA,NA,NA,NA,NA,NA,NA
"5520002",1986,NA,NA,NA,NA,NA,NA,NA,NA,NA,NA,NA,NA
"5520002",1987,NA,NA,NA,NA,NA,NA,NA,NA,NA,NA,NA,NA
"5520002",1988,NA,NA,NA,NA,NA,NA,NA,NA,NA,NA,NA,NA
"5520002",1989,NA,NA,NA,NA,NA,NA,NA,NA,NA,NA,NA,NA
"5520002",1990,0.387053835762817,0.33981017265599,1.50762216949463,1.61530946731567,1.07687297821045,4.84592840194702,116.733030838013,31.8754401550293,54.5974599952698,21.537459564209,0.475729441611426,0.2068299762024
"5520002",1991,1.06044897845403,0.849954330471489,1.0394940546716,24.4450166053772,46.0901634674072,170.361305152893,134.716809574127,34.3522480049133,80.3347241744995,0.443043434363057,0.722820648551706,0.525266997271908
"5520002",1992,0.925820431949143,0.719369677134351,25.3065149879456,NA,235.942869525909,129.224757385254,0.646123786926269,147.962347206116,65.1508151817322,0.56226356355519,0.398579815361447,0.999402089095126
"5520002",1993,0.437349269807471,0.278015981415533,1.06733180996999,147.746972610474,100.041499675751,NA,0.814797491946134,35.5368082809448,12.9224757385254,21.537459564209,1.61530946731567,4.3074919128418
"5520002",1994,0.972092757761069,0.898015637488859,0.292209423272394,50.6130299758911,127.071011428833,69.9967435836792,88.3035842132568,19.3837136077881,25.8449514770508,0.191289076679658,0.0141130631448555,4.3074919128418
"5520002",1995,0.730741001301342,0.39005751712368,0.770188562685241,NA,1.61530946731567,83.996092300415,120.071337070465,NA,8.61498382568359,8.61498382568359,1.07687297821045,0.653103545119688
"5520002",1996,0.706498921667529,0.515241548921356,0.552249714681691,18.3068406295776,10.7687297821045,62.7816946296692,89.3804571914673,136.762868232727,4.3074919128418,1.03855662872855,0.439994013759144,0.487608150317767
"5520002",1997,0.0492423460485045,0.107088060557443,0.363200107312731,1.07687297821045,153.992835884094,510.437791671753,53.8436489105225,NA,128.147884407043,124.917265472412,5.38436489105225,0.92138308952433
"5520002",1998,NA,0.0642827688673642,0.562200524259891,26.9218244552612,10.7687297821045,4.63055380630493,2.1537459564209,0.125278266547992,15.0762216949463,0.240212785246477,0.575216703064789,0.944684959370692
"5520002",1999,0.413498395155189,0.798976097847377,34.4599353027344,5.38436489105225,25.8449514770508,65.7969389686585,45.2286650848389,106.610424842834,161.530946731567,NA,0.155936622124169,0.921488476701838
"5520002",2000,0.280586048233312,16.1530946731567,0.819781855910249,11.8456027603149,12.9224757385254,547.482222122192,19.3837136077881,NA,186.299025230408,0.980230562281214,0.627209333939369,0.899945597108159
"5520002",2001,0.345256926330892,0.195367412995528,0.953085601376468,15.0762216949463,97.9954410171509,4.3074919128418,307.985671768188,119.53290058136,21.64514686203,0.657476480773079,0.190883803041599,0.00753529714826114
"5520002",2002,0.667295373535248,0.156873327221258,0.751471757285502,1.07687297821045,219.682087554932,270.295117530823,142.147233123779,138.916614189148,18.3068406295776,10.7687297821045,0.862730070919259,0.334785015329642
"5520002",2003,0.428014658659766,0.679816651599132,0.935742865269525,0.243076832101078,95.84169506073,88.3035842132568,71.0736165618897,26.9218244552612,35.5368082809448,0.613536383481832,15.3992835884094,0.18679247520111
"5520002",2004,0.684993836967628,0.30385243992212,23.1527690315247,46.3055380630493,43.074919128418,75.3811084747314,100.149186973572,117.379154624939,37.6905542373657,0.0378908417604987,72.1504895401001,0.390774399807292
"5520002",2005,0.72145409335717,0.239104939284115,26.9218244552612,2.1537459564209,111.779415138245,138.270490402222,57.0742678451538,187.59127280426,19.4914009056091,34.4599353027344,25.8449514770508,0.0207386068115044
"5520002",2006,0.339880633530539,0.760449651981752,0.0574523550128634,5.38436489105225,23.6912055206299,100.149186973572,248.757657966614,50.5053426780701,21.1067103729248,53.8436489105225,0.171809824863575,0.160543032637376
"5520002",2007,0.237282644464821,18.3068406295776,0.652435248957975,0.676422829852192,6.4612378692627,69.9967435836792,37.6905542373657,43.074919128418,0.127901115587238,0.705249968416591,0.403160213239389,0.775105041263392
"5520002",2008,0.776294544154346,0.589986725156868,8.61498382568359,13.9993487167358,153.669773990631,73.2273625183105,103.379805908203,106.610424842834,5.38436489105225,0.221252820076734,0.164855160233093,0.261301603846245
"5520002",2009,1.03596226225623,0.190588187750054,0.301890183144453,0.637330374487197,0.827805867311472,137.839741210937,25.8449514770508,115.225408668518,16.1530946731567,0.894103736606582,6.4612378692627,0.481909434779582
"5520002",2010,0.305330495318614,0.242501809394584,0.109219210916099,0.803232214333197,67.089186542511,162.607819709778,65.6892516708374,0.042365971807949,25.8449514770508,20.4605865859985,11.953290058136,1.05124915145952
"5520001",1981,NA,NA,NA,NA,NA,NA,NA,NA,NA,NA,NA,NA
"5520001",1982,NA,NA,NA,NA,NA,NA,NA,NA,NA,NA,NA,NA
"5520001",1983,NA,NA,NA,NA,NA,NA,NA,NA,NA,NA,NA,NA
"5520001",1984,NA,NA,NA,NA,NA,NA,NA,NA,NA,NA,NA,NA
"5520001",1985,NA,NA,NA,NA,NA,NA,NA,NA,NA,NA,NA,NA
"5520001",1986,1.02790811023424,1.01767724002156,0.951548853785124,68.3446497821808,179.848676828384,140.456327505112,0.909429187048809,86.5340132675171,0.397044107820828,0.609225397914113,22.6021676445007,0.609516609621932
"5520001",1987,0.439987457745444,0.612288457374023,0.814818881935492,4.19754541969299,116.562607423782,29.4904473075867,451.935723520279,203.957655649185,24.1089788208008,62.2097757072449,0.231974264636531,0.549007395343015
"5520001",1988,1.0450913859777,0.826636317366292,17.1130697879791,0.823731516384441,1.50681117630005,23.7860907115936,58.0122302875519,119.253341667175,14.2070768051147,0.586504108638327,10.1171607551575,2.15258739471436
"5520001",1989,0.220387663259198,0.400873845812002,0.048805099278859,0.753405588150024,25.6157899971008,29.9209647865295,153.156593133926,96.9740621318817,1.07629369735718,5.91961533546448,0.732608142724046,0.132766423847285
"5520001",1990,0.791391917766994,0.19052154221341,13.9918180656433,1.00741932694072,8.61034957885742,2.15258739471436,88.6866006622315,24.6471256694794,34.9795451641083,22.0640207958221,0.238652802832702,0.354531297698485
"5520001",1991,0.577528811116339,0.753126482094494,0.706831237135923,12.3773775196075,64.3623631019592,209.984900354385,98.5885026779175,13.9918180656433,68.2370204124451,22.0640207958221,0.403524750810959,14.2070768051147
"5520001",1992,0.119745933995691,0.0359537078566559,16.6825523090363,30.2438528957367,285.433088539124,NA,9.25612579727173,143.147061748505,36.0558388614655,0.65930172700642,0.305533723815738,0.492341099054816
"5520001",1993,0.818542316132246,0.420364311612359,0.324444022550224,NA,73.1879714202881,67.483614824295,81.1525447807312,32.2888109207153,0.970021578790022,8.61034957885742,0.0973793226550283,0.105945274124753
"5520001",1994,0.692894308173374,0.440910718279873,0.26134749354376,53.8146848678589,66.5149504966736,59.8419295730591,57.7969715480804,23.1403144931793,17.2206991577148,0.849147840289759,0.0267576626959128,8.07220273017883
"5520001",1995,0.730722603142984,0.747701100109579,0.650937255241518,26.4768249549866,0.538146848678589,43.2670066337585,104.508118013382,65.5462861690521,8.07220273017883,10.2247901248932,0.611251430351257,0.0370417360523014
"5520001",1996,0.910436740941303,0.837148726603023,0.742826039426757,18.8351397037506,15.4986292419434,51.6620974731445,96.5435446529388,94.4985866279602,0.276200569173886,0.089057662896639,0.473716260140524,0.257642449950804
"5520001",1997,0.179218702630281,0.491453422639705,0.986329207389561,4.8433216381073,157.031250444412,361.311794202805,53.2765380191803,202.881361951828,78.4618105373383,104.400488643646,3.22888109207153,3.22888109207153
"5520001",1998,0.3931729401005,0.072754057085059,0.120010055974239,11.3010838222504,21.9563914260864,33.9032514667511,0.420925359847822,4.30517478942871,8.07220273017883,0.113586940881739,0.311837196989361,0.370160505774941
"5520001",1999,0.291340725216602,0.608011357696188,32.3964402904511,2.58310487365723,28.4141536102295,53.384167388916,41.4373073482513,NA,83.6280202846527,NA,0.645321815883928,0.392815273830086
"5520001",2000,0.832105463615505,14.3147061748505,1.00349577551957,8.28746146965027,8.61034957885742,450.213653604507,15.7138879814148,1.61444054603577,196.854117246628,0.687871522236583,0.336756928232243,0.0623441849620153
"5520001",2001,0.673181312508637,0.963185416119004,0.995944980968975,13.0231537380219,87.9331950740814,6.6730209236145,281.020284379959,104.831006122589,12.7002656288147,6.02724470520019,1.02002700427112,1.013437826948
"5520001",2002,0.365493035785989,0.496119225425749,8.07220273017883,4.8433216381073,297.272319210053,211.599340900421,135.613005867004,143.147061748505,14.8528530235291,10.7629369735718,1.00867179000855,0.718622163965297
"5520001",2003,0.403541380489633,0.109004409029611,0.895525490128847,0.73496337017676,146.483572210312,109.243810281754,41.7601954574585,24.2166081905365,23.5708319721222,4.30517478942871,14.8528530235291,0.520478939878707
"5520001",2004,1.07041954534645,0.697242166869592,6.99590903282166,54.0299436073303,32.5040696601868,55.9672722625732,127.540803136826,85.3500902004242,25.8310487365723,1.00286054189185,48.9713632297516,0.599172205221703
"5520001",2005,0.976622190974995,0.967165846900122,18.9427690734863,0.215258739471436,138.841886959076,108.813292802811,27.7683773918152,147.882754016876,27.445489282608,19.2656571826935,14.5299649143219,0.0458041656181233
"5520001",2006,0.19443214393105,0.152381990509578,0.841542032553879,5.81198596572876,11.4087131919861,116.347348684311,236.784613418579,50.5858037757874,19.050398443222,39.8228668022156,0.500125562630539,0.0654826326661204
"5520001",2007,0.236291214297974,23.1403144931793,0.687226627452433,0.707033456344096,5.91961533546448,67.3759854545593,39.3923493232727,47.1416639442444,0.839691497217262,0.110685058820597,0.69963326762728,0.461351258189172
"5520001",2008,1.00427655498389,0.257841108466639,9.90190201568603,16.1444054603577,137.765593261719,80.829656671524,65.4386567993164,144.438614185333,3.22888109207153,0.567582366271191,0.403818187043085,0.87635716712337
"5520001",2009,0.552662031170048,0.871898518496181,0.350388231060623,0.841840837013979,0.540051554953544,158.215173511505,15.0681117630005,111.396397676468,15.6062586116791,0.65723366892722,0.12538195014048,0.316721052023434
"5520001",2010,0.403251972307943,0.724509166694847,0.953797456682902,0.080245342039446,55.6443841533661,160.044872797012,72.6498245716095,0.538146848678589,22.6021676445007,19.3732865524292,3.76702794075012,0.0625367836100098
"5720003",1981,NA,NA,NA,NA,NA,NA,NA,NA,NA,NA,NA,NA
"5720003",1982,NA,NA,NA,NA,NA,NA,NA,NA,NA,NA,NA,NA
"5720003",1983,NA,NA,NA,NA,NA,NA,NA,NA,NA,NA,NA,NA
"5720003",1984,NA,NA,NA,NA,NA,NA,NA,NA,NA,NA,NA,NA
"5720003",1985,NA,NA,NA,NA,NA,NA,NA,NA,NA,NA,NA,NA
"5720003",1986,NA,NA,NA,NA,NA,NA,NA,NA,NA,NA,NA,NA
"5720003",1987,NA,NA,NA,NA,NA,NA,NA,NA,NA,NA,NA,NA
"5720003",1988,0.734875996705781,0.0028701048030919,0.779698906745702,0.235406253654498,23.3012545204163,15.9429636192322,75.2998435554504,83.1486871833801,49.4231872196197,NA,17.0467072544098,11.7732654418945
"5720003",1989,1.21618064812158,0.339779657207077,NA,63.7718544769287,79.7148180961609,20.2352999782562,136.128381671906,247.606488824844,48.6873581295013,0.689865636132883,4.90552726745605,6.13190908432007
"5720003",1990,0.634413665621719,0.181753152261997,25.1408272457123,35.5650726890564,28.8199726963043,9.81105453491211,64.1397690219879,69.9037635612488,103.997178070068,18.3957272529602,2.45276363372803,2.45276363372803
"5720003",1991,1.00714606511955,0.559507876813456,0.673041280137861,27.4709526977539,108.412152610779,188.494885251999,288.812917871475,15.4524108924866,NA,54.3287144870758,0.0432811347671861,60.0927090263367
"5720003",1992,NA,NA,NA,NA,NA,NA,NA,NA,NA,NA,NA,NA
"5720003",1993,NA,NA,NA,NA,NA,NA,NA,NA,NA,NA,NA,NA
"5720003",1994,0.642085630038705,0.540940521455063,3.67914545059204,30.0463545131683,58.2531363010406,58.8663272094727,152.807174381256,12.0185418052673,26.7351236076355,32.4991181468964,0.147068013823042,0.197538868307704
"5720003",1995,6.74509999275207,5.51871817588806,0.599101351888183,30.6595454216003,45.9893181324005,123.251372594833,70.0264017429352,43.2912781352997,54.5739908504486,3.67914545059204,9.1978636264801,0.262194006988277
"5720003",1996,3.67914545059204,0.030935607812412,0.441052123728172,60.7058999347687,7.97148180961609,40.8385145015717,22.6880636119843,38.8763035945892,5.51871817588806,9.3205018081665,0.516118423867192,0.367914545059204
"5720003",1997,0.162303756111539,0.874688667034668,24.7729127006531,3.67914545059204,139.194336214066,422.488535909653,79.7148180961609,155.75049074173,71.1301453781128,137.967954397202,19.6221090698242,33.7254999637604
"5720003",1998,0.842954239991944,12.2638181686401,12.6317327136993,64.8755981121063,12.2638181686401,28.8199726963043,1.12957834997941,2.45276363372803,15.9429636192322,0.144805681635746,1.12619528530331,0.722413129387685
"5720003",1999,0.981105453491211,0.490552726745606,16.5561545276642,43.5365544986725,6.49982362937927,75.4224817371368,40.4705999565125,126.562603500366,144.713054389954,29.4331636047363,0.984197352976438,12.2638181686401
"5720003",2000,0.674852904010077,12.2638181686401,1.00816139906829,38.0178363227844,52.7344181251526,386.923463220596,82.7807726383209,10.9147981700897,121.411799869537,6.74509999275207,33.7254999637604,1.00070694361746
"5720003",2001,0.750056586799165,0.763950213721455,22.0748727035522,41.6969817733765,68.0641908359528,14.7165818023682,253.247845182419,83.6392399101257,63.1586635684967,26.7351236076355,0.00963921004553771,2.33012545204163
"5720003",2002,1.00695006239996,0.968853094915691,17.7825363445282,41.0837908649445,254.842141544342,372.82007232666,115.893081693649,152.071345291138,60.0927090263367,6.13190908432007,0.773223411823984,2.57540181541443
"5720003",2003,23.3012545204163,1.20446896808638,0.768947850478914,1.00839897830404,85.846727180481,71.8659744682312,116.506272602081,0.334759551935715,26.2445708808899,0.756468805933601,25.7540181541443,0.269613487876351
"5720003",2004,1.03990425294588,2.45276363372803,20.2352999782562,52.1212272167206,19.0089181613922,90.0164253578186,83.3939635467529,86.5825562705994,66.8378090190888,10.4242454433441,118.959036235809,0.383923861251837
"5720003",2005,0.393448397585275,1.09183236993296,47.9515290393829,16.5561545276642,141.647099847794,231.05033429718,38.3857508678436,234.238927021027,63.2813017501831,58.4984126644135,18.027812707901,0.881546484187907
"5720003",2006,1.20644941619405,0.628304139241042,0.0837479850882792,3.31123090553284,10.7921599884033,84.9882599086761,268.454979711533,45.8666799507141,19.6221090698242,1.96221090698242,1.96221090698242,1.03791618350961
"5720003",2007,0.932963469609907,25.5087417907715,13.1222854404449,0.816316017005301,19.6221090698242,122.392905323029,72.6018035583496,42.9233635902405,0.305115292035394,0.322579385339544,0.490552726745606,0.289968859576918
"5720003",2008,0.85846727180481,2.82067817878723,24.1597217922211,12.1411799869537,179.910212533951,75.5451199188232,38.9989417762756,205.418954324722,12.8770090770721,0.184771938503981,1.06774992983789,0.559911987975426
"5720003",2009,0.999620299663063,4.41497454071045,1.03707623406101,0.716986484442882,NA,159.920188919067,46.9704235858917,116.874187147141,143.977225299835,12.6317327136993,1.47165818023682,0.0388626807207977
"5720003",2010,1.03817744565777,0.765751319754742,0.535349149763291,3.80178363227844,76.7715017356873,123.37401077652,62.5454726600647,8.9525872631073,40.5932381381989,21.5843199768066,71.498059923172,2.94331636047363
"5730012",1981,0.805735205643124,2.0240822467804,7.73913800239563,3.57190984725952,198.955378492355,15.00202135849,57.7458758640289,42.2675998592377,26.7893238544464,33.9331435489655,0.43490538649648,1.13192731066876
"5730012",1982,0.464746800081536,0.206236534401586,20.8361407756805,1.90501858520508,135.732574195862,400.649221200943,157.759351587296,117.873024959564,98.2275207996368,54.1739660167694,7.14381969451904,1.08535711955896
"5730012",1983,16.0735943126678,2.38127323150635,1.11779518361963,35.1237801647186,51.1973744773865,141.090438966751,119.658979883194,70.2475603294372,57.7458758640289,5.23880110931397,1.78595492362976,0.378813232339095
"5730012",1984,1.1556586749177,0.0338221205002545,2.97659153938293,13.0970027732849,69.0569237136841,59.650894449234,276.823013162613,64.1753135890961,74.4147884845734,37.505053396225,18.4548675441742,0.286892481023972
"5730012",1985,5.35786477088928,0.994546231873467,31.5518703174591,6.07224674034119,72.6288335609436,12.5016844654083,125.61216296196,27.9799604701996,23.8127323150635,44.0535547828674,0.179084204761826,0.400207665439011
"5730012",1986,0.726840398630705,0.415559968400634,0.496790717730144,27.384642162323,162.402834388733,199.431633138657,1.78595492362976,66.0803321743011,19.0501858520508,17.264230928421,29.1705970859528,0.505241970956121
"5730012",1987,0.31880651017875,0.458466156030107,2.97659153938293,17.264230928421,75.1291704540253,54.769284324646,529.833294010162,245.86646115303,32.1471886253357,94.0602926445007,0.400660564879051,0.919289119645883
"5730012",1988,0.739489724655415,0.087490502053996,7.73913800239563,0.198447699049135,5.35786477088928,5.35786477088928,57.7458758640289,109.538568649292,31.5518703174591,1.19063661575317,10.120411233902,5.35786477088928
"5730012",1989,0.00441527124338781,0.347526004534778,0.696759305159119,61.3177857112885,50.6020561695099,31.5518703174591,261.582864480972,195.859723291397,35.6000348110199,1.00227601868495,2.97659153938293,0.688305246500244
"5730012",1990,0.697931340452943,0.776916212672864,14.644830373764,0.132248192786097,14.2876393890381,0.938405073844644,96.2034385528564,110.491077941895,42.8629181671143,23.8127323150635,1.42876393890381,1.1763791096941
"5730012",1991,0.915476449844821,1.04887646633312,1.13442844724284,10.120411233902,103.2281945858,168.713208452225,162.640961711884,7.73913800239563,78.2248256549835,31.3137429943085,0.911493972623843,47.625464630127
"5730012",1992,0.210559659094566,1.03182705776745,16.4307852973938,66.5565868206024,177.404855747223,196.455041599274,39.2910083198547,79.6535895938873,32.9806342563629,1.54782760047913,12.0254298191071,0.435145760810818
"5730012",1993,0.0540830550300183,0.61916269420153,1.12297454057137,144.662348814011,152.401486816406,42.386663520813,62.1512313423157,38.4575626888275,32.9806342563629,19.1692495136261,5.59599209403992,9.88228391075134
"5730012",1994,0.231892657649466,0.82881671409283,0.651921609135965,25.9558782234192,54.769284324646,46.5538916759491,137.161338134766,17.264230928421,40.0053902893066,15.4782760047913,3.57190984725952,3.81003717041016
"5730012",1995,0.357190984725952,1.19063661575317,0.277441505131311,23.9317959766388,13.6923210811615,95.3699929218292,77.3913800239563,34.528461856842,41.4341542282104,0.595318307876587,2.26220956993103,1.07510262554715
"5730012",1996,1.54782760047913,1.06790798670421,0.0164934746125261,54.2930296783447,10.5966658802032,51.5545654621124,26.7893238544464,63.6990589427948,7.73913800239563,8.81071095657349,0.795072251412701,7.26288335609436
"5730012",1997,0.984021032160442,0.442063849115857,32.7425069332123,1.19063661575317,141.804820936203,348.618401092529,89.8930644893646,133.113173641205,97.7512661533356,89.1786825199127,19.1692495136261,55.4836662940979
"5730012",1998,0.559189157651098,2.38127323150635,0.833445631027222,67.3900324516296,45.1251277370453,38.6956900119782,0.581316879071236,4.16722815513611,20.5980134525299,0.469307922510175,0.267464133000997,0.742768709637621
"5730012",1999,1.54782760047913,1.78595492362976,17.3832945899963,21.3123954219818,2.85752787780762,55.0074116477966,43.2201091518402,151.568041185379,145.733921768188,36.1953531188965,0.288243167781761,1.18405173359254
"5730012",2000,0.735236049673598,35.0047165031433,0.814823424646703,35.1237801647186,32.1471886253357,419.461279729843,60.7224674034119,1.54782760047913,143.114521213532,20.1217588062286,1.54782760047913,0.41379952765394
"5730012",2001,0.960747951176869,0.282561103312925,25.0033689308166,32.5043796100616,64.889695558548,7.97726532554626,268.845747837067,90.1311918125153,77.9866983318329,13.4541937580109,1.78595492362976,0.764300007943794
"5730012",2002,0.768004472586053,0.985002419715276,20.240822467804,34.6475255184174,193.24032273674,317.899976406097,137.875720104218,133.351300964355,35.2428438262939,6.31037406349182,0.952509292602539,0.952509292602539
"5730012",2003,17.7404855747223,0.995908753843387,0.595318307876587,1.05494692413606,77.9866983318329,60.1271490955353,87.7499185810089,6.31037406349182,23.3364776687622,0.972621917922109,15.8354669895172,0.810198181166109
"5730012",2004,4.52441913986206,0.714381969451904,17.1451672668457,40.9578995819092,18.6929948673248,63.3418679580689,113.586733142853,76.915125377655,67.509096113205,11.0729205265045,104.061640216827,1.05716069844413
"5730012",2005,6.54850138664246,0.227909019722209,27.384642162323,10.3585385570526,94.0602926445007,201.455715385437,50.0067378616333,275.156121900558,45.7204460449219,62.0321676807404,13.4541937580109,0.767857057067023
"5730012",2006,0.838559740540155,1.16706150219638,0.530787630560829,1.78595492362976,4.88161012458801,74.652915807724,224.911256715775,80.0107805786133,9.88228391075134,76.4388707313538,3.57190984725952,0.510286619724668
"5730012",2007,0.943690708744763,29.8849790554047,11.0729205265045,0.596852403691169,18.9311221904755,103.942576555252,79.1773349475861,57.1505575561523,2.85752787780762,1.01478926541272,11.1919841880798,1.15939842564073
"5730012",2008,0.714381969451904,1.06044826605504,15.3592123432159,5.95318307876587,179.071747009277,76.2007434082031,47.9826556148529,199.431633138657,35.8381621341705,1.16001215705593,0.357190984725952,0.2870471235821
"5730012",2009,0.23834651417341,4.16722815513611,1.78595492362976,0.945265813778671,19.6455041599274,129.541263793945,39.8863266277313,136.80414715004,100.965985015869,30.3612337017059,0.985993425025938,0.842487050531035
"5730012",2010,0.321669557299357,0.600241161215339,0.520083910507332,1.42876393890381,69.6522420215607,106.80010443306,52.8642657394409,5.83411941719055,64.7706318969727,26.0749418849945,75.0101067924499,2.85752787780762
"5730014",1981,0.353908586989855,0.118955368041992,0.418721222588759,0.124474245739113,216.498769836426,32.1179493713379,34.4970567321777,17.8433052062988,23.7910736083984,38.0657177734375,0.291792015155998,0.327744607398675
"5730014",1982,NA,NA,NA,NA,NA,NA,NA,NA,NA,NA,NA,NA
"5730014",1983,17.8433052062988,0.765679510238495,0.627334178884533,34.4970567321777,60.0724608612061,147.50465637207,102.301616516113,74.3471050262451,49.9612545776367,0.834265015364393,0.972373825363632,1.0096102394126
"5730014",1984,0.614188391412923,0.838001120617142,0.628395441672947,9.51642944335937,61.8567913818359,71.9679976654053,294.652446640015,44.6082630157471,55.6711122436523,34.4970567321777,14.2746441650391,0.310126246273849
"5730014",1985,2.9738842010498,0.426393917483641,31.5231725311279,4.16343788146973,73.1575513458252,14.869421005249,105.870277557373,26.7649578094482,21.4119662475586,33.9022798919678,0.771201996949869,0.191674170621603
"5730014",1986,1.15521074049586,0.886431760129885,0.940368185945622,27.9545114898682,147.50465637207,162.374077377319,2.37910736083984,54.7194692993164,13.0850904846191,17.8433052062988,28.5492883300781,0.260411992124299
"5730014",1987,0.886405071548971,0.129978128741727,0.121718363724685,17.8433052062988,61.8567913818359,48.5337901611328,478.200579528809,134.181655151367,13.0850904846191,99.9225091552734,0.646215672286869,0.533281637511056
"5730014",1988,0.406722443083346,0.698570675395656,0.581349788037689,0.0941760830723781,7.13732208251953,5.94776840209961,44.6082630157471,104.918634613037,22.6015199279785,0.91859351061598,23.1962967681885,2.9738842010498
"5730014",1989,0.688071895174234,0.386462204091781,1.04912808855628,55.3142461395264,48.7717008972168,47.5821472167969,103.491170196533,179.622605743408,23.7910736083984,1.02332424264469,0.174671245220193,0.903071942291728
"5730014",1990,0.180896166651282,0.42821899199763,0.949236086454494,10.9438938598633,13.0850904846191,0.296563392289946,90.4060797119141,101.706839675903,22.0067430877686,0.123880927573692,0.347531619222404,0.354583444072452
"5730014",1991,NA,NA,NA,NA,NA,NA,NA,NA,NA,NA,NA,NA
"5730014",1992,NA,NA,NA,NA,NA,NA,NA,NA,NA,NA,NA,NA
"5730014",1993,NA,NA,NA,NA,NA,NA,NA,NA,NA,NA,NA,NA
"5730014",1994,0.130331251340715,0.565859866790672,0.874936711559885,6.30463450622559,55.3142461395264,46.6305042724609,114.554019424438,25.5754041290283,31.4042171630859,2.14119662475586,1.90328588867188,4.04448251342773
"5730014",1995,1.18955368041992,0.713732208251953,0.74765920874326,21.4119662475586,10.9438938598633,87.9080169830322,77.4399445953369,48.7717008972168,49.9612545776367,0.594776840209961,0.356866104125977,0.526023241421727
"5730014",1996,3.21179493713379,0.0449531584935925,0.379577731193006,61.380969909668,8.68374186706543,47.2252811126709,26.4080917053223,50.9128975219727,6.42358987426758,7.85105429077148,0.61793434635593,5.35299156188965
"5730014",1997,0.383245058947142,0.166094587059862,42.2291556549072,13.0850904846191,195.800535797119,354.843862869263,112.055956695557,127.16328843689,99.0898215789795,78.1536768035889,14.512554901123,44.965129119873
"5730014",1998,0.568358698837998,1.5464197845459,0.713732208251953,53.0540941467285,31.4042171630859,34.9728782043457,0.579332939669382,4.75821472167969,18.5570374145508,0.349522625136495,0.628715140744085,0.520365784900228
"5730014",1999,0.100844217577049,0.532854701920987,22.9583860321045,22.2446538238525,2.14119662475586,66.0202292633057,35.3297443084717,159.876014648438,136.322851776123,32.3558601074219,0.984233583898461,0.250056037258507
"5730014",2000,0.599088292506399,25.0995826568604,0.784755996377138,35.6866104125977,41.1585573425293,382.322552886963,44.965129119873,1.30850904846191,165.585872314453,9.39747407531738,1.18955368041992,0.321736464181395
"5730014",2001,0.566300429036556,0.325426522693038,17.9622605743408,31.6421278991699,63.5221665344238,10.7059831237793,232.795655258179,88.0269723510742,80.8896502685547,14.869421005249,0.716063077474997,0.289478684546845
"5730014",2002,0.166416443407872,0.650312451023109,25.5754041290283,31.5231725311279,181.406936264038,267.649578094482,120.144921722412,115.386707000732,34.1401906280518,7.13732208251953,2.37910736083984,1.14825032170201
"5730014",2003,12.4903136444092,1.06160884758625,0.465701407620872,0.983048923986639,59.4776840209961,49.9612545776367,92.1904102325439,4.16343788146973,23.7910736083984,1.17747415439291,16.6537515258789,1.00895281087818
"5730014",2004,0.529201684094208,2.9738842010498,14.869421005249,50.7939421539307,16.6537515258789,58.6449964447021,97.5434017944336,73.7523281860352,56.7417105560303,10.1112062835693,117.171037521362,1.0183142802162
"5730014",2005,2.37910736083984,0.581371126494408,29.738842010498,5.94776840209961,83.8635344696045,178.433052062988,38.6604946136475,259.917479171753,49.3664777374268,60.667237701416,10.7059831237793,0.700724873530459
"5730014",2006,0.999842741430464,0.0784250161065081,0.356120955711934,1.78433052062988,4.75821472167969,64.8306755828857,208.171894073486,68.3993366241455,10.3491170196533,60.667237701416,1.18955368041992,0.441697424694294
"5730014",2007,0.0736189078950705,33.3075030517578,8.32687576293945,0.628079039310838,10.7059831237793,97.5434017944336,70.6594886169434,52.9351387786865,0.269056672223953,0.344639980264601,10.3491170196533,0.148350750746617
"5730014",2008,NA,NA,NA,NA,NA,NA,NA,NA,NA,NA,NA,NA
"5730014",2009,NA,NA,NA,NA,NA,NA,NA,NA,NA,NA,NA,NA
"5730014",2010,NA,NA,NA,NA,NA,NA,NA,NA,NA,NA,NA,NA
"5744002",1981,0.860897538405414,1.06113889352717,1.01410454596063,0.375694482643189,265.487966814041,23.1867219924927,18.7812448139191,8.11535269737244,36.9828215780258,6.9560165977478,1.15121384108392,0.248966778804741
"5744002",1982,0.697104428690805,0.814214344945399,4.05767634868622,3.4780082988739,116.513278012276,348.960165987015,123.469294610023,66.545892118454,37.6784232378006,27.8240663909912,0.147310059911217,0.276168900207648
"5744002",1983,8.11535269737244,0.27216099485683,1.06927886939571,3.4780082988739,62.0244813299179,122.425892120361,106.658921165466,56.3437344417572,8.69502074718475,1.07521546420686,0.419319357116106,0.229962376745623
"5744002",1984,0.46471238214393,0.255978058290969,0.845006437975139,0.958633056642454,147.815352702141,38.026224067688,282.066473038673,59.7058091306686,41.1564315366745,10.4340248966217,0.169358893921698,0.186926690542387
"5744002",1985,0.875395389658395,0.109405582530209,14.4917012453079,0.566362828697972,45.5619087152481,17.9697095441818,67.0096265583038,14.8395020751953,30.1427385902405,15.3032365150452,0.25743114964126,0.899524806209733
"5744002",1986,0.183704716319893,0.00038789791767399,0.799780836121207,18.5493775939941,142.482406643868,150.249958511353,0.34780082988739,44.1707053956985,0.69560165977478,4.28954356861114,30.9542738599777,0.0208584477913757
"5744002",1987,1.04918788176315,0.680300931090763,1.05779168305962,3.4780082988739,83.9359336128235,31.0702074699402,441.475186737061,239.750705402374,21.3317842330933,27.5921991710663,1.05144696077404,0.779475020928853
"5744002",1988,0.423671525286835,0.613262548920651,12.2889626560211,1.03458590729938,2.08680497932434,20.6361825733185,32.4614107894897,104.340248966217,11.1296265563965,0.204065398624392,6.72414937782288,2.08680497932434
"5744002",1989,0.990189909191662,0.308047908124174,0.855716247501896,11.8252282161713,23.4185892124176,31.6498755197525,123.817095439911,113.962738593102,11.5933609962463,5.79668049812317,0.595740167849214,0.331147502465231
"5744002",1990,0.0962469479627525,0.871847266199542,6.9560165977478,0.989830249893216,10.4340248966217,4.63734439849854,75.9365145254135,48.6921161842346,23.1867219924927,15.0713692951202,0.84523316508366,1.07731287277008
"5744002",1991,0.792356481362531,0.0570621864085871,0.461894438953807,5.21701244831085,73.6178423261643,150.713692951202,132.164315357208,12.6367634859085,34.780082988739,19.9405809135437,0.774847406439684,42.3157676362991
"5744002",1992,0.836360773394662,0.56101444582341,24.8097925319672,24.6938589220047,211.926639011383,202.651950214386,22.259253112793,78.2551867246628,28.9834024906158,0.201888731627417,6.37634854793549,1.05858892772088
"5744002",1993,0.883077369215105,0.666627588944611,0.0931858438485386,81.9650622434616,67.5892946081161,83.7040663928986,60.5173444004059,32.9251452293396,9.506556016922,9.85435684680939,0.296663275361912,4.05767634868622
"5744002",1994,0.383443530371431,0.0255170458074697,0.53970646318364,26.8965975112915,89.0370124511719,46.1415767650604,91.4716182603836,7.65161825752258,15.1873029050827,4.05767634868622,0.0998373660521026,11.013692946434
"5744002",1995,0.355660774747912,2.31867219924927,0.880112828950864,14.0279668054581,1.04340248966217,54.7206639022827,95.6452282190323,54.8365975122452,8.92688796710968,2.89834024906158,1.85493775939941,0.985017468719222
"5744002",1996,0.409964802104643,0.654080622061551,0.115957034236548,30.3746058101654,6.60821576786041,41.8520331964493,35.9394190883636,46.025643155098,0.579668049812317,5.68074688816071,1.15795198835277,0.77915032445021
"5744002",1997,0.072700749122202,0.182932925690607,6.9560165977478,0.34780082988739,156.74224066925,369.828215780258,59.9376763505936,106.658921165466,55.6481327819824,48.3443153543472,5.79668049812317,2.08680497932434
"5744002",1998,0.151642034425749,0.101067065536229,0.739826031212725,22.7229875526428,10.4340248966217,24.9257261419296,5.79668049812317,1.11285588411255,24.9257261419296,0.278835432410398,0.506706414070403,0.508027518791951
"5744002",1999,0.115933609962463,0.013647091553792,28.6356016607285,9.62248962688446,1.50713692951202,76.8639834051132,36.287219918251,94.6018257293701,139.120331954956,2.08680497932434,0.579668049812317,5.21701244831085
"5744002",2000,1.03778695986725,20.8680497932434,0.684244568243259,19.7087136936188,14.4917012453079,427.910954371452,24.4619917020798,0.34780082988739,163.118589217186,4.63734439849854,1.15933609962463,0.732829681227915
"5744002",2001,0.453369304676716,0.300625448536798,0.579668049812317,6.49228215789795,61.5607468900681,11.7092946062088,237.316099593163,78.8348547744751,15.6510373449326,1.62307053947449,1.06285020999753,0.403745373828917
"5744002",2002,0.324282506665587,0.590229038050241,0.69560165977478,0.811535269737244,213.781576770782,267.574771793365,113.267136933327,122.309958510399,14.3757676353455,3.70987551879883,2.78240663909912,0.579668049812317
"5744002",2003,3.4780082988739,0.362221224266547,0.231867219924927,0.557816107121413,88.6892116212845,59.1261410808563,53.5613278026581,13.3323651456833,26.4328630714417,0.579668049812317,11.8252282161713,0.64211145136591
"5744002",2004,0.541747808849374,1.04340248966217,8.11535269737244,45.793775935173,23.766390042305,56.1118672218323,85.4430705423355,59.8217427406311,24.6938589220047,1.04340248966217,60.285477180481,0.456980115089984
"5744002",2005,0.223940683857364,0.735190133143315,27.8240663909912,4.17360995864868,81.3853941936493,193.609128637314,28.4037344408035,189.551452288628,10.4340248966217,11.8252282161713,10.6658921165466,0.811535269737244
"5744002",2006,0.000432569542682628,0.783360746980204,1.09434662599015,5.21701244831085,19.9405809135437,99.818838177681,127.99070539856,52.7497925329208,16.3466390047073,56.3437344417572,2.55053941917419,0.305259786416758
"5744002",2007,0.849236944300239,18.5493775939941,0.34780082988739,0.395793702839414,8.11535269737244,79.6463900442124,52.7497925329208,40.3448962669373,1.04340248966217,1.05379140968051,0.231867219924927,0.061655340685693
"5744002",2008,0.132457853733983,0.0439576215830977,8.11535269737244,12.4048962659836,130.657178427696,60.8651452302933,50.1992531137466,146.656016602516,4.40547717857361,0.891337861890579,0.69560165977478,0.393538110501029
"5744002",2009,0.83937027167855,0.579668049812317,0.34780082988739,1.09586288773764,6.84008298778534,139.815933614731,19.7087136936188,106.542987555504,36.519087138176,12.752697095871,0.684462150968053,1.08931456990664
"5744002",2010,0.323314951400244,1.05809360455133,0.684408210791992,0.231867219924927,27.9400000009537,104.572116186142,55.53219917202,11.013692946434,10.4340248966217,21.2158506231308,9.73842323684692,0.304342749437921
"5530003",1981,NA,NA,NA,NA,NA,NA,NA,NA,NA,NA,NA,NA
"5530003",1982,NA,NA,NA,NA,NA,NA,NA,NA,NA,NA,NA,NA
"5530003",1983,NA,NA,NA,NA,NA,NA,NA,NA,NA,NA,NA,NA
"5530003",1984,NA,NA,NA,NA,NA,NA,NA,NA,NA,NA,NA,NA
"5530003",1985,NA,NA,NA,NA,NA,NA,NA,NA,NA,NA,NA,NA
"5530003",1986,NA,NA,NA,NA,NA,NA,NA,NA,NA,NA,NA,NA
"5530003",1987,0.916056679116363,0.731931772830613,0.0510458243799695,2.4925706243515,91.5748772859573,56.0286527299881,410.190426659584,213.494092607498,29.2606116771698,35.5462245559692,0.664098022254238,0.734098770961269
"5530003",1988,0.725624245126421,0.876949782125344,16.7977585554123,0.206064438000888,0.171387061096594,22.7582535266876,74.2352555513382,92.2251131010055,14.6303058385849,0.210318579296356,15.7140321969986,3.79304225444794
"5530003",1989,NA,NA,NA,NA,NA,NA,NA,NA,NA,NA,NA,NA
"5530003",1990,NA,0.916126308118866,5.96049497127533,0.10837263584137,0.541863179206848,0.433490543365479,62.5310108804703,19.3987018156052,41.2899742555618,21.6745271682739,0.890138321124555,1.03482450803965
"5530003",1991,0.813652763141469,0.411593835341466,0.758128783592424,22.7582535266876,89.9492877483368,213.060602064133,91.5748772859573,13.5465794801712,61.2305392503738,25.6843146944046,0.784164623967146,17.6647396421432
"5530003",1992,0.505309579630056,1.62558953762054,17.3396217346191,NA,237.119327220917,284.153051176071,9.75353722572327,117.584309887886,32.5117907524109,0.626124538318667,0.325117907524109,0.0223245774495717
"5530003",1993,0.754957706480655,0.654751384773241,0.558106917467716,104.037730407715,49.0928040361404,49.0928040361404,82.9050664186478,36.8466961860657,0.687750782199491,0.866981086730957,4.87676861286163,0.325117907524109
"5530003",1994,1.04022348412069,0.219248429604256,0.113371555996819,44.6495259666443,87.1315992164612,36.8466961860657,59.9300676202774,16.6893859195709,17.5563670063019,0.216745271682739,0.141803629478615,4.87676861286163
"5530003",1995,0.603527185750784,NA,1.08156602619711,4.33490543365478,0.256660601335821,93.6339573669434,120.076880512238,76.4027082681656,1.0837263584137,11.0540088558197,0.283927738584377,0.78215760272772
"5530003",1996,0.294071658549162,0.539890264697875,0.896993112097796,25.3591967868805,17.5563670063019,61.7724024295807,71.3091943836212,78.2450430774689,0.699974371471307,0.992276960566738,0.523196637038112,0.433490543365479
"5530003",1997,0.102755438353594,0.610961781553377,0.810552971543895,10.2954004049301,156.598458790779,315.906233477592,103.495867228508,NA,35.0043613767624,71.0924491119385,1.19209899425507,0.0734508025737254
"5530003",1998,0.446306409775915,0.775777090607091,0.788229867418279,11.2707541275024,17.4479943704605,23.7336072492599,0.372285929424895,0.0767971333236988,0.975353722572327,0.0224630913490214,0.340261321127934,0.822767891948128
"5530003",1999,0.844931301029208,0.151208126780872,16.2558953762054,0.866981086730957,16.7977585554123,37.2801867294312,45.5165070533752,70.9840764760971,134.165323171616,NA,0.879762883906392,0.676250108255639
"5530003",2000,0.0851999287958956,0.758608450889587,0.660742609076487,0.975353722572327,20.1573102664948,354.703637108803,11.3791267633438,0.433490543365479,164.076170663834,0.541863179206848,0.10837263584137,0.0866167516990214
"5530003",2001,0.989253351096596,0.829601476543812,1.07656173793448,18.7484660005569,113.14103181839,0.650235815048218,229.858360619545,110.973579101563,3.35955171108246,0.64455322534207,0.745260629850919,1.02376662156353
"5530003",2002,0.995748644968818,0.10837263584137,5.41863179206848,0.866981086730957,261.611542921066,236.360718770027,115.5252298069,152.913789172173,14.6303058385849,14.0884426593781,0.948313725904201,0.156244006853616
"5530003",2003,0.216745271682739,0.0674670675200654,0.468138500874445,0.442718955014048,109.673107471466,86.6981086730957,42.3737006139755,21.6745271682739,39.1225215387344,0.650235815048218,13.6549521160126,0.0935921952627781
"5530003",2004,0.472084670026096,0.157092803192319,10.9456362199783,47.4672144985199,33.5955171108246,54.6198084640503,149.120746917725,82.1464579677582,21.6745271682739,0.650235815048218,43.5657996082306,0.215632139175037
"5530003",2005,0.853104343250043,0.050221490669146,22.7582535266876,0.216745271682739,118.451290974617,116.28383825779,24.0587251567841,148.362138466835,20.4824281740189,28.2852579545975,26.0094326019287,0.0702260226902199
"5530003",2006,0.940532366566856,0.994472456249642,0.459310290742821,5.41863179206848,20.0489376306534,129.180181922913,201.898220572472,40.6397384405136,18.8568386363983,52.6691010189056,1.02339674180552,0.740263328964035
"5530003",2007,0.428951081014084,22.866626162529,0.208490310177177,0.748789005053898,6.93584869384766,55.0532990074158,53.1025915622711,50.2849030303955,0.00382658767950915,0.412699516397824,0.0767111445965851,0.82602291370457
"5530003",2008,1.07715144045274,0.280171139974725,16.2558953762054,10.837263584137,165.810132837296,79.1120241641998,66.1073078632355,155.623105068207,7.80282978057861,0.585588707595628,0.963745500925262,0.282792242588484
"5530003",2009,0.46980974807702,0.986343279417247,0.877263391455407,0.293279268893739,2.16745271682739,173.938080525398,16.2558953762054,112.707541275024,13.0047163009644,0.216745271682739,2.16745271682739,0.00686770369004839
"5530003",2010,0.977467675640824,0.495576566158778,0.178023300016803,0.317724230512509,48.7676861286163,146.628176293373,80.4124957942963,0.758608450889587,21.6745271682739,14.7386784744263,1.30047163009644,1.06481822164749
"5730016",1981,0.879870434761082,2.64569216537476,7.93707649612427,1.26533103561401,218.212088596344,18.1747548751831,37.9599310684204,11.5030094146729,13.3434909210205,12.0781598854065,0.159710554872213,1.01367650851392
"5730016",1982,0.350487638988719,0.537841742378375,16.7943937454224,0.690180564880371,122.161959983826,305.519930053711,106.862957462311,78.4505242080689,44.2865862464905,20.0152363815308,0.546414742124228,1.09140002719234
"5730016",1983,10.0076181907654,0.8052106590271,0.624233006148168,33.2436972084045,68.4429060173035,138.266173164368,94.2096471061707,52.7988132133484,45.7819774703979,0.575150470733643,0.786496416422094,0.893074164356846
"5730016",1984,0.482404267860521,0.696049760041638,0.105115364167367,2.87575235366821,74.4244709129334,28.4124332542419,252.606086746216,49.1178502006531,29.7927943840027,23.5811693000793,9.20240753173828,0.583233845373758
"5730016",1985,1.15030094146729,0.679680197903869,32.7835768318176,0.70805135359716,54.1791743431091,20.5903868522644,69.7082370529175,15.7591228981018,7.36192602539063,24.5014100532532,0.336171877821284,0.738460340908935
"5730016",1986,0.292690896683937,0.257431102913146,0.535227153510856,27.2621323127747,95.1298878593445,135.965571281433,1.03527084732056,57.4000169792175,4.0260532951355,8.052106590271,28.7575235366821,0.463920891796392
"5730016",1987,0.25893610438276,1.04765402969823,0.575150470733643,12.9984006385803,45.4368871879578,40.1455028572082,396.048614147186,206.479018993378,15.0689423332214,70.9735680885315,0.59032022664353,0.296383413587455
"5730016",1988,0.983320132002285,0.799169523820832,5.75150470733643,0.0893865933638399,4.14108338928223,10.4677385673523,40.0304727630615,57.4000169792175,11.1579191322327,1.09263928248122,17.2545141220093,3.68096301269531
"5730016",1989,0.846880354957483,0.915549660909431,0.637365470107568,46.4721580352783,28.0673429718018,21.0505072288513,95.1298878593445,116.065364994049,19.4400859107971,1.15030094146729,0.0768701399341792,1.0101930032847
"5730016",1990,0.24570967391384,0.262223420342143,16.4493034629822,2.53066207122803,7.70701630783081,1.38036112976074,77.7603436431885,77.0701630783081,29.217643913269,16.104213180542,0.12840116592329,0.420166627338483
"5730016",1991,0.0563363964201726,0.19060162452556,0.0656032865459504,1.84048150634766,79.4857950553894,126.648133655548,111.80925151062,4.60120376586914,55.099415096283,15.9891830863953,0.631948726274161,41.9859843635559
"5730016",1992,0.186555135499458,0.345090282440186,13.2284608268738,43.9414959640503,139.991624576569,164.608064723969,24.9615304298401,67.0625448875427,20.4753567581177,0.539930184409774,6.32665517807007,0.94530773817898
"5730016",1993,0.144614076770235,0.278180194312609,0.0630345962406926,114.915064052582,81.4413066558838,38.7651417274475,57.4000169792175,32.3234564552307,10.3527084732056,6.21162508392334,2.64569216537476,0.209928616030131
"5730016",1994,0.735298176502356,0.381411020962073,0.689356808258041,22.890988735199,49.8080307655334,48.6577298240662,NA,9.20240753173828,17.9446946868896,5.29138433074951,0.0456590198405342,9.20240753173828
"5730016",1995,0.345090282440186,0.47532978098053,1.01580794614906,19.7851761932373,9.6625279083252,58.3202577323914,67.5226652641296,34.9691486206055,26.1118313713074,0.690180564880371,0.575150470733643,0.134143008704062
"5730016",1996,1.15030094146729,0.275865638353998,0.773700631908579,63.4966119689941,13.573551109314,39.1102320098877,27.7222526893616,47.6224589767456,3.68096301269531,3.79599310684204,0.65453940618939,1.38036112976074
"5730016",1997,0.633649466531437,0.713351993284514,16.104213180542,0.690180564880371,146.088219566345,312.651795890808,80.9811862792969,113.304642734528,102.951934261322,72.0088389358521,9.77755800247192,4.48617367172241
"5730016",1998,0.36957185408233,10.3527084732056,0.230060188293457,47.1623386001587,19.3250558166504,30.8280652313232,0.230060188293457,0.575150470733643,20.3603266639709,0.973941293040117,0.582945478399642,1.01656466513247
"5730016",1999,0.575150470733643,0.575150470733643,27.0320721244812,13.4585210151672,1.72545141220093,33.8188476791382,44.7467066230774,136.885812034607,133.549939304352,29.3326740074158,0.537745927874224,0.460120376586914
"5730016",2000,0.798014173915924,19.900206287384,1.05244046005912,23.0060188293457,22.0857780761719,321.854203422546,39.5703523864746,0.8052106590271,129.523886009216,17.2545141220093,0.575150470733643,0.994912623738051
"5730016",2001,0.281324158114692,0.0385893781882013,16.4493034629822,21.7406877937317,39.9154426689148,1.6104213180542,232.360790176392,68.21284582901,23.4661392059326,1.84048150634766,0.823942557104969,0.601493770497718
"5730016",2002,0.112531213150937,0.400688464248902,4.60120376586914,17.0244539337158,167.828907360077,281.018520000458,112.384401981354,87.9980220222473,35.0841787147522,4.14108338928223,0.343985240626983,1.72545141220093
"5730016",2003,7.47695611953735,1.09634713372279,0.575150470733643,0.900492051223188,90.5286840934753,38.6501116333008,78.2204640197754,9.31743762588501,19.6701460990906,0.152901820332931,17.2545141220093,0.904731166906868
"5730016",2004,0.115030094146729,0.720348267675285,24.8465003356934,47.2773686943054,17.0244539337158,52.7988132133484,112.4994320755,70.5134477119446,34.8541185264587,2.30060188293457,84.317059009552,0.693908190307248
"5730016",2005,0.615106473892741,0.776641942744833,23.0060188293457,10.6977987556458,70.3984176177979,199.347153156281,33.0136370201111,185.083421482086,28.0673429718018,22.7759586410522,11.5030094146729,0.908492566337156
"5730016",2006,0.62121331302145,0.230060188293457,1.05799074132357,1.95551160049438,7.93707649612427,100.651332378387,171.394840278625,72.3539292182922,1.6104213180542,72.2388991241455,1.95551160049438,0.256878047668272
"5730016",2007,0.449933067453293,28.1823730659485,0.8052106590271,1.12234642098403,14.6088219566345,92.9443160705566,53.2589335899353,41.2958037986755,2.18557178878784,0.208496633381352,1.15030094146729,0.952131498789376
"5730016",2008,0.0622890201292393,0.0419421940407053,16.7943937454224,11.2729492263794,151.494633991241,61.5411003684998,40.9507135162354,144.017677871704,7.82204640197754,0.580017864953145,0.00455920094126725,0.473887689265478
"5730016",2009,NA,NA,NA,NA,NA,NA,NA,NA,NA,NA,NA,NA
"5730016",2010,0.621809541170419,0.665804278741636,0.393561134364224,1.15030094146729,66.2573342285156,97.7755800247192,36.8096301269531,4.60120376586914,33.8188476791382,12.1931899795532,52.9138433074951,0.8052106590271
"5744003",1981,NA,NA,NA,NA,NA,NA,NA,NA,NA,NA,NA,NA
"5744003",1982,NA,NA,NA,NA,NA,NA,NA,NA,NA,NA,NA,NA
"5744003",1983,NA,NA,NA,NA,NA,NA,NA,NA,NA,NA,NA,NA
"5744003",1984,NA,NA,NA,NA,NA,NA,NA,NA,NA,NA,NA,NA
"5744003",1985,NA,NA,NA,NA,NA,NA,NA,NA,NA,NA,NA,NA
"5744003",1986,NA,NA,NA,NA,NA,NA,NA,NA,NA,NA,NA,NA
"5744003",1987,NA,NA,NA,NA,NA,NA,NA,NA,NA,NA,NA,NA
"5744003",1988,NA,NA,NA,NA,NA,NA,NA,NA,NA,NA,NA,NA
"5744003",1989,0.606718525981181,0.0847445249598243,1.09281612007025,2.17509172439575,15.11116355896,18.6599974250793,117.912867164612,128.788325786591,4.3501834487915,6.18183963775635,0.517260942375275,0.114478511810303
"5744003",1990,0.0146258913675697,0.986038094137288,12.0202437400818,1.07018440048171,6.86871070861816,8.2424528503418,80.8218293380737,35.1449031257629,32.0539833068848,14.1953354644775,0.354719293340258,0.757062427888918
"5744003",1991,0.728522812735986,0.869499517851214,0.91220509711813,24.6128800392151,85.0575342750549,235.711255817413,107.495322589874,16.1414701652527,82.9969210624695,24.1549659919739,0.256585610720122,19.6903040313721
"5744003",1992,0.347677278643557,0.572392559051514,21.4074817085266,21.9798742675781,298.216523265839,265.017754840851,13.1650288581848,142.983661251068,39.4950865745544,0.655869336119898,1.08389820781351,0.0727720268811417
"5744003",1993,0.281791080330431,0.133358120534225,0.255854381987385,115.394339904785,51.5153303146362,68.6871070861816,80.1349582672119,30.9091981887817,5.72392559051514,6.86871070861816,3.43435535430908,1.14478511810303
"5744003",1994,0.896551736624776,0.461971616288216,0.895045948112926,42.357049369812,130.505503463745,53.8049005508423,51.057416267395,11.4478511810303,19.4613470077515,0.760743753285403,0.236319320660286,0.855377853926884
"5744003",1995,0.217012438201069,1.10143953511246,0.608970757389238,38.4647799682617,0.495343619451788,82.6534855270386,111.044156455994,78.9901731491089,22.8957023620605,0.030413772732963,1.09001489458246,0.757380267969511
"5744003",1996,0.610064499816242,0.140249946809079,1.03869412253183,18.3165618896484,10.5320230865479,47.3941038894653,75.7847748184204,123.636792755127,0.00109277061831352,0.732826986474144,0.447469644122189,0.0756674306529249
"5744003",1997,0.290072843846815,0.84402922024438,0.149547385542605,6.86871070861816,178.471999912262,437.765829162598,51.7442873382568,199.307089061737,78.646737613678,84.2561846923828,4.57914047241211,2.28957023620605
"5744003",1998,0.209951926887795,0.0683946551051327,0.601148634328264,1.14478511810303,11.4478511810303,38.2358229446411,1.07355833820511,0.381696780665274,14.9966850471497,0.896189025423587,0.0179465973770732,0.0613934742316535
"5744003",1999,0.760686152963602,0.272988092580754,32.0539833068848,0.573177334283134,21.0640461730957,67.313364944458,29.4209775352478,96.047471408844,153.859119873047,0.557750362301391,0.498727873913297,0.537130763276113
"5744003",2000,0.548761679929273,11.4478511810303,0.843378702542236,10.3030660629272,18.545518913269,528.890724563599,17.7441693305969,6.18183963775635,224.950275707245,1.10839453588222,0.533230106575554,0.92792243812654
"5744003",2001,0.00550478740076747,0.653059116204167,0.966468006916576,16.4849057006836,95.4750788497925,4.57914047241211,302.56670671463,119.973480377197,13.7374214172363,0.616747580198517,0.626657957010716,0.389842459779784
"5744003",2002,0.578413350212452,0.209301354811277,2.28957023620605,1.10738799476052,208.00745595932,270.856158943176,99.2528697395325,164.505621471405,12.8215933227539,10.3030660629272,0.129517285508628,0.950974564393232
"5744003",2003,1.14478511810303,0.0346879749955494,0.732494582323717,0.517293869258074,133.939858818054,124.209185314178,62.390788936615,22.323309803009,26.9024502754211,0.423017094888829,18.3165618896484,0.504260111044705
"5744003",2004,0.865302879302434,0.919306347366009,7.67006029129028,59.8722616767883,27.1314072990417,54.9496856689453,96.6198639678955,113.3337266922,22.0943527793884,12.0202437400818,36.7476022911072,0.416980046322727
"5744003",2005,1.0536991730826,0.668738337843469,27.8182783699036,5.26601154327393,148.822065353394,146.990409164429,41.7846568107605,181.105005683899,27.2458858108521,21.7509172439575,17.7441693305969,0.731455155633083
"5744003",2006,0.605031625487262,0.342239527384512,0.639066678313803,7.44110326766968,20.9495676612854,122.720964660645,272.687815132141,52.8890724563599,12.0202437400818,43.501834487915,1.13528361500403,0.252870455666282
"5744003",2007,0.71948366961079,32.0539833068848,2.74748428344727,0.0285753228585666,8.92932392120361,70.9766773223877,50.2560666847229,35.2593816375732,0.404576788045123,0.587067210906767,1.02610986928368,0.126148982196609
"5744003",2008,1.1325943010432,0.748576993155118,7.09766773223877,14.5387709999084,145.960102558136,82.0810929679871,86.7747119522095,139.663784408569,5.72392559051514,0.18159364254714,0.900082015870296,0.221918373951427
"5744003",2009,0.542350218743088,1.08974430023673,0.050842359375192,0.14291444553106,4.1212264251709,155.690776062012,11.4478511810303,144.357403392792,18.3165618896484,4.1212264251709,0.178568953835818,0.366083236874473
"5744003",2010,0.946188322902139,0.662036909307989,0.912225941694864,0.198184471913344,63.8790095901489,114.821947345734,80.5928723144531,8.58588838577271,14.1953354644775,14.1953354644775,2.86196279525757,0.940054856574101
"5730013",1981,0.584898659027913,0.298699519665121,9.47780487060547,0.207344545738792,155.791417560577,15.4014329147339,53.9050152015686,29.0257774162292,17.7708841323853,9.47780487060547,0.296612848906103,0.230731305808267
"5730013",1982,0.943003823280201,0.0254078685243475,1.17055913607539,0.249879175295899,174.154664497375,468.914395973206,162.307408409119,103.071127967834,98.9245883369446,68.1217225074768,0.796120285391944,0.854056785664469
"5730013",1983,15.9937957191467,6.51599084854126,0.973882043005275,39.6883078956604,66.9369968986511,157.568505973816,132.689268188477,74.6377133560181,56.27446641922,5.92362804412842,0.492467352173187,0.768206875525601
"5730013",1984,0.621747738269184,1.17901637043742,5.33126523971558,8.88544206619263,74.6377133560181,63.9751828765869,305.066844272614,35.5417682647705,57.4591920280457,26.6563261985779,13.6243445014954,0.475570446760737
"5730013",1985,8.88544206619263,0.70353239303008,46.2042987442017,9.47780487060547,79.3766157913208,17.1785213279724,132.096905384064,31.3952286338806,27.2486890029907,45.019573135376,0.845139132806969,1.14037725150778
"5730013",1986,0.723292663295291,0.510014882122736,0.541899177116327,36.1341310691833,159.345594387054,207.919344348907,1.18472560882568,83.5231554222107,20.1403353500366,21.3250609588623,28.4334146118164,1.1678022900374
"5730013",1987,0.554400968894116,0.211536438904683,1.77708841323853,42.0577591133118,57.4591920280457,66.3446340942383,467.966615486145,247.015289440155,38.5035822868347,94.7780487060547,0.714408364234589,0.6118513671691
"5730013",1988,0.352748873619418,0.285631021179691,8.29307926177978,0.682042464545764,9.47780487060547,14.9275426712036,53.3126523971558,106.032941989899,41.4653963088989,0.987223210579382,23.6945121765137,4.8573749961853
"5730013",1989,0.715163639595089,0.825040140428817,0.432034788159866,50.3508383750916,53.9050152015686,30.8028658294678,126.765640144348,270.117438812256,32.5799542427063,0.885922223654855,0.624025351287926,1.13443554997966
"5730013",1990,0.391340434073682,0.573050025933215,24.2868749809265,10.6625304794312,20.1403353500366,6.51599084854126,99.5169511413574,99.5169511413574,47.9813871574402,21.9174237632751,0.573863009593409,0.31065675306644
"5730013",1991,0.238808600877531,1.16488930397455,0.367926603852314,11.254893283844,98.0952804107666,181.26301815033,232.561637012482,11.9657286491394,81.6275944480896,30.2105030250549,0.240808540786427,72.8606249427795
"5730013",1992,1.05934582344054,0.462615497435012,17.1785213279724,90.039146270752,169.415762062073,147.024448055267,50.3508383750916,21.9174237632751,40.2806707000732,0.963479485966229,11.254893283844,0.445890640592303
"5730013",1993,NA,NA,NA,NA,NA,NA,NA,NA,NA,NA,NA,NA
"5730013",1994,0.537877851257089,0.364750117912395,0.284890391290773,29.0257774162292,47.6259694747925,64.0936554374695,159.345594387054,19.3110274238586,39.9252530174255,11.8472560882568,2.36945121765137,12.3211463317871
"5730013",1995,0.751229237964775,2.36945121765137,0.385852671273582,23.2206219329834,11.1364207229614,106.506832233429,101.649457237244,53.9050152015686,44.0717926483154,1.77708841323853,0.773283144819078,0.74082609200642
"5730013",1996,1.14430823686908,1.09174977476445,0.703062391838209,51.5355639839172,10.6625304794312,50.9432011795044,28.4334146118164,55.6821036148071,7.70071645736694,7.1083536529541,0.725568152618595,1.89556097412109
"5730013",1997,0.977403733859829,0.701078218692226,23.6945121765137,23.6945121765137,135.769554771423,357.313243621826,98.806115776062,131.504542579651,73.4529877471924,98.4506980934143,17.7708841323853,78.1918901824951
"5730013",1998,0.0326328503296306,0.0503342501373225,0.139851460119809,57.4591920280457,39.0959450912476,44.3087377700806,0.799737504751169,5.33126523971558,17.1785213279724,0.586861862784707,0.404473804710512,0.828006939097019
"5730013",1999,0.0505444592991264,0.819526143824999,16.1122682800293,20.7326981544495,6.7529359703064,58.6439176368713,58.8808627586365,148.683063907623,173.206884010315,31.3952286338806,0.606790172830748,5.33126523971558
"5730013",2000,0.645564908981699,49.1661127662659,0.300927061853886,34.59398777771,38.977472530365,455.76394171524,65.1599084854126,3.55417682647705,145.128887081146,17.7708841323853,1.77708841323853,0.735077898881507
"5730013",2001,0.872588013879654,0.536508285612092,19.5479725456238,29.6181402206421,71.083536529541,9.47780487060547,253.175862606049,79.0211981086731,74.4007682342529,19.5479725456238,0.938043710941819,0.133955089655625
"5730013",2002,0.74372660566856,0.347926210358615,21.5620060806274,26.7747987594605,186.120393146515,278.528990634918,117.880198078156,135.888027332306,37.4373292388916,5.92362804412842,2.96181402206421,0.557564524814064
"5730013",2003,20.1403353500366,0.817085627174158,0.454927566298348,0.600032832402492,106.625304794312,49.8769481315613,97.5029176063538,5.09432011795044,27.8410518074036,0.104884665742987,20.851170715332,0.587769990152178
"5730013",2004,4.73890243530273,3.55417682647705,22.509786567688,58.6439176368713,14.9275426712036,70.4911737251282,103.071127967834,88.8544206619263,50.3508383750916,10.0701676750183,121.197429782867,0.685653539559499
"5730013",2005,0.978409082840505,1.07667283386484,32.5799542427063,13.8612896232605,68.1217225074768,222.136051654816,56.9853017845154,258.507127845764,76.4148017692566,81.7460670089722,17.7708841323853,1.13428465643971
"5730013",2006,1.18272363321444,0.656915793820227,0.371676329228685,6.51599084854126,9.47780487060547,83.7601005439758,205.312948009491,79.9689785957336,13.6243445014954,66.700051776886,0.086794543883365,0.447981862442511
"5730013",2007,0.901567536786608,22.509786567688,2.36945121765137,0.0640662298062692,5.92362804412842,104.848216381073,77.5995273780823,55.2082133712769,1.00867254583492,0.418561687765018,10.6625304794312,0.0834930911968251
"5730013",2008,1.77708841323853,0.154258611365368,4.73890243530273,9.47780487060547,189.556097412109,84.4709359092712,58.0515548324585,208.393234592438,7.1083536529541,0.548818160034251,0.854545901218664,0.077139855613539
"5730013",2009,0.0603600039134069,2.36945121765137,0.480664422527002,0.645112240774679,34.9494054603577,146.313612689972,36.1341310691833,135.058719406128,140.153039524078,30.2105030250549,0.492145430948916,0.332464727768722
"5730013",2010,1.18050147901672,0.587555919500249,0.471646079914619,1.18472560882568,94.7780487060547,136.243445014954,57.4591920280457,11.254893283844,86.4849694442749,18.9556097412109,90.039146270752,0.225964319558261
"5530002",1981,0.0244022530704919,0.85790768163006,0.144680135435823,14.6721920204163,155.630036787987,42.9685623455048,NA,2.62003428936005,9.43212344169617,0.697223570695577,0.378793951395742,0.0765034538353971
"5530002",1982,0.540419564028134,0.580788034779079,27.7723634672165,0.727489636919523,152.485995640755,230.563017463684,129.429693894386,72.8369532442093,51.8766789293289,14.6721920204163,0.358206778885301,0.833910587402926
"5530002",1983,0.692521854996498,0.129417296967507,0.663867892590556,9.43212344169617,47.1606172084808,211.17476372242,98.5132892799377,61.8328092288971,9.43212344169617,1.03310303355034,0.00590798281475556,0.980048551762882
"5530002",1984,0.974637496426526,0.921896887254577,0.0790656094514778,4.71606172084808,104.27736471653,48.3134322957993,235.69828467083,88.5571589803696,98.5132892799377,22.0082880306244,7.33609601020813,0.32916526537653
"5530002",1985,0.467865365346961,0.660158663441832,5.24006857872009,2.62003428936005,48.7326377820969,44.0165760612488,97.9892824220657,88.5571589803696,28.2963703250885,9.43212344169617,0.0931139493806274,0.730296064798043
"5530002",1986,0.773560826590743,0.688538399685609,0.0750436774697844,99.5613029956818,239.99514090538,198.074592275619,0.591837258951566,126.809659605026,4.19205486297607,0.905474888476744,59.7367817974091,0.821767796878595
"5530002",1987,0.544793233319794,0.460547452957762,0.434784632988734,23.0563017463684,76.5050012493134,32.4884251880646,367.328807368278,156.154043645859,139.385824193954,22.0082880306244,0.119885339799914,0.743793630894501
"5530002",1988,0.6630936148937,0.625681521355052,9.43212344169617,5.7640754365921,2.62003428936005,NA,36.1564731931686,78.6010286808014,14.6721920204163,1.00977808651277,NA,0.326135302888622
"5530002",1989,0.225022698199246,0.790609890056521,0.785192717152776,1.0403356923637,6.81208915233612,22.5322948884964,135.71777618885,76.5050012493134,NA,3.14404114723206,0.854339990312458,0.391713386511096
"5530002",1990,0.880007254127758,0.266034452475409,33.0124320459366,4.71606172084808,4.19205486297607,4.19205486297607,68.6448983812332,25.6763360357285,NA,27.7723634672165,0.592661445906077,0.396425132229222
"5530002",1991,0.645523885221071,0.561857960256748,0.442787630938255,26.2003428936005,101.65733042717,198.598599133492,78.6010286808014,14.6721920204163,43.4925692033768,NA,0.00055850698835739,16.2442125940323
"5530002",1992,0.185500387721024,0.0333675220922378,12.5761645889282,28.8203771829605,187.699256489754,291.871819834709,5.24006857872009,133.621748757362,28.2963703250885,0.220659648698097,0.247271185429559,0.444276071124266
"5530002",1993,0.150343874049254,0.550592325094289,0.127896926891157,93.7972275590897,91.7012001276016,90.1291795539856,77.0290081071854,26.2003428936005,0.418585671284493,10.4801371574402,4.71606172084808,0.476573393722316
"5530002",1994,0.588511439084889,0.924509803234173,0.917462402447354,57.640754365921,55.544726934433,44.0165760612488,49.7806514978409,0.568699217738099,20.4362674570084,20.9602743148804,0.756645106622073,0.0624875881822457
"5530002",1995,0.281281277318616,0.689588752406187,0.409654009719829,47.1606172084808,0.284164485779875,50.3046583557129,129.429693894386,45.0645897769928,NA,5.24006857872009,0.313458414399053,0.47659285252049
"5530002",1996,0.407507670315113,0.509346760227907,0.87337202892746,18.8642468833923,15.7202057361603,72.3129463863373,74.7233779325485,80.6970561122894,8.90811658382416,0.624246717186964,NA,3.14404114723206
"5530002",1997,0.859073791092052,0.113781376684027,0.628808229446411,5.5544726934433,156.573249132156,287.889367714882,49.9902542409897,133.726550128937,76.400199877739,55.3351241912842,11.9473563594818,0.839047208924855
"5530002",1998,0.314404114723206,0.943212344169617,0.876227262895745,8.59371246910095,24.8379250631332,4.82086309242248,0.833867102920883,0.663268993943205,12.785767332077,0.523388805682629,0.262461776771502,0.780782807783292
"5530002",1999,0.0644048932427659,2.51523291778564,13.9385824193954,1.36241783046722,23.1611031179428,50.4094597272873,22.5322948884964,63.8240352888107,95.7884536190033,1.15281508731842,0.730040006622697,0.0076903973566187
"5530002",2000,0.912222895696106,19.0738496265411,1.0469199666289,3.77284937667847,12.261760474205,288.098970458031,13.309774189949,0.838410972595215,155.839639531136,0.209602743148804,0.524006857872009,0.733609601020813
"5530002",2001,0.209602743148804,0.733609601020813,0.314404114723206,31.2308087291718,79.9634465112686,5.24006857872009,251.628093150139,105.325378432274,12.0521577310562,0.314404114723206,0.104801371574402,0.665748012035636
"5530002",2002,0.0261159478903215,1.02376749004512,18.4450413970947,12.0521577310562,187.594455118179,140.748242024422,127.333666462898,142.739468084335,21.4842811727524,4.50645897769928,0.314404114723206,0.419205486297607
"5530002",2003,1.46721920204163,0.419205486297607,0.419205486297607,0.104801371574402,97.3604741926193,63.4048298025131,47.475021323204,16.7682194519043,19.3882537412643,4.29685623455048,20.5410688285828,0.209602743148804
"5530002",2004,0.419205486297607,0.649259986670916,9.64172618484497,75.5617889051437,18.9690482549667,55.020720076561,122.932008856773,82.8978849153519,16.5586167087555,4.92566446399689,26.9339524946213,0.138352976152014
"5530002",2005,0.552350167370538,0.524006857872009,29.0299799261093,1.67682194519043,115.281508731842,129.848899380684,46.5318089790344,99.351700252533,20.6458702001572,4.19205486297607,6.07847955131531,0.142700077178648
"5530002",2006,0.916258936807135,0.729150247183368,0.967081426414157,6.49768503761292,35.5276649637222,118.635152622223,187.594455118179,61.9376106004715,16.5586167087555,50.3046583557129,0.16849303600676,0.361918491808843
"5530002",2007,0.689561463336484,25.7811374073029,0.758550702632745,3.14404114723206,40.7677335424423,43.8069733181,45.0645897769928,56.4879392786026,0.419205486297607,0.637677741104024,0.739340356851744,0.467632382681681
"5530002",2008,0.585624673694118,0.545396827689966,8.80331521224976,5.97367817974091,184.240811227798,52.0862816724777,76.924206735611,112.347070327759,4.71606172084808,1.00599748208436,0.0315192483541481,0.35601607217142
"5530002",2009,0.30154401208121,0.737359203479,1.67682194519043,0.069031929526704,15.1961988782883,108.364618207932,18.0258359107971,96.2076591053009,21.2746784296036,3.35364389038086,7.75530149650574,0.980411762653329
"5530002",2010,0.659104880920799,0.276083470606417,0.149950446460626,1.03818401183049,57.9551584806442,104.382166088104,61.0991996278763,5.4496713218689,7.86010286808014,23.2659044895172,1.88642468833923,0.419205486297607
"5748003",1981,0.849023663466478,0.0215501144029088,4.37330978393555,13.6665930747986,275.518516387939,58.4930183601379,36.6264694404602,20.7732214736938,24.5998675346375,7.65329212188721,0.768775858841731,0.607968814870673
"5748003",1982,0.256405750703833,0.440624406269857,36.6264694404602,2.73331861495972,212.105524520874,355.331419944763,215.385506858826,93.4794966316223,67.239637928009,37.1731331634521,0.00754746305579767,0.393027784593369
"5748003",1983,3.8266460609436,0.32733754898608,0.849330381188776,9.29328329086304,59.5863458061218,194.612285385132,102.226116199493,102.226116199493,18.0399028587341,1.09332744598389,0.540910655077152,1.09179349869717
"5748003",1984,0.815811604613397,0.804686470462196,0.924791287646304,8.74661956787109,183.132347202301,44.8264252853394,403.437827568054,114.799381828308,93.4794966316223,23.5065400886536,2.18665489196777,1.07650097690092
"5748003",1985,1.09332744598389,0.544500165764341,8.74661956787109,4.37330978393555,54.1197085762024,35.5331419944763,129.559302349091,0.711209768088278,28.4265135955811,20.0078922615051,2.18665489196777,0.228179941912986
"5748003",1986,1.04613340912121,0.231207815305996,1.31199293518066,107.802086174011,242.172029285431,170.777747062683,8.6372868232727,88.0128594017029,5.7946354637146,1.31199293518066,51.9330536842346,0.269485041171814
"5748003",1987,0.23990219369514,0.429463333319082,1.09332744598389,6.55996467590332,54.7757050437927,43.2957668609619,426.507036678314,194.06562166214,52.6983828964233,22.9598763656616,0.267202368384869,0.114852555601319
"5748003",1988,0.801497006624297,0.123949030303383,16.0719134559631,3.71731331634521,1.63999116897583,33.8931508255005,77.7355814094543,99.9301285629273,17.6025718803406,0.493358236494954,12.3546001396179,1.09332744598389
"5748003",1989,0.336120837592868,0.369804705069524,0.680947410266093,0.768112416331812,26.6771896820068,30.7225012321472,130.324631561279,97.7434736709595,5.7946354637146,7.65329212188721,0.654514742143917,0.982936327310338
"5748003",1990,0.874041690526817,0.160087478588622,20.2265577507019,2.18665489196777,9.83994701385498,2.29598763656616,71.175616733551,33.8931508255005,49.6370660476685,26.5678569374084,0.758150007989255,0.907867856099564
"5748003",1991,0.222336373797961,0.20873840382192,0.514431650392212,38.0477951202393,118.07936416626,211.121529819489,88.5595231246948,18.0399028587341,63.5223246116638,26.2398587036133,0.385878780186191,30.6131684875488
"5748003",1992,0.919652436675716,0.116443782481797,17.711904624939,24.0532038116455,282.29714655304,328.326232028961,13.5572603302002,139.617914852142,36.6264694404602,0.626811645857317,4.91997350692749,0.255631624175297
"5748003",1993,0.789287618898401,0.00711252823116368,0.109332744598389,97.5248081817627,114.252718105316,92.9328329086304,90.855510761261,27.7705171279907,0.410802970017512,7.10662839889526,6.55996467590332,1.42132567977905
"5748003",1994,0.903612407958595,0.950277767718545,0.305839888480492,50.2930625152588,68.3329653739929,69.20762733078,68.9889618415832,9.40261603546143,30.1758375091553,13.0105966072083,0.861674802882809,4.59197527313232
"5748003",1995,0.210279976457421,0.220941022284761,0.527274053819012,53.1357138748169,1.02560969670262,103.975440113068,138.41525466156,73.7996026039123,9.40261603546143,12.9012638626099,1.09332744598389,0.820608990403535
"5748003",1996,0.38992136743501,0.0717520732536094,0.0709794588122639,24.5998675346375,19.133230304718,51.2770572166443,82.7648876609802,103.756774623871,0.34303189318855,3.06131684875488,1.09332744598389,3.27998233795166
"5748003",1997,0.78576365260881,0.570045148591782,0.489030057469272,10.0586125030518,145.959214038849,359.048733261108,61.0076714859009,168.91909040451,92.4955019302368,82.7648876609802,25.1465312576294,1.07006204634706
"5748003",1998,1.08415715011606,0.328224547986696,0.398073803847463,19.67989402771,34.877145526886,6.88796290969849,0.798553713635629,0.312037245795683,13.1199293518066,0.158391749682356,0.186012756435516,0.897123285019635
"5748003",1999,0.737621073524094,1.31199293518066,28.4265135955811,0.823381579439994,32.4718251457214,54.7757050437927,36.0798057174683,82.4368894271851,154.815166351318,10.6052762260437,0.218665489196777,0.00421581796490856
"5748003",2000,0.239052081221473,21.4292179412842,0.264262005383332,3.49864782714844,18.6958993263245,418.088415344238,16.6185771789551,4.91997350692749,75.111595539093,5.57596997451782,1.0115623781981,0.541751001096758
"5748003",2001,1.08780514115716,0.381364762844714,0.508512825392275,29.1918428077698,114.799381828308,10.9332744598389,322.859594799042,143.663226402283,22.5225453872681,1.09051143229802,0.692629985033121,0.899185108308335
"5748003",2002,0.585965556193138,0.351349619313744,25.037198513031,8.85595231246948,223.366797214508,178.649704673767,150.223191078186,189.473646389008,23.3972073440552,7.98129035568237,0.387684373172887,0.5131567684437
"5748003",2003,2.29598763656616,0.649555109143747,0.000891954777284436,0.733343293077219,110.754070278168,101.7887852211,64.0689883346558,16.9465754127502,34.4398145484924,7.10662839889526,26.8958551712036,0.747219943267951
"5748003",2004,0.397926182644432,0.0933321509115298,12.5732656288147,54.8850377883911,28.6451790847778,53.9010430870056,149.348529121399,88.6688558692932,33.4558198471069,14.9785860099792,46.9037474327087,0.363944347950048
"5748003",2005,0.671379095120436,0.814613029101226,24.5998675346375,5.68530271911621,154.596500862122,167.825762958527,60.1330095291138,177.77504271698,30.7225012321472,9.18395054626465,15.3065842437744,0.659223336341434
"5748003",2006,0.87387359428861,0.803723765787155,0.294153379995729,6.99729565429688,39.0317898216248,135.572603302002,254.089298446655,86.3728682327271,17.0559081573486,54.1197085762024,1.07075519576993,1.03669640271071
"5748003",2007,0.591086389906634,20.0078922615051,2.62398587036133,0.109332744598389,35.0958110160828,69.8636237983704,41.1091119689941,66.2556432266235,6.01330095291138,0.415783171476427,0.361489608550502,0.148098702856366
"5748003",2008,0.0265123487530778,0.358790950140663,16.0719134559631,10.3866107368469,241.078701839447,77.079584941864,91.1835089950562,131.964622730255,7.32529388809204,0.409886750059233,0.849018060852512,0.536225722753115
"5748003",2009,0.692225342355191,0.062381703303672,0.729253682207836,0.15321827038776,12.2452673950195,140.711242298126,27.7705171279907,132.620619197845,6.88796290969849,9.18395054626465,0.123043652315727,0.223783174968757
"5748003",2010,0.447955924437493,0.115828704360664,0.233228567862843,1.08273959230422,53.2450466194153,182.476350734711,88.5595231246948,4.8106407623291,25.6931949806213,29.5198410415649,2.07732214736938,0.406689107204261
"5704006",1981,0.908045445108732,8.22736277580261,5.06299247741699,12.6574811935425,325.297266674042,26.5807105064392,48.0984285354614,27.8464586257935,29.1122067451477,28.4793326854706,1.26574811935425,0.868892676342527
"5704006",1982,32.9094511032105,0.101749182750502,17.0875996112824,0.631076015565517,188.596469783783,758.183123493195,179.103358888626,130.372056293488,130.372056293488,46.8326804161072,5.06299247741699,0.193669435875925
"5704006",1983,41.7696879386902,5.06299247741699,0.526078831216837,62.6545319080353,65.1860281467438,203.785447216034,168.977373933792,48.0984285354614,62.0216578483582,1.134563533957,0.0146046153719851,0.52528166258063
"5704006",1984,0.249377611469191,0.581823428510676,0.321110668692073,28.4793326854706,108.854338264465,65.8189022064209,323.904943742752,54.4271691322327,88.6023683547974,36.7066954612732,12.6574811935425,0.567670806540057
"5704006",1985,8.22736277580261,0.55266640298025,48.7313025951386,8.86023683547974,82.2736277580261,14.5561033725739,169.86339761734,28.2261830615997,33.5423251628876,79.7421315193176,0.291036501614092,0.442882125150781
"5704006",1986,0.469653016654402,10.7588590145111,1.06794432020161,36.7066954612732,244.036237411499,330.486833963394,3.16437029838562,116.828551416397,11.3917330741882,30.377954864502,42.4025619983673,0.0575569561089495
"5704006",1987,1.12940885970819,1.23801081900317,10.7588590145111,17.0875996112824,90.5009905338287,76.577761220932,582.244134902954,406.305146312714,22.7834661483765,90.5009905338287,1.05953421896872,0.36260159823461
"5704006",1988,0.98182467858,1.24603572171146,2.5314962387085,0.442962776464854,31.6437029838562,15.188977432251,85.4379980564117,136.700796890259,18.9862217903137,0.868876728678898,6.32874059677124,4.43011841773987
"5704006",1989,1.0894660989607,0.126540558202341,0.625519912211724,70.2490206241608,56.325791311264,32.9094511032105,139.232293128967,278.464586257935,55.0600431919098,0.871486619501418,1.10498532908001,1.03460048187053
"5704006",1990,1.13380006689468,1.18601862998411,59.4901616096497,28.4793326854706,27.8464586257935,8.22736277580261,46.8326804161072,103.791345787048,95.5639830112457,11.3917330741882,0.414002475918667,0.290304188106674
"5704006",1991,0.596433123122464,0.533592910048257,1.17087435945535,20.251969909668,194.925210380554,194.925210380554,251.251001691818,32.2765770435333,111.385834503174,59.4901616096497,0.70629434045717,86.703746175766
"5704006",1992,0.163839373202182,1.22667701391891,NA,106.955716085434,199.355328798294,214.544306230545,50.6299247741699,67.0846503257751,46.8326804161072,3.16437029838562,21.5177180290222,1.23013443049645
"5704006",1993,4.43011841773987,1.05433308595817,0.786948323968644,158.218514919281,268.338601303101,55.6929172515869,62.0216578483582,34.1751992225647,32.2765770435333,10.7588590145111,6.32874059677124,0.495473952687884
"5704006",1994,0.462645247409445,0.173525338214585,0.756289491446976,NA,101.892723608017,29.1122067451477,257.57974228859,25.9478364467621,43.6683101177216,18.3533477306366,2.5314962387085,0.175463689584339
"5704006",1995,6.96161465644836,12.0246071338654,0.817089688195648,40.5039398193359,20.8848439693451,122.524417953491,75.9448871612549,93.6653608322144,48.0984285354614,NA,1.20538174744682,0.866325519800595
"5704006",1996,8.86023683547974,0.331414456402012,1.12756122765769,67.0846503257751,10.125984954834,62.0216578483582,41.7696879386902,64.5531540870666,0.154442071982355,4.43011841773987,0.48763071524621,10.7588590145111
"5704006",1997,0.916894992090366,0.537521224465542,34.1751992225647,4.43011841773987,146.826781845093,559.460668754578,98.0954792499542,164.547255516052,133.536426591873,101.25984954834,22.1505920886993,29.1122067451477
"5704006",1998,0.393796430687567,15.188977432251,3.79724435806274,85.4379980564117,22.7834661483765,41.1368138790131,1.19879848830377,1.20091477338607,22.7834661483765,0.633324120992843,0.344988740538911,0.631369072230068
"5704006",1999,0.827343142363175,0.367821821642369,10.7588590145111,41.7696879386902,31.6437029838562,74.0462649822235,25.314962387085,127.840560054779,143.662411546707,24.0492142677307,1.26574811935425,4.43011841773987
"5704006",2000,0.227621202185871,24.0492142677307,1.14872245318298,48.7313025951386,32.9094511032105,606.926223230362,49.3641766548157,5.06299247741699,155.687018680573,1.89862217903137,6.32874059677124,0.79928412588063
"5704006",2001,1.12315723174992,0.0577357306147238,22.7834661483765,43.6683101177216,74.6791390419006,12.6574811935425,351.877977180481,149.358278083801,28.4793326854706,24.0492142677307,0.630274553078199,0.00639992938287373
"5704006",2002,0.950090177708547,0.766109388070654,15.8218514919281,23.4163402080536,270.870097541809,307.576793003082,157.585640859604,225.303165245056,62.0216578483582,11.3917330741882,3.79724435806274,3.16437029838562
"5704006",2003,25.9478364467621,0.285035633381929,0.126574811935425,1.20023396634677,117.081701040268,106.322842025757,135.435048770905,4.43011841773987,49.9970507144928,0.671742516264035,36.7066954612732,0.544552630815664
"5704006",2004,8.86023683547974,0.280067268065625,21.5177180290222,58.2244134902954,27.8464586257935,72.7805168628693,90.5009905338287,85.4379980564117,68.3503984451294,21.5177180290222,122.144693517685,0.26934111747404
"5704006",2005,0.379484229818047,1.14757746698735,34.1751992225647,12.0246071338654,133.409851779938,425.291368103027,44.3011841773987,267.072853183746,43.6683101177216,27.8464586257935,13.9232293128967,0.896032586774325
"5704006",2006,0.248228550093528,0.363582087789845,0.503951122283739,3.16437029838562,18.3533477306366,118.347449159622,304.412422704697,59.4901616096497,3.79724435806274,89.8681164741516,0.0872411964161239,0.0974217676920417
"5704006",2007,0.716125747961464,38.6053176403046,10.7588590145111,1.21410108611951,17.0875996112824,167.078751754761,139.232293128967,44.9340582370758,1.02552869258191,0.313210606536775,0.976312663676037,0.674015307356735
"5704006",2008,0.256748851526947,1.07420764293639,16.4547255516052,29.1122067451477,352.510851240158,142.396663427353,91.1338645935059,247.453757333756,6.96161465644836,0.275478534297426,1.21269839518094,0.994177894607441
"5704006",2009,0.828301812848076,3.79724435806274,1.15521247416357,0.326779362598235,62.0216578483582,189.22934384346,39.2381916999817,194.925210380554,184.166351366043,NA,0.490815296633996,0.698881452106564
"5704006",2010,0.672078727753136,0.923717176198168,0.536974709461661,3.29094511032104,87.3366202354431,141.763789367676,60.1230356693268,14.5561033725739,11.3917330741882,10.125984954834,58.2244134902954,1.89862217903137
"5746001",1981,NA,NA,NA,NA,NA,NA,NA,NA,NA,NA,NA,NA
"5746001",1982,NA,NA,NA,NA,NA,NA,NA,NA,NA,NA,NA,NA
"5746001",1983,NA,NA,NA,NA,NA,NA,NA,NA,NA,NA,NA,NA
"5746001",1984,NA,NA,NA,NA,NA,NA,NA,NA,NA,NA,NA,NA
"5746001",1985,NA,NA,NA,NA,NA,NA,NA,NA,NA,NA,NA,NA
"5746001",1986,NA,NA,NA,NA,NA,NA,NA,NA,NA,NA,NA,NA
"5746001",1987,NA,NA,NA,NA,NA,NA,NA,NA,NA,NA,NA,NA
"5746001",1988,NA,NA,NA,NA,NA,NA,NA,NA,NA,NA,NA,NA
"5746001",1989,NA,NA,NA,NA,NA,NA,NA,NA,NA,NA,NA,NA
"5746001",1990,0.781742178596707,0.159637785326309,5.0642849779129,6.18968163967133,4.50158664703369,6.75237997055054,55.1444364261627,27.5722182130814,34.3245981836319,18.569044919014,0.422652954756343,1.0302680014577
"5746001",1991,0.821114332561017,0.640780302848756,0.997995492989408,0.127607620231734,99.0349062347412,66.398403043747,165.996007609367,11.8166649484634,62.4595147275925,22.5079332351685,0.773680842232444,29.8230115365982
"5746001",1992,0.175601078663861,0.444025588124268,11.8166649484634,23.0706315660477,244.773773932457,251.526153903007,9.56587162494659,106.91268286705,25.8841232204437,0.464747603372918,2.25079332351685,0.944720990461224
"5746001",1993,0.995532096492398,0.250731139176982,0.232796564288438,93.5204625921249,52.3309447717667,54.5817380952835,70.8999896907806,24.7587265586853,0.879762532920143,4.50158664703369,3.37618998527527,3.37618998527527
"5746001",1994,0.0964807554227521,0.0898349071173705,0.365786462157608,42.7650731468201,79.903162984848,76.5269729995727,93.4079229259491,1.0168299982365,15.1928549337387,6.75237997055054,0.530761839851994,2.25079332351685
"5746001",1995,0.901022929716082,0.950574604055101,0.135128005351595,36.0126931762695,0.278133680409688,81.0285596466064,123.793632793427,70.3372913599014,4.50158664703369,6.18968163967133,1.12539666175842,1.00420390741761
"5746001",1996,0.745591277134852,1.002764005795,0.659248622195795,18.569044919014,7.87777663230896,51.7682464408875,38.8261848306656,38.2634864997864,1.12539666175842,4.50158664703369,0.329103089949674,1.05476638038305
"5746001",1997,0.96773171285031,1.00162473829655,0.975725894882592,9.00317329406738,113.777602503777,276.847578792572,33.7618998527527,118.166649484634,64.1476097202301,46.1412631320953,9.90349062347412,0.444915773967063
"5746001",1998,0.19642614854035,0.531208020184733,0.0773447817580875,7.42761796760559,18.9066639175415,6.30222130584717,0.870328545691131,0.0883723265486514,5.62698330879211,0.597606025874227,0.233107317888732,0.418335337194249
"5746001",1999,0.194069847910966,1.04563036875399,22.5079332351685,0.0605648349047715,2.02571399116516,58.7457057437897,24.0834885616302,67.8614187040329,125.256648453712,0.994596013244133,1.23793632793427,1.0454788200348
"5746001",2000,0.309819095757077,0.41191548178845,0.0448258789812957,0.767424041929978,0.477907993623124,49.6299927835464,9.90349062347412,0.909371765847662,155.304739322662,0.193765073500886,0.68240847112806,0.84958289929087
"5746001",2001,1.09498442796104,0.475507344166829,0.585674381354215,18.0063465881348,139.549186058044,5.62698330879211,54.0190397644043,0.940753965582578,0.480207749910891,0.164734871390766,0.884732446359299,0.964200510121821
"5746001",2002,0.64251686915108,0.119782065303309,0.825784464773349,0.68539736216885,193.568225822449,86.6555429553986,92.2825262641907,146.301566028595,9.22825262641907,2.47587265586853,0.257215059094396,0.466151288433281
"5746001",2003,1.05822778754912,0.776652392337683,0.431651785907399,0.412218723341579,0.424177669747052,35.4499948453903,8.32793529701233,12.3793632793427,0.896081253598166,0.553979412770661,12.3793632793427,0.975398612629917
"5746001",2004,0.0538579057872798,0.614905547037145,0.709102733141525,49.6299927835464,26.4468215513229,49.2923737850189,81.7037976436615,81.2536389789581,15.1928549337387,4.95174531173706,35.675074177742,0.672518720197061
"5746001",2005,0.666959233029009,0.9736247656744,23.1831712322235,0.787777663230896,139.774265390396,144.500931369782,32.1863445262909,102.186016887665,17.3311085910797,3.7138089838028,8.55301462936401,0.332007653682128
"5746001",2006,0.0680743637290477,0.827302495197621,0.35373281270542,10.2411096220016,70.1122120275497,110.17633318615,186.253147521019,69.4369740304947,17.4436482572556,39.6139624938965,0.0473542602281438,0.842111419120423
"5746001",2007,0.518628643508941,19.4693622484207,0.450158664703369,0.579834361712232,37.4757088365555,56.2698330879211,46.4788821306229,31.5111065292358,0.627113962635954,0.357765505175819,0.283001740351987,0.62814573677208
"5746001",2008,0.55591165442033,0.136784365241524,21.8326952381134,13.6172996072769,164.983150613785,64.935387383461,NA,NA,1.01597614555788,0.167549180505982,0.32188402546426,1.01664490405656
"5746001",2009,0.34652595133349,1.02059339158516,0.196866807181719,1.03778589129607,0.337618998527527,NA,NA,NA,39.0512641630173,0.244919375460146,0.00792864886029046,0.108167738679714
"5746001",2010,0.524613120113979,0.807958196316381,0.891070063858699,0.225079332351685,38.9387244968414,142.250138046265,65.6106253805161,6.30222130584717,12.829521944046,13.5047599411011,0.787777663230896,0.833340314176424
"5711003",1981,NA,NA,NA,NA,NA,NA,NA,NA,NA,NA,NA,NA
"5711003",1982,0.258756579310222,0.12105801634777,23.7490037612915,2.67758375740051,139.117938699722,324.802551441193,192.669613847733,107.685433721542,91.1542644367218,35.5070889568329,1.1641668510437,0.610674211462172
"5711003",1983,10.8267517147064,5.00591745948791,0.522754853952209,33.7608386802673,89.0587641048431,164.031109312058,135.276188091278,67.5216773605347,50.0591745948792,5.82083425521851,0.666347361003659,0.143641925836232
"5711003",1984,0.358756890987808,1.1608137867266,0.969340961638932,0.846332657958489,102.446682891846,62.1665098457336,359.145473546982,91.9691812324524,55.2979254245758,28.5220878505707,6.98500110626221,0.866853160182244
"5711003",1985,0.748893535023619,0.798790214072949,27.2415043144226,0.92632987480578,58.7904259777069,18.6266696166992,102.679516262054,10.4775016593933,12.2237519359589,45.0532571353912,0.0355093231095079,0.390255588370123
"5711003",1986,0.188606136850262,0.500311627035128,0.798981692924104,27.9400044250488,130.037437261581,258.910707672119,5.23875082969665,92.6676813430786,2.09550033187866,5.82083425521851,36.0891723823547,0.079509719960475
"5711003",1987,0.0829270017821588,0.464170652811414,1.01782206075255,22.7012535953522,61.7008431053162,71.0141779136658,499.427579097748,293.370046463013,23.6325870761871,81.3752628879547,0.0586546585730031,0.810427749567148
"5711003",1988,1.01526573335826,0.526012185620076,0.713209029354546,0.547991214614715,8.38200132751465,14.9013356933594,38.3010893993378,115.368934938431,18.1610028762817,0.380879301977797,23.9818371315002,6.05366762542725
"5711003",1989,0.888493361459227,0.66044610903539,0.438311098994895,47.2651741523743,46.9159240970612,29.56983801651,132.249354278564,247.967539272308,26.426587518692,8.73125138282776,0.552475312367286,0.332273520864779
"5711003",1990,0.258318181906911,0.780986036560655,18.1610028762817,2.3283337020874,18.3938362464905,4.19100066375732,89.9900975856781,90.8050143814087,50.7576747055054,16.5311692848206,1.0053619645058,0.990680459445698
"5711003",1991,0.652582042715854,0.378543845415539,0.300522461087449,7.45066784667969,153.553607652664,177.302611413956,191.738280366898,12.9222520465851,92.0855979175568,17.2296693954468,0.278146608095488,59.4889260883331
"5711003",1992,0.708953628567992,4.07458397865295,13.3879187870026,67.2888439903259,215.370867443085,138.5358552742,0.984486487081292,20.9550033187866,0.86896506573331,0.467684475564517,18.0445861911774,0.806054627711709
"5711003",1993,0.959714516518313,0.44690537671025,0.0659699330023212,136.789604997635,101.631766096115,105.124266649246,84.9841801261902,35.5070889568329,10.710335029602,17.6953361358643,5.70441757011414,2.21191701698303
"5711003",1994,0.920959576953652,0.440833787538665,0.78958585081924,42.3756733779907,77.5335122795105,93.1333480834961,197.209864566803,14.4356689529419,33.4115886249542,8.03275127220154,0.946742710156183,10.0118349189758
"5711003",1995,0.322704179443934,4.07458397865295,0.231043353361168,28.4056711654663,6.98500110626221,108.616767202377,95.2288484153748,73.924595041275,35.9727556972504,0.11641668510437,0.722053025606959,0.155121164875343
"5711003",1996,0.582083425521851,0.507947105352244,0.340962599075635,79.5125959262848,13.9700022125244,51.8054248714447,36.3220057525635,71.2470112838745,6.75216773605347,1.51341690635681,0.233244002170314,0.582083425521851
"5711003",1997,0.852210808289491,1.05859105547635,10.710335029602,4.6566674041748,167.057943124771,441.917736656189,96.0437652111054,137.604521793365,119.327102231979,85.566263551712,8.73125138282776,6.40291768074036
"5711003",1998,0.1560936120993,5.00591745948791,0.23283337020874,55.996425535202,30.8504215526581,36.0891723823547,0.692080406731887,1.03436820992861,25.0295872974396,0.37028427052237,0.97508463517341,0.933313212787148
"5711003",1999,0.563364503514089,0.896795491243896,15.3670024337769,21.5370867443085,12.2237519359589,76.8350121688843,59.9545928287506,144.473106214523,178.699611635208,29.1041712760925,0.61873843224919,1.1641668510437
"5711003",2000,0.109935136509695,48.3129243183136,0.0116155817694237,41.3279232120514,25.0295872974396,488.367994012833,26.7758375740051,1.04775016593933,161.120692184448,3.95816729354858,4.6566674041748,0.350731037854465
"5711003",2001,1.12657694318226,0.192925376208302,13.3879187870026,30.501171497345,62.5157599010468,2.67758375740051,276.489627122879,100.584015930176,26.1937541484833,3.72533392333984,0.394185373139307,0.487736221284413
"5711003",2002,0.698500110626221,0.0502899324560336,15.2505857486725,18.859502986908,203.496365562439,228.409536174774,137.371688423157,174.74144434166,47.1487574672699,15.3670024337769,1.1641668510437,3.4925005531311
"5711003",2003,9.19691812324524,0.753796389356096,0.349973653594546,0.00449523968667098,123.285269525528,83.1215131645203,102.912349632263,8.26558464241028,33.9936720504761,0.209163254907519,30.7340048675537,0.00577205312972685
"5711003",2004,0.521013881618447,0.61430891631261,23.8654204463959,40.1637563610077,27.1250876293182,60.071009513855,117.348018585205,99.7690991344452,41.0950898418427,7.45066784667969,93.8318481941223,0.775615889685448
"5711003",2005,0.814916795730591,0.860618417544012,18.7430863018036,10.5939183444977,120.607685768127,243.310871868134,38.4175060844421,241.564621591568,25.6116707229614,27.9400044250488,10.3610849742889,0.111229091118775
"5711003",2006,0.817892223346696,0.23283337020874,0.243090927534565,6.40291768074036,17.6953361358643,121.306185878754,283.358211544037,98.4885155982971,8.84766806793213,84.0528466453552,2.3283337020874,0.516721397159674
"5711003",2007,1.00796514082459,18.6266696166992,20.4893365783691,0.758703317083834,15.71625248909,122.353936044693,82.3065963687897,48.1965076332092,4.19100066375732,0.355993312668658,3.60891723823547,0.849225264081285
"5711003",2008,0.347101699596575,1.02155215076136,16.7640026550293,15.5998358039856,217.815617830276,106.637683555603,82.0737629985809,195.463614290237,5.23875082969665,1.00385331041572,0.553364497039323,0.685827952359556
"5711003",2009,0.35938381167254,0.582083425521851,0.615619365082493,0.605867714015641,38.4175060844421,172.995194065094,30.9668382377625,132.598604333878,100.816849300385,19.4415864124298,0.0674183632932922,0.158449719973222
"5711003",2010,0.217435466596039,0.193934823077825,0.489658603636895,4.54025071907043,62.5157599010468,114.088351402283,41.0950898418427,12.6894186763763,45.9845906162262,16.7640026550293,56.927759016037,0.403889248277956
"5703008",1981,0.0317252859762586,44.1534852027893,25.2305629730225,13.8768096351624,247.890281209946,27.1228551959991,32.7997318649292,44.7842492771149,14.5075737094879,11.3537533378601,5.67687666893005,0.445364511559122
"5703008",1982,4.41534852027893,1.0025856414024,6.93840481758118,1.25454956528884,113.537533378601,759.439945487976,544.34939614296,271.859316034317,112.78061648941,25.861327047348,8.1999329662323,0.79017319072085
"5703008",1983,59.2918229866028,11.9845174121857,0.831371687084391,48.5688337230682,40.3689007568359,133.091219682693,132.460455608368,61.1841152095795,18.2921581554413,4.41534852027893,0.952939423859266,0.0500880535917475
"5703008",1984,0.525804846011389,0.77154196875236,11.9845174121857,3.78458444595337,99.6607237434387,77.5839811420441,406.842827939987,80.1070374393463,64.9686996555328,46.6765415000916,27.1228551959991,6.93840481758118
"5703008",1985,11.9845174121857,0.467812957028199,46.6765415000916,6.93840481758118,80.7378015136719,22.0767426013947,122.998994493485,1.26152814865112,30.276675567627,120.475938196182,0.981912386334547,0.542876634606479
"5703008",1986,1.09646405900518,19.5536863040924,0.524584473746441,157.060254507065,207.52138045311,487.580629453659,3.78458444595337,177.244704885483,7.56916889190674,26.7443967514038,44.7842492771149,2.52305629730225
"5703008",1987,0.0991215056790538,22.7075066757202,29.0151474189758,8.83069704055786,90.1992626285553,122.368230419159,814.3164199543,431.442626838684,36.5843163108826,48.5688337230682,0.927163489720366,0.770053313374578
"5703008",1988,0.349328982178747,8.1999329662323,3.78458444595337,1.89229222297668,78.2147452163696,32.7997318649292,69.3840481758118,144.444973020554,21.4459785270691,4.41534852027893,1.89229222297668,11.3537533378601
"5703008",1989,0.0712582670056109,0.337942170284857,0.0971448190604899,38.4766085338593,52.9841822433472,15.1383377838135,95.2453752231598,305.920576047897,68.7532841014862,4.41534852027893,1.89229222297668,0.963386049114298
"5703008",1990,0.665334418723515,0.73488170216574,39.7381366825104,31.5382037162781,35.3227881622314,30.276675567627,54.8764744663239,92.091554851532,112.27600522995,13.8768096351624,1.02105872704328,0.404055255999123
"5703008",1991,0.199044238511843,0.00926467775587109,0.622689061037752,102.814544115067,392.966018304825,175.983176736832,307.812868270874,6.93840481758118,91.4607907772064,11.9845174121857,13.2460455608368,66.8609918785095
"5703008",1992,0.630764074325562,0.630764074325562,6.93840481758118,90.956179517746,150.121849689484,217.613605642319,84.5223859596252,35.953552236557,41.6304289054871,18.2921581554413,38.9812197933197,0.242526751770357
"5703008",1993,26.4920911216736,47.3073055744171,1.16866432521065,166.521715621948,274.634677961349,213.829021196365,75.1870776596069,17.6613940811157,27.1228551959991,1.26152814865112,18.9229222297668,0.960290699546046
"5703008",1994,1.15037470299341,0.0662355679595864,4.91995977973938,75.6916889190674,55.5072385406494,100.291487817764,324.843498277664,20.8152144527435,56.3903082447052,14.7598793392181,8.95684985542297,0.491924465249333
"5703008",1995,31.6643565311432,4.41534852027893,0.99189625016897,74.6824664001465,40.3689007568359,196.16762711525,39.7381366825104,55.1287800960541,44.7842492771149,5.67687666893005,8.83069704055786,0.584204566212247
"5703008",1996,13.8768096351624,0.621458294817852,0.0924577193105837,45.0365549068451,21.4459785270691,46.6765415000916,35.1966353473663,23.3382707500458,1.89229222297668,7.1907104473114,1.89229222297668,3.78458444595337
"5703008",1997,0.926604026657881,1.11586557622032,25.2305629730225,34.4397184581757,136.245040054321,581.186018083572,70.2671178798676,267.443967514038,292.043766412735,62.4456433582306,7.69532170677185,38.6027613487244
"5703008",1998,1.03277284086891,17.6613940811157,34.4397184581757,131.072774644852,11.6060589675903,35.3227881622314,0.69037001230839,4.41534852027893,59.9225870609283,1.20508530172988,0.834307286614116,0.55681907408937
"5703008",1999,0.660863364730566,0.650278934319485,13.6245040054321,33.0520374946594,63.0764074325562,84.6485387744903,13.2460455608368,105.968364486694,218.496675346375,27.7536192703247,34.6920240879059,2.52305629730225
"5703008",2000,0.778426484575351,42.2611929798126,1.21639744703716,76.9532170677185,42.8919570541382,1029.65927492905,76.9532170677185,7.56916889190674,135.614275979996,3.15382037162781,41.6304289054871,0.319382221821691
"5703008",2001,0.792950128159856,0.25165088922709,46.6765415000916,63.7071715068817,90.8300267028809,75.6916889190674,512.558886796951,238.681125724792,22.0767426013947,21.4459785270691,0.47114858151508,5.04611259460449
"5703008",2002,1.06758593714658,4.41534852027893,13.8768096351624,56.7687666893005,245.997988986969,462.980830554962,259.874798622131,388.550669784546,59.9225870609283,17.6613940811157,1.51383377838135,10.092225189209
"5703008",2003,72.5378685474396,0.46030742714292,6.93840481758118,0.1756946629666,131.198927459717,170.306300067902,134.73120627594,11.3537533378601,81.999329662323,0.0516011449117775,78.2147452163696,1.26152814865112
"5703008",2004,4.41534852027893,13.2460455608368,11.9845174121857,34.6920240879059,9.46146111488342,109.122184858322,68.1225200271606,75.6916889190674,52.1011125392914,43.6488739433289,174.721648588181,0.630764074325562
"5703008",2005,12.6152814865112,0.621104037099308,54.4980160217285,32.4212734203339,179.38930273819,582.699851861954,13.8768096351624,521.641889467239,120.475938196182,26.4920911216736,4.41534852027893,2.52305629730225
"5703008",2006,9.2091554851532,0.630764074325562,3.15382037162781,8.1999329662323,20.184450378418,150.121849689484,441.534852027893,72.5378685474396,23.9690348243713,109.752948932648,2.52305629730225,0.810357209698589
"5703008",2007,1.1219482689268,14.5075737094879,19.5536863040924,0.630764074325562,46.4242358703613,219.505897865295,218.62282816124,67.4917559528351,0.217256180844256,0.848293595007678,0.71975470105423,4.41534852027893
"5703008",2008,11.3537533378601,23.3382707500458,42.2611929798126,39.7381366825104,466.13465092659,215.090549345016,60.8056567649841,358.273994216919,19.5536863040924,0.179995831441788,0.278012091998325,1.24688227248535
"5703008",2009,7.56916889190674,12.6152814865112,0.996998809107555,0.274255056038109,77.3316755123138,224.425857645035,64.085629951477,179.136997108459,228.084289276123,24.9782573432922,0.293358719930425,0.757423100497563
"5703008",2010,0.374898582198483,1.02824656206944,0.833110416547871,2.52305629730225,99.913029373169,189.229222297668,128.928176792145,38.4766085338593,17.5352412662506,7.44301607704163,74.177855140686,3.78458444595337
"5740005",1981,0.393520527159243,0.0527895953500054,2.54440719985962,3.54004479980469,269.485910385132,58.4107391967773,16.8152127990723,7.74384799957275,19.3596199989319,5.53131999969482,0.598313019342578,1.02758048997696
"5740005",1982,1.10430706197539,0.0458602835197814,28.0991055984497,0.522171425914116,141.048659992218,355.442623180389,133.304811992645,68.4777415962219,33.8516783981323,30.2010071983337,0.198943153371379,0.660728602712456
"5740005",1983,3.42941839981079,0.107728414522706,0.338753908883836,3.87192399978638,32.1922823982239,136.734230392456,84.7398223953247,91.3774063949585,28.9841167984009,0.758793812614013,0.853511259028015,0.217742189799535
"5740005",1984,1.00673491189765,0.333106793837617,0.247521327754126,2.76565999984741,156.646982391357,34.4048103981018,374.47036397934,82.5272943954468,85.1823279953003,18.142729598999,0.460405394969648,0.345223289821355
"5740005",1985,0.646734027572534,0.993882928658752,7.41196879959106,6.416331199646,50.3350119972229,20.6871367988586,90.0498895950317,0.0847823792727342,16.9258391990662,13.3857943992615,0.186143871971968,0.446621957652748
"5740005",1986,0.233779369600163,0.162169944794309,0.885011199951172,36.8385911979675,157.86387279129,113.834565593719,2.65503359985352,61.3976519966126,0.316017875563664,0.331879199981689,50.3350119972229,0.798161040708839
"5740005",1987,0.8833952499723,1.02432610721513,0.690395013696447,1.77002239990234,64.9376967964172,35.289821598053,420.933451976776,206.871367988586,32.8560407981873,27.9884791984558,0.730145016686129,0.946062029817679
"5740005",1988,0.931881883467254,0.00616999837762721,6.52695759963989,0.307876205064668,1.99127519989014,22.5677855987549,37.5023495979309,79.2085023956299,7.96510079956055,0.0564029293849753,9.5138703994751,5.75257279968262
"5740005",1989,0.9083672728727,0.33371702529721,0.0694974188722958,8.96073839950562,37.0598439979553,19.0277407989502,104.099442394257,103.325057594299,9.4032439994812,7.74384799957275,1.10626399993896,1.77002239990234
"5740005",1990,0.15988081601707,0.699904326422093,6.3057047996521,1.54876959991455,10.0670023994446,11.0626399993896,56.3088375968933,29.0947431983948,23.3421703987122,16.3727071990967,0.208974471364941,1.02045422817096
"5740005",1991,0.416681728145661,0.388265783888959,1.04277108804418,17.8108503990173,86.8417239952087,186.958615989685,111.732663993835,12.9432887992859,66.3758399963379,23.7846759986877,0.5540403258706,14.1601791992188
"5740005",1992,0.162200132766507,2.98691279983521,19.0277407989502,24.4484343986511,202.9994439888,258.533896785736,3.54004479980469,153.328190391541,0.871442262340627,0.0828127437744291,2.98691279983521,0.932300315879108
"5740005",1993,0.603896906347885,0.259471954221816,0.99631588160851,79.6510079956055,76.8853479957581,56.9725959968567,59.2957503967285,41.4848999977112,3.0975391998291,5.75257279968262,5.53131999969482,0.906010798506011
"5740005",1994,0.823856597455636,0.312483297049649,0.975808951161746,54.2069359970093,113.834565593719,79.2085023956299,92.3730439949036,9.4032439994812,14.0495527992249,4.42505599975586,0.941559042575269,4.97818799972534
"5740005",1995,0.158864517669839,0.750882966693307,0.736066116647059,34.7366895980835,0.650662964774119,123.459062393188,120.582775993347,54.3175623970032,7.74384799957275,7.19071599960327,0.663758399963379,0.950908837771883
"5740005",1996,0.710653299950235,0.700671047907559,0.584648629301917,23.6740495986938,16.5939599990845,54.7600679969788,53.1006719970703,83.5229319953918,0.673000743627814,2.21252799987793,1.02623936506167,2.21252799987793
"5740005",1997,0.207780127292982,0.422933530153175,1.02357398878323,11.6157719993591,120.582775993347,352.89821598053,45.909955997467,146.026847991943,64.3845647964478,77.991611995697,11.8370247993469,0.953197113727703
"5740005",1998,0.105453007644673,0.774384799957275,1.03057040769108,19.1383671989441,10.8413871994019,23.2315439987183,1.03032429234157,0.457283281693278,11.0626399993896,0.395027426288886,0.968215051646466,0.238307193238019
"5740005",1999,0.193556365733703,0.81362690202139,15.7089487991333,3.31879199981689,22.6784119987488,55.4238263969421,19.0277407989502,104.873827194214,135.738592792511,4.97818799972534,0.754172625765339,0.765688786726983
"5740005",2000,0.112260241862204,17.147091999054,0.276246110302253,4.97818799972534,12.5007831993103,362.743965579987,15.4876959991455,3.0975391998291,140.163648792267,0.221252799987793,1.99127519989014,0.662853378300948
"5740005",2001,0.735498862390083,0.33905936602553,0.46824469558685,21.6827743988037,96.5768471946716,7.74384799957275,228.996647987366,118.038368793488,14.7133111991882,0.779392454203765,0.642348923380206,0.875073184948057
"5740005",2002,0.887503760301517,2.21252799987793,3.87192399978638,0.442505599975586,239.06365038681,302.563203983307,119.476511993408,154.434454391479,11.2838927993774,5.53131999969482,0.331879199981689,0.442505599975586
"5740005",2003,4.20380319976807,0.170468351300589,0.123509501143515,0.781948513251849,95.138703994751,106.865102394104,51.8837815971374,20.4658839988709,36.285459197998,3.54004479980469,16.5939599990845,0.291379191733612
"5740005",2004,0.678454588116549,0.676260605207041,24.1165551986694,47.9012311973572,37.0598439979553,53.3219247970581,101.333782394409,90.9349007949829,17.9214767990112,11.6157719993591,49.2287479972839,0.445015853318144
"5740005",2005,0.0664742967584208,0.500660459100331,23.2315439987183,1.43814319992065,141.601791992187,169.700897590637,45.3568239974976,128.879755992889,19.248993598938,15.9302015991211,19.248993598938,0.221252799987793
"5740005",2006,0.529237685255354,0.752485054447661,0.36726750183694,8.29697999954224,30.5328863983154,78.6553703956604,211.849555988312,53.1006719970703,19.5808727989197,49.3393743972778,0.369396598971118,0.179779126890812
"5740005",2007,NA,NA,NA,NA,NA,NA,NA,NA,NA,NA,NA,NA
"5740005",2008,1.01924642904455,0.152561023505703,8.29697999954224,11.5051455993652,144.367451992035,99.1212543945312,64.8270703964233,140.495527992249,3.31879199981689,0.298534904597864,0.553131999969482,0.502359371577749
"5740005",2009,0.372713363649318,0.279551679606556,0.30442251013279,0.930316458018891,10.730760799408,154.323827991486,23.7846759986877,97.3512319946289,43.1442959976196,11.0626399993896,1.10626399993896,0.315777494800697
"5740005",2010,0.684766135531813,0.231681118535049,0.824654688654366,0.329862385815223,54.7600679969788,117.26398399353,58.0788599967957,9.95637599945068,14.3814319992065,11.5051455993652,2.21252799987793,0.217292414204349
"5717008",1981,NA,NA,NA,NA,NA,NA,NA,NA,NA,NA,NA,NA
"5717008",1982,NA,NA,NA,NA,NA,NA,NA,NA,NA,NA,NA,NA
"5717008",1983,NA,NA,NA,NA,NA,NA,NA,NA,NA,NA,NA,NA
"5717008",1984,NA,NA,NA,NA,NA,NA,NA,NA,NA,NA,NA,NA
"5717008",1985,NA,NA,NA,NA,NA,NA,NA,NA,NA,NA,NA,NA
"5717008",1986,NA,NA,NA,NA,NA,NA,NA,NA,NA,NA,NA,NA
"5717008",1987,NA,NA,NA,NA,NA,NA,NA,NA,NA,NA,NA,NA
"5717008",1988,NA,NA,NA,NA,NA,NA,NA,NA,NA,NA,NA,NA
"5717008",1989,0.014885578500955,0.908449123302151,0.512480430930499,28.1638959751129,16.9648664731979,26.8333182125092,157.008175987244,159.669331512451,15.0798813095093,8.42699249649048,1.0792060429815,1.08679054474788
"5717008",1990,0.973937603288712,0.603226610773315,11.7534369029999,0.720265738971017,10.2010961799622,6.0984814119339,89.3704730548859,55.329858628273,40.4717402791977,7.65082213497162,0.325525793144684,0.223518241520498
"5717008",1991,0.997444129945207,0.0823623887133947,0.520000574736923,31.7121033420563,132.614250339508,183.508849759102,152.794679738998,16.743103512764,66.750651090622,12.7513702249527,0.768507972806482,30.4924070596695
"5717008",1992,0.489591764079358,0.44352592086792,NA,24.0612812070847,235.844908421516,235.068738059998,22.6198219642639,67.1941770114899,32.2665107431412,0.62564779154828,9.9793332195282,1.02948644325952
"5717008",1993,0.115384825617503,0.705025900608105,0.926954085206115,94.4710211448669,97.4648211107254,100.015095155716,57.4366067523956,38.1432291946411,11.199029501915,3.21556292629242,6.6528888130188,0.11088148021698
"5717008",1994,0.753210110329837,1.09537167801668,0.795007432584849,37.6997032737732,116.647317188263,79.8346657562256,NA,13.5275405864716,12.7513702249527,5.10054808998108,0.789101638353044,5.87671845149994
"5717008",1995,0.588530487180321,3.8808518075943,0.594702646830403,26.7224367322922,2.2176296043396,101.34567291832,118.088776431084,60.4304067182541,10.3119776601791,4.87878512954712,0.5544074010849,0.463279299919025
"5717008",1996,0.11088148021698,0.980393616526254,0.944250506189931,10.4228591403961,NA,44.9069994878769,41.4696736011505,66.1962436895371,1.88498516368866,6.87465177345276,0.943926010293503,1.6632222032547
"5717008",1997,0.747418821783265,0.755890104359139,0.88705184173584,6.43112585258484,166.987509206772,467.698083555222,91.1445767383575,134.38835402298,80.1673101968765,63.6459696445465,4.4352592086792,7.2072962141037
"5717008",1998,0.212659395812093,0.22176296043396,0.11088148021698,19.9586664390564,11.4207924623489,42.8002513637543,6.20936289215088,1.44145924282074,23.1742293653488,0.0200590885644828,0.144820847183152,0.793356259751846
"5717008",1999,0.263007831785979,0.914661222791344,21.0674812412262,6.87465177345276,14.9689998292923,89.4813545351029,21.5110071620941,113.764398702621,149.135590891838,11.8643183832169,1.00259067662867,0.296312600646764
"5717008",2000,0.186902818177099,14.9689998292923,0.143065697193342,19.0716145973206,12.4187257843018,493.08994252491,18.7389701566696,2.88291848564148,175.636264663696,5.87671845149994,2.2176296043396,0.11272011011404
"5717008",2001,0.180084330233442,1.03429544633368,0.22176296043396,10.5337406206131,80.9434805583954,11.088148021698,321.99981855011,83.4937546033859,11.088148021698,2.2176296043396,0.45449284356513,0.410655979714771
"5717008",2002,0.760877791653062,0.5544074010849,0.11088148021698,0.11088148021698,197.923442187309,301.264981749535,128.844280012131,134.942761424065,11.8643183832169,4.65702216911316,0.973148618624112,2.7720370054245
"5717008",2003,4.21349624824524,0.174501221379458,0.120939553501565,0.167596257098312,85.9331471681595,114.873213504791,63.9786140851974,15.7451701908112,14.9689998292923,1.09355863196351,23.0633478851318,0.474183195347447
"5717008",2004,0.805524193284714,0.101698544658939,14.5254739084244,79.5020213155747,32.3773922233582,74.7341176662445,112.322939459801,82.1631768407822,14.1928294677734,1.33057776260376,55.8842660293579,0.381945332502695
"5717008",2005,0.156181711002298,0.776857871378678,17.1866294336319,5.544074010849,121.747865278244,209.787760570526,45.3505254087448,168.53984992981,18.0736812753677,12.3078443040848,22.7307034444809,0.787072698605286
"5717008",2006,0.148865180963453,0.461470734337891,0.340493030604372,8.3161110162735,36.1473625507355,102.676250680923,230.079071450233,49.785784617424,5.544074010849,58.5454215545654,0.25374747754354,0.747636686833913
"5717008",2007,0.396214316470176,9.64668877887726,1.6632222032547,0.478536011499553,10.2010961799622,69.1900436553955,51.3381253404617,27.720370054245,0.107952841649472,0.57968382262779,0.445074974203846,0.773495110981186
"5717008",2008,0.691828712159951,0.322086816961753,9.9793332195282,15.3016442699432,151.242339015961,120.639050476074,80.0564287166596,173.640398019791,0.5544074010849,0.0485609098943116,1.10323314446726,0.430692816171693
"5717008",2009,0.411170740127937,0.390248774607993,0.436118180655367,0.165578162906906,10.7555035810471,180.62593127346,25.3918589696884,106.002695087433,58.5454215545654,7.31817769432068,0.369646695687568,1.08310480982657
"5717008",2010,0.434590462834208,0.826672437229169,0.606695465547506,0.5544074010849,41.5805550813675,116.092909787178,81.6087694396973,5.87671845149994,15.9669331512451,4.9896666097641,7.98346657562256,0.0225083211155707
"5740004",1981,1.04022629313472,0.215741416357725,4.3191911315918,5.39898891448975,266.170153484344,15.1171689605713,31.3141357040405,25.9151467895508,31.0981761474609,0.836717494427868,0.443813927919751,0.445848426993948
"5740004",1982,0.163394247728534,1.03005518831251,17.8166634178162,0.112634479154704,152.46744694519,445.092646110535,155.382900959015,85.7359439620972,44.2717090988159,26.9949445724487,0.962161769038681,0.287305796922291
"5740004",1983,2.1595955657959,1.04686228682084,0.940598648262512,0.684178027865254,45.3515068817139,145.124822021484,93.4025082206726,88.5434181976318,24.8353490066528,0.694178459731939,0.829567909054131,0.310841892971374
"5740004",1984,0.178725228298295,1.03171917967404,0.284736672444576,2.1595955657959,195.119459369659,12.7416138381958,422.416892669678,82.2805910568237,93.6184677772522,21.595955657959,0.612228116834117,0.116975049896115
"5740004",1985,0.856666664491454,1.05479815550118,11.8777756118774,5.39898891448975,59.9287769508362,18.6805016441345,105.820182723999,0.589805441565808,15.6570678520203,17.1687847480774,0.96339404440583,0.040643262966922
"5740004",1986,0.131667621249203,0.49961616401656,2.1595955657959,34.0136301612854,185.833198436737,153.979163841248,5.83090802764893,92.9705891075134,1.18777756118774,0.971818004608154,64.787866973877,0.031542556387044
"5740004",1987,0.322629464868985,0.312508104283319,0.261756635508242,4.211211353302,64.6798871955872,38.3328212928772,454.918805934906,231.940563766479,30.4502974777222,46.4313046646118,0.101819528374293,0.484944607523624
"5740004",1988,0.555055487245781,0.137219563118018,9.71818004608154,0.353292985756226,2.1595955657959,31.2061559257507,44.8116079902649,98.2615982437134,5.93888780593872,0.718539660313337,17.8166634178162,0.268332360180454
"5740004",1989,NA,NA,NA,NA,NA,NA,NA,NA,NA,NA,NA,NA
"5740004",1990,0.314807210887538,0.708252815623401,11.1219171638489,0.75705262542632,7.12666536712646,NA,78.2853392601013,45.8914057731628,37.7929224014282,NA,0.814273552637986,NA
"5740004",1991,1.01457547383058,NA,0.726312707824256,27.8587827987671,129.035835056305,196.739156044006,97.1818004608154,12.5256542816162,68.2432198791504,NA,1.05385680023599,NA
"5740004",1992,0.120082031653061,0.622075668786112,21.05605676651,28.3986816902161,252.67268119812,270.705304172516,10.2580789375305,123.852805698395,NA,NA,NA,0.707095634164387
"5740004",1993,0.667254127533301,0.362580436173878,0.194548627558622,73.1023099021912,83.4683686180115,98.477557800293,48.8068597869873,38.8727201843262,3.23939334869385,7.55858448028564,8.09848337173462,0.369570134333051
"5740004",1994,0.832549026913545,0.771761622652594,0.559902081982012,51.8302935791016,100.20523425293,84.6561461791992,102.256850040436,0.603909689353562,20.516157875061,0.585870396934925,0.579085475499516,5.93888780593872
"5740004",1995,0.0646208075948045,0.4894890109442,0.130752924244723,39.4126190757751,0.437112724007326,141.453509559631,123.096947250366,49.6706980133057,0.645627887256497,0.966458286460598,0.777711624257378,0.555073400712014
"5740004",1996,0.263880078165362,0.349023427784213,0.243350969563191,26.9949445724487,0.125547600354927,48.5909002304077,59.6048376159668,82.0646315002441,0.190783423716123,0.489747636424376,0.246591323577701,0.967841198159481
"5740004",1997,0.0106298147096688,0.223203079494461,0.665170806394486,22.135854549408,125.580482151031,361.192358379364,39.9525179672241,127.416138381958,53.9898891448975,88.435438419342,0.106079589333073,0.80554072175935
"5740004",1998,1.03503653051908,0.95942353437008,0.285321213797676,9.17828115463257,19.4363600921631,28.6146412467957,0.41548490261295,0.328418059485677,7.01868558883667,0.448544479839189,0.307896850688928,0.62390287753924
"5740004",1999,0.288034319029856,0.0357316520929186,16.4129263000488,2.91545401382446,30.4502974777222,51.2903946876526,17.2767645263672,108.519677181244,114.458564987183,5.39898891448975,0.339425150619786,0.82665005073073
"5740004",2000,1.00079774228286,26.9949445724487,0.174747215433534,3.88727201843262,16.1969667434692,445.416585445404,9.17828115463257,1.40373711776733,172.767645263672,7.55858448028564,0.0599209794873905,0.324756292510517
"5740004",2001,0.918180770400067,0.0282276510072053,0.894087344612031,22.135854549408,82.0646315002441,21.595955657959,255.372175655365,124.176745033264,21.595955657959,0.174980608650594,0.679103527941132,0.999759883032846
"5740004",2002,1.06996820726469,0.514865295542552,0.351525765946255,0.997426975106637,204.081780967712,214.339859905243,122.557048358917,137.674217319489,8.63838226318359,5.39898891448975,0.134231610677406,0.354169028974057
"5740004",2003,0.507302928868134,0.539936428723757,0.26773299292749,0.11341052957096,116.07826166153,112.298969421387,46.9712035560608,10.7979778289795,44.2717090988159,6.4787866973877,22.6757534408569,0.0186080758949535
"5740004",2004,0.664565349991011,0.300084020308991,32.3939334869385,52.3701924705505,36.7131246185303,51.8302935791016,99.8812949180603,102.580789375305,21.595955657959,9.71818004608154,53.9898891448975,0.440063346837826
"5740004",2005,0.708576665157429,1.05917146460305,15.0091891822815,4.3191911315918,117.697958335876,160.889869651794,59.1729185028076,161.969667434692,21.595955657959,14.0373711776733,27.5348434638977,1.02428064299015
"5740004",2006,0.216258308555988,0.565396885394397,0.534262059229465,14.0373711776733,49.1307991218567,116.618160552979,212.180264339447,64.787866973877,17.2767645263672,53.9898891448975,0.567870862495715,0.596409876255842
"5740004",2007,1.0029084326699,16.1969667434692,0.69664014564914,0.705316097777889,19.4363600921631,65.8676647567749,53.9898891448975,38.8727201843262,0.295596092879462,1.00818637508485,0.846008743147994,0.115982076384148
"5740004",2008,0.382788676210543,0.761250796279427,8.63838226318359,8.63838226318359,137.13431842804,95.0222048950195,83.6843281745911,148.472195148468,0.621400103935056,0.510673694033079,0.77073476259064,0.848596935315309
"5740004",2009,0.35398616162727,0.83827704328201,0.371585239638861,0.893993869363628,12.9575733947754,153.331285171509,28.0747423553467,114.998463878632,51.8302935791016,0.807643161372589,1.051568466048,0.314117716916132
"5740004",2010,0.387018234849518,0.947194991069874,0.623572003106634,0.261716131092489,56.1494847106934,122.988967472076,71.2666536712646,0.141529033938025,22.6757534408569,8.63838226318359,0.414817362266683,0.088219200028141
"5704004",1981,1.29611640821283,15.8819512939453,17.2054472351074,39.7048782348633,352.049920349121,49.6310977935791,56.9103254699707,30.4404066467285,10.5879675292969,NA,NA,1.21698434850025
"5704004",1982,0.793782832624025,1.03444315046641,13.2349594116211,0.05587166453108,183.965935821533,898.653744049072,458.591343612671,173.377968292236,225.65605796814,47.6458538818359,1.32349594116211,0.688970861739624
"5704004",1983,47.6458538818359,11.911463470459,1.30352477552438,66.1747970581055,83.3802442932129,181.98069190979,141.614065704346,138.30532585144,1.98524391174316,19.8524391174316,0.111828093536701,0.479624863322252
"5704004",1984,0.221193395979993,1.24262495416259,0.383516406069608,35.7343904113769,99.2621955871582,124.408618469238,361.976139907837,151.540285263062,93.9682118225098,24.3523253173828,18.5289431762695,0.529398376464844
"5704004",1985,4.63223579406738,0.0170592262137166,32.4256505584717,5.29398376464844,103.894431381226,31.1021546173096,101.909187469482,6.61747970581055,27.7934147644043,159.481260910034,1.28519813591122,0.92223275874945
"5704004",1986,0.120681606468888,2.64699188232422,0.596543182270071,109.850163116455,272.640163879395,396.122335189819,6.61747970581055,165.701691833496,1.0356776096445,27.5287155761719,74.1157727050781,1.08346033911488
"5704004",1987,1.0656862267488,0.799398672657846,0.978803378056608,11.2497154998779,95.2917077636719,150.87853729248,581.676466140747,451.97386390686,15.8819512939453,122.423374557495,0.711569784020392,1.17248982705503
"5704004",1988,0.00104238532858531,0.477899801571245,0.344315171604254,0.543811299571572,68.8217889404297,34.4108944702148,92.6447158813477,203.818374938965,50.2928457641602,1.32349594116211,5.29398376464844,6.61747970581055
"5704004",1989,0.864523882973872,1.1045392876105,0.470513989637242,55.5868295288086,77.2921629638672,43.6753660583496,219.70032623291,432.78317276001,148.893293380737,0.62077704863835,NA,NA
"5704004",1990,0.570858964079943,0.69778525898298,1.05481004656084,59.5573173522949,5.29398376464844,37.0578863525391,71.4687808227539,47.6458538818359,133.673090057373,8.60272361755371,0.786511418140769,0.47085446471915
"5704004",1991,0.558715162799168,0.308084888291233,0.286440495499578,68.8217889404297,273.301911849976,274.625407791138,356.682156143188,16.5436992645264,76.7627645874023,26.4699188232422,6.22043092346191,63.1307563934326
"5704004",1992,0.241737069337498,1.14949415156634,15.8819512939453,125.7321144104,195.215651321411,NA,82.0567483520508,11.911463470459,5.02928457641602,9.26447158813477,62.8660572052002,1.16365706312268
"5704004",1993,15.8819512939453,0.86370599908709,0.0180400766784083,271.978415908813,264.169789855957,193.230407409668,97.9386996459961,38.3813822937012,38.3813822937012,10.5879675292969,13.2349594116211,1.32349594116211
"5704004",1994,0.359095923811908,0.283574539512625,0.996106123522946,58.8955693817139,237.435171844482,117.923488357544,162.392951980591,0.867780111765587,33.0873985290527,31.7639025878906,79.4097564697266,19.8524391174316
"5704004",1995,0.0421546037877872,0.253860456269788,0.926987327934801,9.26447158813477,0.0946337100871417,205.803618850708,35.0726424407959,64.8513011169434,99.2621955871582,8.60272361755371,0.211399475783918,0.521894700264702
"5704004",1996,0.690467962444152,0.567764922553746,0.0921513998221951,7.2792276763916,1.25754466371697,48.969349822998,40.2342766113281,82.0567483520508,0.529398376464844,0.397048782348633,0.492808705831429,0.930128550370559
"5704004",1997,0.217820957813109,0.0556012200199212,48.969349822998,32.4256505584717,168.745732498169,793.435816726685,121.761626586914,240.214513320923,209.906456268311,114.614748504639,3.97048782348633,38.3813822937012
"5704004",1998,0.838077988148386,14.5584553527832,6.61747970581055,180.127797592163,37.4549351348877,57.5720734405518,0.888095099614997,0.864328062631651,60.880813293457,1.29073788467199,0.585168337986284,0.096444655514985
"5704004",1999,0.132828829143685,1.09028898921962,11.911463470459,47.6458538818359,63.5278051757813,106.409073669434,40.3666262054443,102.570935440063,352.976367507935,26.4699188232422,0.312201288142599,0.454583254297244
"5704004",2000,0.986673328492329,47.6458538818359,0.501164436902412,52.5427888641357,35.0726424407959,791.84762159729,57.5720734405518,1.32349594116211,140.290569763184,6.61747970581055,21.1759350585938,0.881423184054242
"5704004",2001,1.23945838789621,0.385899840420053,19.1906911468506,72.792276763916,124.408618469238,48.969349822998,530.060124435425,243.523253173828,27.7934147644043,30.4404066467285,1.24815270724413,0.602500602721326
"5704004",2002,0.17021699718191,0.563244438288008,19.8524391174316,55.5868295288086,326.903497467041,271.978415908813,127.187959945679,418.224717407227,99.9239435577393,12.57321144104,2.64699188232422,1.32349594116211
"5704004",2003,118.452886734009,0.404172693919576,1.31399380550951,0.612748276555909,114.482398910522,148.231545410156,152.466732421875,16.5436992645264,86.0272361755371,0.379532476074342,62.8660572052002,0.443574444014975
"5704004",2004,0.961029737468801,0.583270167502862,32.4256505584717,87.3507321166992,47.6458538818359,101.909187469482,124.673317657471,79.5421060638428,97.276951675415,29.9110082702637,147.569797439575,0.713349385929094
"5704004",2005,0.173866202181954,1.27599367417278,54.2633335876465,15.2202033233643,230.288293762207,448.665124053955,58.2338214111328,410.813140136719,93.9682118225098,48.969349822998,17.2054472351074,0.341652996100961
"5704004",2006,0.00326740170934936,0.0560410988779851,1.12423747851404,11.911463470459,35.7343904113769,138.967073822021,185.421781356812,117.129390792847,19.8524391174316,68.1600409698486,0.408484289184127,0.584489281714901
"5704004",2007,1.27725164923326,0.129950059338157,6.61747970581055,0.170397443900084,21.8376830291748,221.023822174072,123.746870498657,19.8524391174316,0.106765929842838,0.975079498350959,0.596682483204502,1.16656644366567
"5704004",2008,0.194340511189901,0.659321370212766,28.4551627349854,46.9841059112549,373.225855407715,236.905773468018,125.7321144104,254.64061907959,5.42633335876465,0.688897843650632,0.632870844194741,1.25643340769578
"5704004",2009,0.460609419407579,4.76458538818359,0.17008193054229,0.478400751218682,83.9096426696777,203.818374938965,51.6163417053223,142.275813674927,144.26105758667,60.7484636993408,0.486609482217195,0.30175352515814
"5704004",2010,0.705945834084031,1.06452493973489,1.31620680803017,1.98524391174316,43.1459676818848,178.671952056885,128.379106292725,15.8819512939453,8.99977239990234,17.2054472351074,52.9398376464844,3.17639025878906
"5716004",1981,NA,NA,NA,NA,NA,NA,NA,NA,NA,NA,NA,NA
"5716004",1982,NA,NA,NA,NA,NA,NA,NA,NA,NA,NA,NA,NA
"5716004",1983,NA,NA,NA,NA,NA,NA,NA,NA,NA,NA,NA,NA
"5716004",1984,NA,NA,NA,NA,NA,NA,NA,NA,NA,NA,NA,NA
"5716004",1985,NA,NA,NA,NA,NA,NA,NA,NA,NA,NA,NA,NA
"5716004",1986,NA,NA,NA,NA,NA,NA,NA,NA,NA,NA,NA,NA
"5716004",1987,NA,NA,NA,NA,NA,NA,NA,NA,NA,NA,NA,NA
"5716004",1988,NA,NA,NA,NA,NA,NA,NA,NA,NA,NA,NA,NA
"5716004",1989,0.922352834297575,0.0568391886144666,0.944240230153684,22.1042498874664,44.7476278209686,26.9564023017883,181.686151514053,181.147023468018,25.8781462097168,6.4695365524292,1.6173841381073,0.060323514224933
"5716004",1990,0.896513533244472,0.722792515457009,0.966342618103894,0.529932661538388,13.4782011508942,8.19474629974365,104.590840930939,62.5388533401489,49.5997802352905,9.16517678260803,0.0694142731930813,0.659968091578353
"5716004",1991,0.733299122820036,0.779566005013293,0.997794952395994,23.182505979538,159.581901626587,252.311925544739,159.581901626587,14.5564572429657,81.9474629974365,7.54779264450073,0.987622730483845,51.2171643733978
"5716004",1992,0.677419637385498,1.06691159125181,12.3999450588226,24.2607620716095,200.016505079269,277.65094370842,33.9650669002533,84.1039751815796,31.2694266700745,0.558739869644332,8.62604873657227,0.0398607485297798
"5716004",1993,0.048864796470233,0.20674127892187,0.154392617770917,88.4169995498657,105.66909702301,153.112365074158,68.4692618465424,46.3650119590759,9.7043048286438,3.2347682762146,8.62604873657227,0.722726739828253
"5716004",1994,0.321797931239848,0.289967092536748,1.06546167999806,44.2084997749329,173.060102777481,36.1215790843964,140.712420015335,0.450618180005553,7.54779264450073,0.325943323246095,0.511018159362323,0.75841961523147
"5716004",1995,0.481845022244022,1.07825609207153,0.710185706811204,32.8868108081818,0.692268376432611,122.921194496155,138.016779785156,83.5648471355438,12.3999450588226,2.15651218414307,0.819961423512755,0.554358118337222
"5716004",1996,0.441968696247024,0.914457442900883,0.785329458507465,45.8258839130402,9.7043048286438,66.3127496623993,49.0606521892548,89.4952556419373,3.2347682762146,2.15651218414307,0.265421068466377,0.90658430818486
"5716004",1997,0.228360382284396,0.194347759741877,0.515366164637005,10.7825609207153,174.677486915588,25.8781462097168,81.9474629974365,148.583689487457,99.4152116889954,52.6188972930908,1.72520974731445,0.723028752747055
"5716004",1998,0.132448272990268,0.809457517208082,0.289369762481964,23.5059828071594,10.566909702301,40.9737314987183,0.08607471844849,0.781770444955616,17.1442718639374,0.775834302726199,0.0971527250533727,0.94964369701409
"5716004",1999,1.03752832966841,0.769637341040099,0.905786829178843,0.193448868911249,0.671094880165744,0.878827873537145,16.8207950363159,133.056801761627,111.922982357025,2.15651218414307,2.15651218414307,0.90263633545167
"5716004",2000,0.398023898029086,20.4868657493591,0.96051078231781,14.9877596797943,0.0719963469013289,516.376842493057,0.150169068046587,0.220368557656663,165.835786960602,5.28345485115051,1.07223146087082,0.689877036256643
"5716004",2001,0.777570772195494,0.516592444627575,0.160213782380647,11.3216889667511,79.1439971580505,9.7043048286438,315.174255712509,0.724106679636876,0.120129764854372,1.00222161673773,0.892186478682844,0.159964583324376
"5716004",2002,0.478308256335003,0.090201531169995,1.07339203979479,1.03916736923396,173.383579605103,99.199560470581,156.347133350372,166.26708939743,13.8016779785156,0.278927955665374,1.01406408838109,0.778595771747706
"5716004",2003,0.0269189679778201,1.01283264577652,1.06510919928889,0.202053442396716,96.1804434127808,90.8969885616303,57.0397472705841,14.5564572429657,8.62604873657227,0.695926846372367,0.0266290499459326,1.03414499888674
"5716004",2004,0.181219812527469,0.8566521588444,0.429192853667307,65.3423191795349,38.3859168777466,71.4883789043427,125.401183507919,91.8674190444946,23.2903315887451,3.2347682762146,42.6989412460327,0.801047606455033
"5716004",2005,0.430251117987062,0.74600329509211,11.8608170127869,8.62604873657227,1.94086096572876,0.64695365524292,1.06755943855403,118.500344518662,23.7216340255737,11.968642621994,10.1356072654724,0.70875124323128
"5716004",2006,0.722454431270863,0.901554569740091,0.588746511093648,5.60693167877197,44.5319766025543,142.545455371857,87.6622202854156,73.6448910884857,21.5651218414307,56.0693167877197,2.04868657493591,0.300055046148015
"5716004",2007,0.472511038983778,12.2921194496155,3.2347682762146,0.901884919545182,15.8503645534515,94.5630592746735,70.302297203064,35.3667998199463,0.537292216080069,0.0399399112052557,0.818751457322163,0.882446395228039
"5716004",2008,0.498619206433189,0.0339623533335313,10.566909702301,0.717698695476036,165.835786960602,126.371613990784,94.3474080562592,184.166140525818,0.215651218414307,0.0997913005642216,0.630445138908927,0.428677722750567
"5716004",2009,1.03725436116141,0.343334867096761,0.891613218650533,1.07123028355368,12.8312474956512,128.959428611755,21.1338194046021,114.079494541168,88.63265076828,NA,0.143632391095605,0.725508678297932
"5716004",2010,1.06986755881834,0.6156818059261,0.246038777829303,0.569304153477871,NA,NA,NA,0.276954340854348,1.94086096572876,8.41039751815796,13.8016779785156,0.35800971186144
"5747001",1981,NA,NA,NA,NA,NA,NA,NA,NA,NA,NA,NA,NA
"5747001",1982,NA,NA,NA,NA,NA,NA,NA,NA,NA,NA,NA,NA
"5747001",1983,NA,NA,NA,NA,NA,NA,NA,NA,NA,NA,NA,NA
"5747001",1984,NA,NA,NA,NA,NA,NA,NA,NA,NA,NA,NA,NA
"5747001",1985,NA,NA,NA,NA,NA,NA,NA,NA,NA,NA,NA,NA
"5747001",1986,NA,NA,NA,NA,NA,NA,NA,NA,NA,NA,NA,NA
"5747001",1987,NA,NA,NA,NA,NA,NA,NA,NA,NA,NA,NA,NA
"5747001",1988,NA,NA,NA,NA,NA,NA,NA,NA,NA,NA,NA,NA
"5747001",1989,NA,NA,NA,NA,NA,NA,NA,NA,NA,NA,NA,NA
"5747001",1990,0.636016834353924,0.223311469974828,16.7952234506607,6.06795169830322,16.578510890007,8.45178986549377,84.6262549352646,51.2525205945969,63.2800677108765,23.2966002702713,0.535837183118322,0.69156129409073
"5747001",1991,0.336975425291994,0.0286998123545495,0.669989733101604,34.9990785455704,162.642776770592,245.4269749403,113.665738062859,19.8291992998123,67.722675204277,14.6280978441238,0.299323174369831,30.3397584915161
"5747001",1992,0.309962464131058,0.997869134173134,18.9623490571976,39.2249734783173,267.314943566322,330.595011277199,10.5105591917038,148.448104047775,27.8475640439987,0.333177585947254,3.2506884098053,0.8733212760198
"5747001",1993,1.01312157241456,0.146860075151888,0.881833438349934,53.0945773601532,116.808070192337,145.522484478951,85.1680363368988,46.4848442602158,2.27548188686371,2.16712560653687,5.74288285732269,0.888309996024756
"5747001",1994,0.118666432012377,0.814968224078125,0.856897092044337,43.4508684110641,119.733689761162,117.891632995605,103.046822590828,4.44260749340057,20.3709807014465,2.81726328849792,1.01813909497951,2.70890700817108
"5747001",1995,0.779778133440655,0.0766547022702147,0.737140310793158,59.5959541797638,1.06793841078271,232.424221301079,153.865918064117,95.8953080892563,18.9623490571976,14.9531666851044,0.125484896846755,0.0677946581286737
"5747001",1996,0.275985464968863,0.0343160347953862,0.807350797272431,20.9127621030808,13.5445350408554,73.6822706222534,83.4343358516693,121.359033966064,2.16712560653687,0.328286772321381,0.734993592044205,0.617599358731308
"5747001",1997,1.00430145414514,0.217064902337592,0.770053239648262,17.3370048522949,162.534420490265,506.023829126358,63.9302053928375,145.19741563797,127.860410785675,79.1000846385956,26.5472886800766,0.329576316230899
"5747001",1998,0.473698934419256,0.460339781911432,0.452323887303167,27.0890700817108,27.0890700817108,13.0027536392212,0.557684138168923,0.298113107306617,22.2130374670029,0.47133854176561,0.273462390835441,0.157181490829737
"5747001",1999,0.0812033723439641,0.585617891773781,11.9191908359528,2.16712560653687,43.4508684110641,74.8741897058487,46.5932005405426,104.02202911377,188.973352890015,4.33425121307373,0.118634578555401,0.70848650542753
"5747001",2000,0.0511555670714945,31.4233212947845,0.844143393629924,4.87603261470795,15.7116606473923,560.20196928978,19.5041304588318,6.5013768196106,167.410453104973,0.838994876028429,0.342598515731621,0.487849102121995
"5747001",2001,0.158789745152795,0.375469846054288,0.485497658579508,21.6712560653687,134.361787605286,22.7548188686371,309.465536613464,176.620736932755,21.1294746637344,0.382067283838004,0.761537173687182,0.439799760635117
"5747001",2002,0.791151469301738,0.879392006186629,0.607920335188486,0.83033461287172,255.179040169716,212.378309440613,162.534420490265,253.553695964813,15.7116606473923,19.5041304588318,0.85406882476245,0.952639255669507
"5747001",2003,0.177435846194643,0.428214791868138,0.773401916211445,0.510843098243458,128.943973588943,147.906322646141,86.1432428598404,21.6712560653687,43.3425121307373,5.41781401634216,17.3370048522949,0.885954781806373
"5747001",2004,0.473023350194421,0.387234988594184,19.5041304588318,62.8466425895691,39.0082609176636,97.5206522941589,160.367294883728,109.981624531746,26.5472886800766,0.29435147815658,54.1781401634216,0.0735857611167488
"5747001",2005,0.310499368416464,0.609823398290239,11.3774094343185,5.41781401634216,192.874178981781,214.54543504715,75.8493962287903,143.030290031433,21.8879686260223,10.8356280326843,31.9651026964188,1.06776324389015
"5747001",2006,1.04460519056994,0.11159715567297,0.552411700909278,16.2534420490265,70.4315822124481,159.28373208046,260.055072784424,104.02202911377,18.4205676555634,54.7199215650558,0.00415589436200983,0.636571811948567
"5747001",2007,0.41781314929585,21.6712560653687,0.464317352266059,0.902942523140019,15.1698792457581,81.2672102451324,82.8925544500351,53.6363587617874,0.861927024588365,0.869936876175102,0.616791802868403,0.880522581266343
"5747001",2008,0.216599384318714,0.869231177757284,21.6712560653687,6.5013768196106,220.505030465126,89.9357126712799,87.768587064743,223.755718874931,2.70890700817108,0.338869814527295,0.964826988902188,0.481507161310505
"5747001",2009,0.861692361193338,1.06242432304996,0.0443886499448936,0.0332228929959329,21.1294746637344,178.246081137657,28.7144142866135,141.40494582653,48.7603261470795,0.664617713013082,0.716458839974847,0.828637876078995
"5747001",2010,1.05520918644149,0.357667169726245,0.0387813375107893,0.667437425003232,44.4260749340057,189.081709170341,95.8953080892563,0.940984915649271,23.2966002702713,11.9191908359528,0.48133069514183,0.0684833607534306
"6056003",1981,0.103198896640539,3.00854321837425,3.50996708810329,18.0512593102455,266.256074826121,49.6409631031752,37.1053663599491,26.0740412259102,32.5925515323877,6.0170864367485,0.151184382946126,0.902201037832482
"6056003",1982,0.290941320883398,0.753408206713232,32.0911276626587,4.01139095783234,152.432856397629,443.258700840473,174.996930535436,150.928584788442,72.7064611107111,46.1309960150719,0.412418946305197,0.356212745106393
"6056003",1983,7.52135804593563,0.648970408692925,0.878869311681823,8.02278191566467,34.0968231415749,151.9314325279,134.381597087383,62.7782684900761,18.0512593102455,0.573246408283666,0.341363544480223,0.366430200390503
"6056003",1984,0.853388014417403,0.906902850659918,0.00799793109688011,4.51281482756138,177.504049884081,58.6665927582979,365.036577162743,120.843152604699,80.2278191566467,33.5953992718458,3.10882799232006,0.440407914374307
"6056003",1985,0.920937239815903,0.968150519076479,8.02278191566467,7.01993417620659,77.7206998080015,27.5783128350973,144.410074481964,0.654529234405617,22.5640741378069,7.01993417620659,2.50711934864521,0.778841511452212
"6056003",1986,0.632715789031313,0.549766142557076,1.50427160918713,115.828913907409,334.951144979,228.649284596443,31.0882799232006,98.2790784668922,3.00854321837425,3.00854321837425,51.6466585820913,0.654686053200618
"6056003",1987,0.501423869729042,0.501423869729042,7.52135804593563,0.501423869729042,96.2733829879761,27.9794519308805,279.69423453486,160.756492635131,44.7270091798306,36.6039424902201,0.638989475740063,0.0338697839078916
"6056003",1988,0.0243347615499259,0.479111925378206,13.0370206129551,2.30654980075359,2.10598025286198,91.4597138385773,99.5827805281878,139.195266236782,19.354961371541,0.203621505270714,11.3321794558764,1.00284773945808
"6056003",1989,0.720778411331703,0.570429715592132,0.951472162080747,0.084268315601015,21.5612263983488,35.0996708810329,124.65397401464,74.311017493844,8.3236362375021,9.12591442906857,0.200569547891617,1.30370206129551
"6056003",1990,0.845150671271432,0.946814141927845,34.8991013331413,8.92534488117695,3.6102518620491,4.11167573177814,77.0187063903809,39.4119161607027,54.2540627046824,40.815902995944,6.21765598464012,0.25658039865389
"6056003",1991,0.252696384381348,0.409634893695843,0.701993417620659,11.8336033256054,156.343962581515,179.610030136943,101.989615102887,14.3407226742506,52.4489367736578,22.4637893638611,0.625397371956025,26.0740412259102
"6056003",1992,0.160000295423454,0.116980442490212,11.3321794558764,30.5868560534716,286.814453485012,285.209897101879,20.8592329807282,159.151936251998,37.1053663599491,0.954949205733679,0.13852423254592,0.0647316568721558
"6056003",1993,0.249309416988111,0.342889384614619,0.277691131942043,76.3167129727602,136.387292566299,129.267073616147,80.7292430263758,23.4666371033192,0.902562965512276,7.01993417620659,8.52420578539371,5.01423869729042
"6056003",1994,0.50225935496356,0.602391980314952,0.793220607801856,52.1480824518204,55.0563408962488,82.3337994095087,77.8209845819473,14.140153126359,28.781730122447,21.460941624403,0.200569547891617,10.0284773945808
"6056003",1995,0.216718761218969,0.999726185970661,0.200505382145916,86.4454751412868,1.10313251340389,98.1787936929464,121.946285118103,64.7839639689922,17.8506897623539,10.0284773945808,0.300854321837425,0.201425324614608
"6056003",1996,0.855649627008763,0.273351876666965,4.01139095783234,15.0427160918713,16.0455638313293,88.6517401680946,110.413536114335,116.530907325029,3.00854321837425,0.145442439110755,1.00284773945808,17.5498354405165
"6056003",1997,0.0366188176014069,1.00253709572411,0.271517291802729,9.02562965512276,103.293317164183,386.296949239254,73.4084545283318,156.94567122519,128.364510650635,103.59417148602,18.0512593102455,0.768277062137296
"6056003",1998,0.0252755984344839,0.633488399553412,0.215882600954208,29.5840083140135,43.1224527966976,21.6615111722946,0.384224577344092,2.00569547891617,68.8956397007704,0.815630548985158,0.230874203774807,0.872986478924593
"6056003",1999,0.580105588812486,4.01139095783234,17.4495506665707,5.01423869729042,48.5378305897713,88.7520249420404,51.7469433560371,123.951980597019,156.544532129407,5.01423869729042,0.125465012952391,0.886436888934042
"6056003",2000,0.922240220968997,18.0512593102455,0.506349953707585,4.01139095783234,19.0541070497036,481.266630165935,18.5526831799746,6.61879508042335,168.277850681067,1.2034172873497,0.802278191566467,0.93276118442008
"6056003",2001,0.35112424245381,0.701993417620659,0.0339573956417452,27.2774585132599,119.338880995512,14.7418617700338,377.973313001752,187.031103408933,12.034172873497,10.0284773945808,0.929315258937491,0.162105353067676
"6056003",2002,0.196311362277637,12.034172873497,56.1594734096527,16.5469877010584,141.200961715698,137.690994627595,158.449942834377,258.032723362565,66.488805126071,12.034172873497,0.21301299485783,0.336645401804964
"6056003",2003,2.00569547891617,0.665874183994237,0.135292237246132,0.108627168328843,109.310403600931,171.085824351549,46.9332742066383,14.0398683524132,28.0797367048264,6.0170864367485,51.1452347123623,1.00284773945808
"6056003",2004,0.979747567827039,0.298152813028198,10.0284773945808,38.6096379691362,41.2170420917273,70.3999113099575,192.045342106223,101.789045554996,63.3799771337509,4.51281482756138,27.5783128350973,0.501423869729042
"6056003",2005,0.849308585077278,0.300854321837425,24.3692000688314,4.01139095783234,143.607796290398,209.59517754674,105.299012643099,211.600873025656,39.1110618388653,9.32648397696018,16.0455638313293,0.00165270122266737
"6056003",2006,0.684600392681448,0.467841500435909,0.0225545491925693,13.5384444826841,43.1224527966976,152.432856397629,209.294323224902,109.310403600931,36.102518620491,59.669440497756,0.162506943525805,0.252524924831837
"6056003",2007,0.876803461129661,31.0882799232006,0.972844069963375,0.501423869729042,28.0797367048264,74.2107327198982,68.6950701528788,32.0911276626587,NA,0.334632707024091,0.868085807931702,0.510075203482252
"6056003",2008,0.392446185584147,0.302679214892497,0.60170864367485,11.0313251340389,230.654980075359,96.2733829879761,161.458486052752,148.220895891905,10.0284773945808,0.513636089580486,0.583177233258305,0.1750730104477
"6056003",2009,0.528358569214596,0.734536268780079,0.514934162929822,0.888420464484006,19.8563852412701,131.373053869009,44.8272939537764,101.287621685267,52.1480824518204,0.216564790813426,12.034172873497,0.797253161883822
"6056003",2010,0.638895795505344,0.879820022780812,0.643885971165391,0.568406019289319,18.853537501812,197.561004673243,103.794741033912,2.00569547891617,24.5697696167231,17.0484115707874,3.00854321837425,0.0617565739731237
"6040001",1981,0.550311928301274,3.26972056388855,3.81467399120331,19.6183233833313,289.370269904137,53.9503893041611,40.3265536212921,20.7082302379608,38.1467399120331,11.4440219736099,0.244241191259159,1.04790511155533
"6040001",1982,0.556243620361759,0.532026739225754,34.8770193481445,4.35962741851807,165.665841903687,481.738829746246,190.188746132851,164.030981621742,79.01824696064,50.1357153129578,0.698840112321507,0.145670515304485
"6040001",1983,8.17430140972137,0.25860137788311,0.537959272512952,8.71925483703613,37.0568330574036,165.120888476372,146.047518520355,68.2281690998077,19.6183233833313,0.601192446811551,0.119778846181959,NA
"6040001",1984,0.240749514457628,0.903668608403548,1.03050443417764,4.90458084583282,192.913513269424,63.7595509958267,396.726095085144,86.1026415157318,67.57422498703,15.2586959648132,4.90458084583282,0.805168863213529
"6040001",1985,0.192362312498187,0.768655804956551,15.2586959648132,0.0385254141558733,53.4054358768463,20.7082302379608,99.181523771286,4.90458084583282,23.4329973745346,17.4385096740723,0.64677171139919,0.359296717690037
"6040001",1986,0.561545036946938,0.112600624631142,7.62934798240662,33.2421590662003,233.240066890717,158.581447348595,0.958297403746878,91.0072223615646,5.44953427314758,3.81467399120331,47.9559016036987,0.538427364045638
"6040001",1987,0.494916476234506,0.0481106142289466,0.726506532794254,0.780447073236321,104.195095302582,45.122143781662,493.291842405319,188.989848592758,45.9940692653656,48.5008550310135,0.651741732366819,0.0568022640482085
"6040001",1988,0.772664167519511,0.0968428069431768,18.5284165287018,0.976156534711381,3.3787112493515,43.3782928142548,41.4164604759216,88.8274086523056,13.0788822555542,0.964679076985038,11.9889754009247,10.3541151189804
"6040001",1989,1.02305411626031,0.993368410109148,0.860141155658425,NA,38.364721282959,35.7489448318481,151.279071422577,156.510624324799,NA,7.95632003879547,0.602865185909839,0.415783927235091
"6040001",1990,0.682483705618209,0.048693325756192,20.7082302379608,0.980916169166565,33.787112493515,10.8990685462952,88.8274086523056,55.0402961587906,43.0513207578659,24.5229042291641,0.90194219726459,0.443976219208202
"6040001",1991,0.458825107292439,0.370843067697115,0.418731091307555,28.3375782203674,103.868123246193,102.996197762489,128.50001816082,15.2586959648132,32.6972056388855,17.4385096740723,1.07581632164256,27.2476713657379
"6040001",1992,0.871182927732185,0.897969208602139,14.7137425374985,22.3430905199051,278.471201357841,317.92582949543,8.71925483703613,128.609008846283,27.7926247930527,0.866875595732876,0.0251201629745039,0.0327180236831824
"6040001",1993,0.102555197162894,0.339034517433301,0.670682450467457,52.3155290222168,120.979660863876,134.058543119431,107.900778608322,39.2366467666626,0.427410992120599,10.3541151189804,17.983463101387,0.654741827236142
"6040001",1994,0.686480216908175,0.628374392766204,0.261979589314983,58.8549701499939,113.895266308784,97.5466634893417,140.597984247208,10.8990685462952,33.787112493515,0.564261082671269,1.08200434068481,5.44953427314758
"6040001",1995,0.702001443072213,0.136870655815855,0.667497123312382,67.57422498703,0.0158064388156605,153.131913075447,124.249381427765,68.6641318416595,2.17981370925903,0.185056560723835,0.611585808693676,0.167864429411873
"6040001",1996,1.00705194035617,0.468797409193666,0.761354645544141,29.4274850749969,17.4385096740723,38.6916933393478,33.2421590662003,119.889754009247,0.972215671773892,0.846982446329992,0.20005622708678,2.17981370925903
"6040001",1997,0.822925979642224,0.182682367458436,0.746701898032687,17.4385096740723,121.524614291191,478.469109182358,90.4622689342499,127.519101991653,90.4622689342499,87.1925483703613,15.2586959648132,1.63486028194427
"6040001",1998,0.381003362072017,4.35962741851807,0.439411869228534,2.17981370925903,22.3430905199051,0.487810101535353,0.114108562721623,0.581643139375119,44.1412276124954,1.0632556590364,0.149464788840899,0.260373759841529
"6040001",1999,1.04779324134438,0.798248276288898,0.544953427314758,6.5394411277771,19.6183233833313,69.7540386962891,40.3265536212921,117.709940299988,208.172209234238,6.5394411277771,0.621092234673208,0.398860261692176
"6040001",2000,0.435655101461593,0.464502560085237,0.0755385950166337,7.62934798240662,11.9889754009247,512.801175103188,26.1577645111084,7.62934798240662,210.896976370811,0.62929359371004,0.422364313195043,0.130425368074694
"6040001",2001,1.05864871786242,0.666321378926332,1.01427816080605,7.62934798240662,147.682378802299,14.7137425374985,318.797754979134,176.564910449982,15.2586959648132,3.26972056388855,0.310915876825627,0.830466477317007
"6040001",2002,0.173541688329193,0.433283705687382,0.555125883315676,0.514864160474689,240.324461445808,174.385096740723,130.788822555542,186.919025568962,50.1357153129578,21.7981370925903,4.35962741851807,2.72476713657379
"6040001",2003,0.514624638487388,0.390514839725812,0.164982559504437,0.6852559054461,134.603496546745,138.963123965263,66.8112901887894,26.7027179384232,16.3486028194427,5.99448770046234,12.5339288282394,0.934554036820374
"6040001",2004,0.965461842629071,1.03097475375574,25.6128110837936,75.2035729694366,18.5284165287018,86.1026415157318,101.90629090786,85.0127346611023,38.1467399120331,7.62934798240662,76.2934798240662,0.866001131809323
"6040001",2005,0.674799831698506,0.287111356904151,5.44953427314758,14.8227332229614,124.249381427765,205.556432783127,63.7595509958267,163.486028194427,38.6916933393478,13.623835682869,41.9614139032364,0.354484580131358
"6040001",2006,0.922526669318285,0.102899126170302,0.847201505318884,22.8880439472198,54.4953427314758,126.974148564339,160.216307630539,98.6365703439713,25.8307924547195,69.2090852689743,0.035722355391482,0.441763250912347
"6040001",2007,NA,NA,NA,NA,NA,NA,NA,NA,NA,NA,NA,NA
"6040001",2008,0.918938042597161,0.514150066844488,0.744128771524828,7.08439455509186,197.273140687943,95.3668497800827,22.3430905199051,150.952099366188,9.80916169166565,0.23716404100442,1.07667370904448,0.83892841159395
"6040001",2009,0.764944220326502,0.995779543758466,0.302093867063651,0.976608227525309,35.5309634609222,142.777797956467,4.90458084583282,132.423682837486,45.7760878944397,14.3867704811096,0.398401717765484,0.871693871328281
"6040001",2010,0.198062398222915,0.89748230505777,0.553958282968515,0.254672220050716,41.9614139032364,164.575935049057,59.3999235773087,0.682811806113926,5.44953427314758,9.80916169166565,10.8990685462952,0.19346157859102
"6042004",1981,NA,NA,NA,NA,NA,NA,NA,NA,NA,NA,NA,NA
"6042004",1982,NA,NA,NA,NA,NA,NA,NA,NA,NA,NA,NA,NA
"6042004",1983,NA,NA,NA,NA,NA,NA,NA,NA,NA,NA,NA,NA
"6042004",1984,NA,NA,NA,NA,NA,NA,NA,NA,NA,NA,NA,NA
"6042004",1985,0.156212426556154,0.445331189077227,14.8413501977921,8.24519455432892,78.0545084476471,24.7355836629868,142.916705608368,0.695378679156757,16.820196890831,26.3846225738525,0.900060644598876,0.996562651165988
"6042004",1986,0.385210622280068,0.188310330676621,8.79487419128418,NA,223.719612240791,242.40871989727,4.17756524085998,96.5237442493439,2.96827003955841,5.16698858737946,53.5387966394424,0.613573633070601
"6042004",1987,NA,NA,NA,NA,NA,NA,NA,NA,NA,NA,NA,NA
"6042004",1988,0.138267596690697,0.584805129947637,NA,1.03283954452842,3.51794967651367,60.1349522829056,6.59615564346313,79.0439317941666,11.7631442308426,0.0398922607455072,9.8942334651947,0.654975258529952
"6042004",1989,0.856043268489332,1.07335134591136,0.442857467512041,2.19871854782104,30.2323800325394,33.8602656364441,164.574083304405,131.813176941872,19.2387872934341,6.92596342563629,2.63846225738525,0.546721432387783
"6042004",1990,0.971253467931819,0.879246712185806,27.0442381381989,7.25577120780945,14.1817346334457,1.07765902336717,47.3823847055435,58.4859133720398,43.9743709564209,28.5833411216736,4.94711673259735,0.756442629583817
"6042004",1991,0.955241542420289,0.471517186222809,0.527921321370812,50.0208469629288,122.688494968414,189.419602894783,131.153561377525,18.5791717290878,40.1266134977341,27.7038537025452,0.606240958895652,70.3589935302734
"6042004",1992,0.91334799562948,0.644267433025772,16.4903891086578,40.1266134977341,284.18437230587,389.393054819107,4.39743709564209,89.0481011867523,32.9807782173157,0.763032635480882,3.29807782173157,0.822515514779477
"6042004",1993,0.648684886756321,0.718851662715255,0.0042969712275237,58.7057852268219,129.614458394051,120.269904565811,109.166375899315,44.3041787385941,0.503707474084347,0.928574290241069,8.79487419128418,2.41859040260315
"6042004",1994,0.160879098101041,0.529465356223921,0.671124710454489,77.1750210285187,78.8240599393845,106.308041787148,95.4243849754333,2.41859040260315,5.71666822433472,10.7737208843231,0.417334616096915,10.44391310215
"6042004",1995,0.449224203998727,0.643472601736859,0.636638091356261,67.5006594181061,0.161441514111048,169.411264109611,134.011895489693,67.6105953454971,6.70609157085419,NA,1.06419068161103,0.551769874513285
"6042004",1996,0.803989179069564,0.342329316313109,0.989933918091898,27.264109992981,18.1394280195236,91.5766275167465,8.24519455432892,103.779515457153,1.53910298347473,2.5285263299942,0.326807467908618,2.85833411216736
"6042004",1997,1.02616905365731,0.665905093331142,1.53910298347473,17.1500046730042,120.15996863842,444.470954442024,79.3737395763397,143.796193027496,NA,93.7753460645676,24.8455195903778,0.601784543268609
"6042004",1998,0.0632067016675155,0.106726380606043,1.08561924602979,19.8984028577805,23.196480679512,10.553849029541,0.192577450553072,0.434267862887839,29.6827003955841,0.416118411651679,0.480438299721108,0.222724736038534
"6042004",1999,0.644602888104987,0.271726905110353,0.752046648461504,0.309112677759598,27.264109992981,78.1644443750381,43.8644350290298,166.882737779617,179.855177211761,14.8413501977921,0.794056399820191,0.57907143776299
"6042004",2000,0.28681620853076,32.2112267255783,0.17409216387441,0.98942334651947,14.9512861251831,499.548854064941,34.6298171281815,1.53910298347473,217.673136234283,9.8942334651947,1.05725925000619,0.838969938967666
"6042004",2001,0.942978056154168,0.631921908848813,0.72064594308028,40.1266134977341,179.74524128437,8.57500233650208,278.9074477911,201.512554907799,16.2705172538757,1.75897483825684,0.198196073372519,0.755701055810252
"6042004",2002,1.03088350123719,0.890777448031584,33.750329709053,0.879487419128418,270.002637672424,180.624728703499,137.200037384033,196.895245957375,35.729176402092,10.9935927391052,0.905774483918818,3.29807782173157
"6042004",2003,0.395378773454602,1.06679010837946,0.459639376555991,0.789845679167697,223.389804458618,119.610289001465,79.8134832859039,20.8878262042999,51.8897577285767,8.46506640911102,16.6003250360489,1.00095908790516
"6042004",2004,0.948749583991391,0.836198253959516,34.9596249103546,63.7628378868103,28.1435974121094,88.9381652593613,150.062540888786,94.9846412658691,50.1307828903198,9.12468197345734,48.9214876890182,0.785185598709389
"6042004",2005,0.90926632794028,0.605184720505642,8.68493826389313,3.62788560390472,177.216714954376,237.1317953825,73.3272635698319,192.937552571297,14.8413501977921,9.56442568302155,23.7461603164673,0.107833162007587
"6042004",2006,0.0861382723852987,0.724878099226154,0.0298331617220641,17.5897483825684,56.0673229694366,146.104847502708,244.277630662918,110.485607028008,21.8772495508194,72.9974557876587,0.683602933297504,0.540709272810327
"6042004",2007,NA,NA,NA,NA,NA,NA,NA,NA,NA,NA,NA,NA
"6042004",2008,0.602919548342797,0.529211712782903,22.5368651151657,5.60673229694366,206.349735713005,107.737208843231,109.935927391052,197.994605231285,0.248894542659867,0.501246776762207,0.460293102279911,0.85892642528125
"6042004",2009,1.06381182800217,0.314841111153031,0.242332652418416,0.804640755715312,39.2471260786057,144.455808591843,28.1435974121094,120.709648275375,53.5387966394424,12.0929520130157,7.1458352804184,0.183914713791831
"6042004",2010,0.717892627878365,0.717574496990291,0.998447566522432,0.975410195682878,10.2240412473679,167.21254556179,81.6823940515518,0.473955562158343,9.8942334651947,16.6003250360489,0.516429840756877,0.786067866968916
"6055003",1981,0.88649770091066,0.879067392527162,1.98011273980141,77.2243968522549,288.601431826055,48.0177339401841,62.8685794886947,73.2641713726521,32.1768320217729,6.93039458930492,0.945060873434339,0.365734813596465
"6055003",1982,0.891478402161409,0.176895237453868,38.6121984261274,2.97016910970211,199.001330350041,425.724239057302,275.730699017346,111.876369798779,120.786877127886,31.1867756518722,0.844220102299183,0.336132577445738
"6055003",1983,0.760253397910969,0.224366059432547,0.0566356552501813,9.90056369900703,65.3437204134464,166.824498328269,209.396922233999,136.132750861347,21.7812401378155,2.97016910970211,0.6209711938682,0.390731049766082
"6055003",1984,0.62280967016476,0.179036838816586,0.775158762569936,41.0873393508792,183.16042843163,49.9978466799855,423.744126317501,158.904047369063,96.5304960653186,60.3934385639429,0.366425821958949,0.564178142891177
"6055003",1985,0.527086127211917,0.582031176993494,12.3757046237588,5.44531003445387,121.776933497787,66.8288049682975,150.488568224907,0.43155218530109,34.1569447615743,22.2762683227658,4.95028184950352,0.0588866255958395
"6055003",1986,0.601881827199198,0.602950093478312,2.47514092475176,149.003483670056,388.102097001076,265.830135318339,34.6519729465246,129.202356272042,2.97016910970211,11.8806764388084,7.42542277425528,0.767130291458588
"6055003",1987,0.709608681611375,0.184419100537561,15.8409019184113,0.990056369900703,105.936031579375,33.1668883916736,588.588511905968,231.673190556765,40.0972829809785,69.3039458930492,0.606454036840814,0.642906154045792
"6055003",1988,0.280113421506336,0.471581563846886,15.3458737334609,4.95028184950352,4.45525366455317,84.1547914415598,83.1647350716591,160.884160108864,17.8210146582127,0.487726417290241,14.8508455485106,0.990056369900703
"6055003",1989,0.363852057123805,0.307649079626045,0.949081828400468,0.925776766842129,25.7414656174183,41.5823675358295,164.844385588467,115.341567093432,12.3757046237588,9.40553551405668,0.495028184950352,9.90056369900703
"6055003",1990,0.292897459559518,0.756549515579532,28.21660654217,10.8906200689077,31.1867756518722,6.43536640435457,98.0155806201696,48.5127621251345,59.4033821940422,31.1867756518722,7.42542277425528,0.495028184950352
"6055003",1991,0.631526354177588,0.961037154378169,0.990056369900703,38.6121984261274,236.128444221318,224.74279596746,110.391285243928,15.3458737334609,93.0652987706661,30.6917474669218,1.48508455485106,31.6818038368225
"6055003",1992,0.81282424677768,0.966378505137036,13.3657609936595,31.6818038368225,364.340744123459,382.656786966622,20.2961555829644,187.120653911233,45.5425930154324,0.344842751701923,1.48508455485106,0.672507615203536
"6055003",1993,0.195352173196975,0.340658074281586,0.0669572727381515,80.6895941469073,162.369244663715,149.003483670056,94.0553551405668,31.1867756518722,0.769243876894133,11.3856482538581,9.40553551405668,10.8906200689077
"6055003",1994,0.657483662556762,0.0234575171083172,0.911454090638572,71.779086817801,87.1249605512619,115.836595278382,88.610045106113,19.3060992130637,30.6917474669218,31.1867756518722,0.837334895672463,2.97016910970211
"6055003",1995,0.223089795824983,2.47514092475176,0.104841465405797,98.51060880512,0.740944335023313,129.202356272042,185.635569356382,77.7194250372052,21.2862119528651,12.3757046237588,0.247434217023519,0.119521360125335
"6055003",1996,0.976277121681157,0.217564320379926,17.3259864732623,22.7712965077162,19.8011273980141,115.341567093432,163.854329218566,168.30958288312,9.40553551405668,0.943973924338072,2.97016910970211,18.8110710281134
"6055003",1997,0.409141518663419,0.249683984308981,0.529080117537603,28.21660654217,119.301792573035,521.26467875272,85.6398759964109,170.784723807871,137.617835416198,151.478624594808,24.7514092475176,0.167275819623541
"6055003",1998,0.38333246007962,0.495028184950352,0.54706247657691,39.6022547960281,47.5227057552338,48.5127621251345,0.80266364779755,1.98011273980141,82.6697068867087,0.619987388223795,0.83152964361135,0.0449184137095281
"6055003",1999,1.48508455485106,1.48508455485106,10.8906200689077,13.3657609936595,60.8884667488933,111.876369798779,46.5326493853331,156.428906444311,183.952473527551,6.93039458930492,0.876601982176409,0.442419272448516
"6055003",2000,0.378427425990257,27.7215783572197,0.573946304511516,5.44531003445387,19.8011273980141,644.526696805358,11.3856482538581,9.90056369900703,192.070935760736,1.98011273980141,1.48508455485106,0.597467407235347
"6055003",2001,0.0686619387278667,0.79451676365963,0.495028184950352,36.632085686326,143.558173635602,25.2464374324679,424.239154502451,175.239977472424,10.8906200689077,0.495028184950352,1.48508455485106,0.598396201978387
"6055003",2002,0.327032350051183,16.830958288312,76.7293686673045,16.3359301033616,241.078726070821,161.379188293815,196.031161240339,323.74843295753,64.8486922284961,18.316042843163,3.46519729465246,0.495028184950352
"6055003",2003,0.990056369900703,0.416092029628936,0.530897435050436,0.702595824511981,151.478624594808,218.307429563105,105.441003394425,14.8508455485106,33.6619165766239,23.7613528776169,58.9083540090919,1.48508455485106
"6055003",2004,0.35520714386951,0.0621333890814648,18.316042843163,43.0674520906806,49.9978466799855,107.916144319177,287.116347271204,123.262018052638,94.0553551405668,7.92045095920563,14.3558173635602,1.48508455485106
"6055003",2005,0.576681915405007,0.122111788001157,18.8110710281134,5.94033821940422,247.514092475176,247.019064290226,145.043258190453,207.416809494197,52.4729876047373,15.8409019184113,18.8110710281134,0.541779684352365
"6055003",2006,0.818262765105576,0.0598226716637634,0.579582510594346,13.8607891786098,70.2940022629499,284.641206346452,329.193742991984,122.271961682737,17.3259864732623,72.2741150027513,0.495028184950352,0.122696812500258
"6055003",2007,0.167579166906604,34.6519729465246,0.470042787848265,1.48508455485106,13.8607891786098,102.470834284723,92.0752424007654,99.0056369900703,0.693117771210699,0.466786384206025,0.695983932691891,0.873551902550882
"6055003",2008,0.262327143759711,0.848169700743064,6.93039458930492,26.2364938023686,353.450124054551,149.498511855006,136.132750861347,171.081740718842,19.8011273980141,0.860807692728684,0.494320843184302,0.539608049821668
"6055003",2009,0.0716728706040532,0.292221493252982,0.0499706996928335,0.73545372158413,16.830958288312,130.687440826893,47.0276775702834,155.43885007441,54.4531003445387,16.830958288312,15.8409019184113,0.0713543498712296
"6055003",2010,0.302470237196448,0.427030510181086,0.561649734739338,0.409897267523881,56.4332130843401,213.852175898552,134.647666306496,20.2961555829644,20.2961555829644,10.5936031579375,3.96022547960281,0.719156664313681
"6010015",1981,0.47264610471235,4.59544241523743,4.81427300643921,10.6132836732864,246.403245693207,35.8882169570923,26.6973321266174,19.6947532081604,40.155413485527,5.58018007564545,1.31298354721069,0.209392272071947
"6010015",1982,0.292580913014648,0.549265384471671,17.068786113739,8.97205423927307,160.84048453331,451.447509649277,128.453557035446,67.5092373857498,99.3490884056091,17.6158625917435,0.650773439454623,0.547076478004456
"6010015",1983,2.84479768562317,0.218830591201782,0.393467076527848,15.8652178621292,50.6592818632126,127.140573488235,98.9114272232056,54.1605713224411,41.0307358503342,6.01784125804901,0.765907069206238,0.437661182403564
"6010015",1984,1.04032504695041,0.685716679542681,0.547076478004456,0.656491773605347,148.367140834808,79.5449199018478,315.991373695374,94.9724765815735,87.5322364807129,23.086627371788,22.3207203025818,0.869979490713786
"6010015",1985,0.765907069206238,0.37172300924335,25.7125944662094,2.5165517988205,60.1784125804901,17.3970320005417,85.2345152730942,0.547076478004456,22.3207203025818,35.122309887886,0.0123511807373955,0.0463760060422579
"6010015",1986,0.0444394480689943,0.52392351489352,9.95679189968109,36.216462843895,203.293619226456,138.300933639526,5.47076478004456,81.1861493358612,1.42239884281158,7.4402401008606,32.4963427934647,0.283210032993424
"6010015",1987,0.618390114909278,0.0521909938410466,4.37661182403564,12.6921742897034,45.4073476743698,63.351456152916,360.195153118134,187.537816659927,13.4580813589096,49.8933747940063,0.00745185206577365,0.146403514065972
"6010015",1988,0.429062403880163,0.847732157894766,28.2291462650299,1.09415295600891,10.5038683776855,26.6973321266174,54.8170630960464,55.5829701652527,17.8346931829453,0.6959842325089,17.5064472961426,1.2035682516098
"6010015",1989,0.378772115442232,1.09091576660264,0.2379445616808,30.7456980638504,55.6923854608536,24.7278568058014,101.099733135223,155.260304457664,27.134993309021,8.20614717006683,0.765907069206238,0.218830591201782
"6010015",1990,0.572249592246758,14.4428190193176,19.9135837993622,4.04836593723297,9.8473766040802,4.70485771083832,108.758803827286,73.3082480525971,60.8349043540955,25.6031791706085,0.656491773605347,0.328245886802673
"6010015",1991,NA,NA,0.0826714149801115,39.0612605295181,108.868219122887,130.532447651863,108.758803827286,28.6668074474335,45.9544241523743,24.6184415102005,0.893360432964867,35.9976322526932
"6010015",1992,0.893521730935556,0.747806447376404,6.01784125804901,31.2927745418549,204.606602773666,200.995898018837,22.5395508937836,86.0004223423004,25.4937638750076,0.547076478004456,6.1272565536499,1.07862419077904
"6010015",1993,0.607350868201828,1.08220477334322,0.361099843668624,NA,127.906480557442,98.0361048583984,68.3845597505569,23.6337038497925,11.9262672204971,36.5447087306976,19.5853379125595,4.48602711963654
"6010015",1994,0.47545611266232,0.583455332853561,0.889551659816098,61.4913961277008,95.8477989463806,80.2014116754532,137.316195979118,11.4886060380936,23.5242885541916,12.035682516098,0.557999883219718,10.9415295600891
"6010015",1995,0.826422289729199,7.11199421405792,0.376245353113903,68.6033903417587,3.39187416362762,137.863272457123,115.43313685894,32.8245886802673,27.3538239002228,13.1298354721069,1.09415295600891,0.879582734417627
"6010015",1996,0.547076478004456,0.339889945415143,0.351653751586432,49.7839594984055,8.75322364807129,72.2140950965881,33.9187416362762,101.756224908829,5.47076478004456,8.97205423927307,0.582391553329842,1.64122943401337
"6010015",1997,0.410043577488762,0.781431155094237,10.9415295600891,14.5522343149185,153.728490319252,341.047476387978,61.9290573101044,111.056525034904,93.0030012607574,77.9036904678345,9.8473766040802,4.37661182403564
"6010015",1998,0.896291049587506,0.109415295600891,1.00730900090397,37.3106157999039,34.0281569318771,27.3538239002228,0.689030490554603,0.218830591201782,15.5369719753265,0.269419725988769,0.633439984722696,0.236119941120158
"6010015",1999,0.294664586131741,1.09389333204297,4.9236883020401,4.9236883020401,28.4479768562317,52.5193418884277,52.1910960016251,136.769119501114,116.964950997353,25.3843485794067,0.550512322518867,0.677327641013007
"6010015",2000,0.409086008799883,24.071365032196,0.628181727331395,6.78374832725525,15.9746331577301,325.40108911705,43.219041762352,2.73538239002228,199.354668584824,10.9415295600891,10.3944530820847,0.706328589483439
"6010015",2001,0.0919573603174257,0.0762322009064028,0.656491773605347,25.4937638750076,114.22956860733,16.7405402269363,228.459137214661,130.20420176506,14.5522343149185,6.67433303165436,1.09415295600891,0.037821613884691
"6010015",2002,0.530110505556674,3.28245886802673,3.28245886802673,4.15778123283386,198.91700740242,196.5098708992,100.443241361618,176.049210621834,41.0307358503342,5.90842596244812,0.0359043605340206,1.64122943401337
"6010015",2003,9.08146953487396,0.775247086949892,0.892360888988173,0.0878915767069366,98.8020119276047,83.4838705434799,75.1683080778122,23.5242885541916,61.8196420145035,6.1272565536499,30.1986215858459,0.452902529830876
"6010015",2004,0.543808901739424,0.0527861200112631,25.165517988205,105.804590846062,35.7788016614914,68.9316362285614,125.28051346302,87.422821185112,39.6083370075226,23.8525344409943,50.8781124544144,0.350623401428633
"6010015",2005,1.09415295600891,0.547076478004456,13.1298354721069,10.6132836732864,121.122732230186,212.156258170128,35.0128945922852,148.257725539207,26.0408403530121,29.5421298122406,35.0128945922852,0.328245886802673
"6010015",2006,0.391956145512128,0.0176286036565137,0.106553209242074,39.3895064163208,34.6846487054825,114.886060380936,180.754068332672,68.0563138637543,33.6999110450745,108.211727349281,2.4071365032196,0.0230355029223997
"6010015",2007,0.669809053006022,31.9492663154602,11.1603601512909,0.218830591201782,21.3359826421738,55.4735548696518,74.2929857130051,60.1784125804901,1.64122943401337,1.75064472961426,9.30030012607575,0.883494833840525
"6010015",2008,0.197799985808868,0.542929954207286,21.3359826421738,5.14251889324188,110.728279148102,87.5322364807129,73.3082480525971,144.975266671181,21.7736438245773,1.01991924260464,0.657115591868924,0.217753354334912
"6010015",2009,0.211791032305283,0.908293493227217,1.01705586353056,0.196354184520874,38.2953534603119,142.45871487236,16.4122943401337,93.1124165563583,88.7358047323227,10.9415295600891,2.18830591201782,0.580540286184255
"6010015",2010,0.316016660645494,0.470912895913787,1.09415295600891,1.09415295600891,53.0664183664322,118.715595726967,55.25472427845,8.75322364807129,24.071365032196,15.3181413841248,18.6006002521515,0.547076478004456
"6044001",1981,0.984010385863479,1.06147295216557,2.770933842659,27.70933842659,297.044107933044,42.1181944084167,62.0689180755615,41.0098208713531,33.251206111908,9.97536183357239,0.750867158576289,0.137614559406542
"6044001",1982,0.651600687316712,0.813514484153917,46.5516885566711,12.1921089076996,178.448139467239,393.472605657578,230.541695709229,103.078738946915,110.283166937828,39.3472605657578,1.1083735370636,0.664718178722388
"6044001",1983,0.554186768531799,0.0782810943919892,0.161406585760837,12.1921089076996,51.5393694734573,171.243711476326,149.076240735054,98.0910580301285,31.5886458063126,0.828991121307028,0.680907730775841,0.627880292631525
"6044001",1984,0.704077488004618,0.416715187819627,0.758699050914142,16.0714162874222,202.278170514107,94.2117506504059,394.026792426109,130.788077373505,64.2856651496887,37.6847002601624,1.6625603055954,0.036523495027018
"6044001",1985,0.494957341746335,0.867438952735179,13.3004824447632,12.7462956762314,62.0689180755615,28.041850487709,146.305306892395,0.453606736372282,21.0590972042084,16.625603055954,0.314741367001738,1.070195438583
"6044001",1986,1.0573139486678,0.443482774364243,8.31280152797699,53.7561165475845,251.600792913437,192.856995449066,21.0590972042084,94.7659374189377,4.43349414825439,8.86698829650879,54.8644900846481,0.921617364401452
"6044001",1987,0.0136359029464343,0.144331930183087,1.1083735370636,12.7462956762314,120.2585287714,49.8768091678619,445.566161899567,240.517057542801,69.8275328350067,82.0196417427063,0.874216953683264,0.4453745958188
"6044001",1988,0.837472019163024,1.10813594616112,38.2388870286942,3.3251206111908,2.770933842659,68.1649725294113,83.6822020483017,117.487594928741,15.5172295188904,0.554186768531799,14.9630427503586,1.1083735370636
"6044001",1989,0.600614158970519,0.471514467585634,1.05524226636666,1.1083735370636,34.5812543563843,38.793073797226,135.775758290291,141.871812744141,1.6625603055954,13.3004824447632,0.554186768531799,0.246334368675232
"6044001",1990,0.64920192291358,0.845797900186712,32.6970193433762,12.7462956762314,34.9137664175034,5.54186768531799,79.2487079000473,52.0935562419891,33.251206111908,34.3595796489716,9.42117506504059,0.321620503224579
"6044001",1991,1.031447149446,1.03380908485797,0.526099693888816,45.4433150196075,91.9950035762787,195.073742523193,134.113197984695,30.480272269249,37.1305134916306,42.6723811769485,0.982073502165467,55.4186768531799
"6044001",1992,0.904363428103475,0.323281025618556,16.0714162874222,48.2142488622665,303.694349155426,325.307633128166,1.6625603055954,154.618108420372,43.7807547140121,0.682506763389345,0.516206067074842,0.57830755388357
"6044001",1993,0.930516344713275,0.283916205394042,0.140706144609289,58.1896106958389,172.906271781921,133.559011216164,103.632925715446,26.6009648895264,0.902357532853285,16.625603055954,0.709955498787494,0.709473320885812
"6044001",1994,0.696520726782934,0.934292658107861,0.171572997379239,56.5270503902435,82.0196417427063,100.861991872787,123.029462614059,6.65024122238159,31.5886458063126,17.1797898244858,0.128349119626234,3.3251206111908
"6044001",1995,0.889657128037067,0.532633232482288,0.622386644976364,53.2019297790527,0.656855222011903,148.189541905403,117.487594928741,64.8398519182205,16.625603055954,9.42117506504059,0.0712932247359422,0.353558479046632
"6044001",1996,1.07402913597058,0.515590818045927,1.06880343236801,38.793073797226,60.9605445384979,93.1033771133423,91.4408168077469,151.292987809181,0.0302111923148049,0.518555803059291,9.97536183357239,6.09605445384979
"6044001",1997,0.178561788837478,0.0341871145937776,0.100531309287811,20.5049104356766,128.017143530846,374.630255527496,90.3324432706833,185.098380689621,100.307805104256,124.137836151123,32.1428325748444,0.878754616077039
"6044001",1998,0.644704453108335,0.256213919683259,0.85031504706235,45.9975017881393,37.6847002601624,21.0590972042084,0.227654756124248,0.151040729386323,44.3349414825439,1.08595836344591,0.554863663211436,0.128155784777381
"6044001",1999,0.845571678005905,0.950524297450769,19.396536898613,2.2167470741272,49.3226223993301,117.487594928741,47.1058753252029,130.788077373505,175.123018856049,15.5172295188904,0.389652740701592,0.326346118298521
"6044001",2000,0.23067954808715,49.3226223993301,1.10784201564792,4.98768091678619,15.5172295188904,488.238543076515,44.8891282510757,9.97536183357239,147.96786719799,6.09605445384979,0.554186768531799,0.855355301198992
"6044001",2001,0.227181670825724,0.795146667840054,0.993919662153549,35.4679531860352,180.664886541367,17.1797898244858,250.492419376373,158.497415800095,12.1921089076996,3.3251206111908,0.807025033614851,0.956908047574877
"6044001",2002,0.138445430665229,7.75861475944519,9.97536183357239,10.5295486021042,241.071244311333,132.4506376791,121.921089076996,257.142660598755,40.4556341028213,8.86698829650879,2.2167470741272,0.554186768531799
"6044001",2003,11.083735370636,0.130447803867155,0.874684111525297,1.06830779414141,130.788077373505,155.172295188904,90.3324432706833,15.5172295188904,44.3349414825439,15.5172295188904,18.8423501300812,0.444991170235141
"6044001",2004,0.636279484026242,0.700703447074375,29.3718987321854,72.5984666776657,22.167470741272,91.4408168077469,134.667384753227,77.0319608259201,68.7191592979431,11.083735370636,34.9137664175034,1.1083735370636
"6044001",2005,0.568654977827065,0.857528848577965,11.083735370636,3.3251206111908,167.918590865135,234.975189857483,74.8152137517929,172.906271781921,23.2758442783356,12.7462956762314,19.9507236671448,1.07636471434301
"6044001",2006,0.787754480309759,0.898706281332608,0.19898758351578,21.6132839727402,12.7462956762314,110.283166937828,244.950551691055,128.017143530846,33.251206111908,78.1403343629837,0.901704165806901,0.495123445753236
"6044001",2007,0.934739205464456,34.9137664175034,3.3251206111908,0.554186768531799,30.480272269249,75.9235872888565,75.3694005203247,85.3447623538971,0.319409635759937,0.359131582850886,0.106278957318041,0.945616094317041
"6044001",2008,0.61450774588791,0.0891641419258022,14.4088559818268,14.9630427503586,201.723983745575,99.1994315671921,98.0910580301285,155.172295188904,7.20442799091339,0.586774592190686,1.00865033913961,0.418211340392241
"6044001",2009,0.809900905749537,0.678683028794461,0.92750404946684,0.157606540088783,26.6009648895264,140.763439207077,23.2758442783356,95.3201241874695,58.7437974643707,15.5172295188904,6.65024122238159,0.0704015612419474
"6044001",2010,0.65067114425576,0.453149781321829,0.271240330012901,0.694820420314669,58.1896106958389,183.990007152557,109.728980169296,0.262377475727747,13.3004824447632,22.167470741272,1.1083735370636,0.831975836809895
"6019005",1981,0.849526449266597,0.320285770168609,3.2318551826477,48.4778277397156,220.843437480927,64.6371036529541,58.1733932876587,63.5598185920715,32.318551826477,10.7728506088257,0.156723622733423,0.198562233472976
"6019005",1982,0.921793777114987,0.610534144801859,48.9087417640686,14.0047057914734,171.288324680328,385.668051795959,200.375021324158,113.11493139267,130.351492366791,26.9321265220642,0.185859464018089,1.04935737853459
"6019005",1983,1.07728506088257,1.61592759132385,0.175153859574793,8.61828048706055,59.2506783485413,156.206333827972,157.283618888855,79.7190945053101,18.3138460350037,0.967544271708726,0.844539281256591,0.083713140367874
"6019005",1984,0.0878920121066915,0.610692207928279,1.05274314270853,NA,189.602170715332,86.1828048706055,363.583708047867,152.974478645325,78.6418094444275,39.859547252655,0.882562622661266,0.430673365716424
"6019005",1985,0.728475532847973,0.399069408442154,15.081990852356,10.7728506088257,99.3256826133728,29.0866966438293,141.124342975616,0.62971557108761,30.1639817047119,19.3911310958862,0.575064274373011,0.0628835095666092
"6019005",1986,0.0696431169559386,0.42061696177148,7.54099542617798,94.801085357666,275.784975585938,189.602170715332,37.7049771308899,109.883076210022,11.8501356697083,2.15457012176514,58.1733932876587,0.278211380943481
"6019005",1987,0.9264307129463,0.995664889630101,2.15457012176514,11.8501356697083,120.655926818848,47.400542678833,462.155291118622,166.979184436798,60.3279634094238,36.6276920700073,0.938957480774268,0.296583852542485
"6019005",1988,0.788349918777565,0.351771869553214,28.0094115829468,3.2318551826477,4.30914024353027,84.0282347488403,80.7963795661926,90.4919451141357,19.3911310958862,0.584800449321016,10.7728506088257,2.15457012176514
"6019005",1989,0.241425220680774,0.996074470258397,0.243858803087942,1.07728506088257,33.3958368873596,30.1639817047119,128.196922245026,141.124342975616,22.6229862785339,15.081990852356,0.752209312519736,0.774738105689084
"6019005",1990,1.05670808206454,0.917871866532462,38.7822621917725,15.081990852356,39.859547252655,21.5457012176514,79.7190945053101,37.7049771308899,58.1733932876587,37.7049771308899,6.46371036529541,0.160624261351544
"6019005",1991,1.06992372387867,0.75355470106049,0.725264872849196,39.859547252655,113.11493139267,203.606876506805,126.04235212326,14.0047057914734,56.0188231658936,28.0094115829468,3.2318551826477,42.0141173744202
"6019005",1992,0.513891025176289,0.484890405140123,17.7752035045624,36.6276920700073,309.180812473297,355.504070091248,28.0094115829468,163.74732925415,34.4731219482422,0.780855800801335,0.750887451612379,1.07614333369275
"6019005",1993,0.478199665008165,0.37468599660226,0.570001190673036,56.0188231658936,208.993301811218,102.342080783844,88.3373749923706,24.7775564002991,0.7105954269108,15.081990852356,5.38642530441284,2.15457012176514
"6019005",1994,0.552192809391338,0.573882304573522,0.641583632652357,75.4099542617798,64.6371036529541,107.728506088257,61.4052484703064,11.8501356697083,36.6276920700073,28.0094115829468,0.840872568530788,10.7728506088257
"6019005",1995,0.305893465008147,0.271518748086267,0.815627620310698,64.3139181346893,0.350808602075063,143.171184591293,140.370243432999,76.2717823104858,13.7892487792969,11.8501356697083,0.124633591741797,0.437931742579999
"6019005",1996,0.898101963471296,0.048355542708992,2.15457012176514,33.9344794178009,20.4684161567688,77.3490673713684,78.7495379505157,125.826895111084,0.317623617483971,0.900541422456783,12.3887782001495,8.61828048706055
"6019005",1997,0.228767751219514,0.362728410587748,0.790605624641134,22.0843437480926,162.131401662827,383.728938686371,87.4755469436646,180.660704710007,113.330388404846,133.044705018997,19.3911310958862,0.234757271007614
"6019005",1998,0.5120155017491,0.3757637416019,0.622391252839987,31.2412667655945,54.941538105011,22.1920722541809,0.274259844169136,0.664777587065635,48.4778277397156,0.707396917626245,0.0550529954189084,1.07543577249355
"6019005",1999,0.910375933837544,3.2318551826477,13.4660632610321,7.54099542617798,39.3209047222137,109.883076210022,52.0328684406281,142.632542060852,163.962786266327,9.69556554794312,0.15418592965177,0.865782255060765
"6019005",2000,0.949062412328606,26.3934839916229,0.652883993775946,3.55504070091248,16.1592759132385,483.808720842361,31.887637802124,9.15692301750183,230.323546016693,6.67916737747192,0.918699211455485,0.0936254195302124
"6019005",2001,0.671874418098025,0.330548458842898,0.0541565715422368,43.630044965744,166.979184436798,11.311493139267,284.941898603439,168.379655015945,10.7728506088257,0.832146287667847,0.487311186193086,0.0282117576839729
"6019005",2002,0.653813167869488,2.15457012176514,37.7049771308899,18.3138460350037,337.40568106842,179.906605167389,159.761374528885,289.358767353058,30.1639817047119,6.46371036529541,3.2318551826477,0.125438179314918
"6019005",2003,6.46371036529541,0.733010061106376,0.936063911701179,0.393696676796774,129.274207305908,197.681808671951,91.5692301750183,19.3911310958862,42.5527599048615,3.77049771308899,22.6229862785339,0.264442457111008
"6019005",2004,0.594490320975499,0.927874030830877,30.7026242351532,61.9438910007477,21.0070586872101,95.3397278881073,157.822261419296,75.1944972496033,66.7916737747192,11.8501356697083,28.0094115829468,0.245519267426543
"6019005",2005,1.02545562313343,0.298222040864308,16.1592759132385,5.38642530441284,164.285971784592,219.766152420044,86.1828048706055,181.737989770889,24.7775564002991,7.54099542617798,27.4707690525055,0.782041149714875
"6019005",2006,0.560483631260927,0.620447011647112,0.980373474257494,19.3911310958862,28.5480541133881,176.674749984741,214.918369646072,114.730858983994,29.6253391742706,59.573863866806,0.519486288487886,0.692661924851485
"6019005",2007,0.60984425923858,37.7049771308899,6.46371036529541,2.15457012176514,21.5457012176514,59.2506783485413,128.196922245026,138.43113032341,1.07728506088257,0.953699639618538,0.501078788679596,0.858041496874279
"6019005",2008,1.05425313890092,0.712411599129312,10.7728506088257,19.3911310958862,178.829320106506,98.0329405403137,109.344433679581,108.698062643051,0.758997984002117,0.875847869298759,0.249557981179719,0.295796475074138
"6019005",2009,0.869062501181288,0.884444819286891,0.175834879729362,0.454858252348374,21.7611582298279,158.684089468002,17.0211039619446,105.573935966492,50.6323978614807,10.7728506088257,12.8196922245026,0.804525667761441
"6019005",2010,0.87159079083466,0.523180150759715,0.904270645280987,1.03041520014546,42.5527599048615,149.203980932236,79.1804519748688,4.30914024353027,14.0047057914734,19.9297736263275,3.2318551826477,1.0438851729652
"6012003",1981,0.143608641555044,0.446326057444116,1.12651052474976,29.8525289058685,325.561541652679,64.774355173111,79.4189919948578,37.7381025791168,16.3344026088715,11.8283605098724,0.86909551091702,0.964987638076695
"6012003",1982,1.01826255194835,0.671100675738849,40.2164257335663,8.44882893562317,226.428615474701,753.635541057587,345.2754758358,148.924691371918,150.727108211517,35.4850815296173,0.951971004656308,0.992519277090904
"6012003",1983,6.75906314849854,1.11852894858667,0.446345795003023,11.8283605098724,60.2683130741119,243.213622293472,174.045876073837,138.56079454422,15.2078920841217,1.12651052474976,0.0222756345096874,0.953130523817986
"6012003",1984,0.0505481532698772,0.915205916733822,0.949538220689365,7.32231841087341,246.705804920197,87.867820930481,436.52282834053,130.675220870972,80.5455025196075,55.199015712738,2.25302104949951,0.0583449498749467
"6012003",1985,0.948062793310131,0.490059585066657,19.1506789207459,3.37953157424927,89.8955398750305,14.5319857692719,118.959511413574,4.05543788909912,24.4452783870697,35.8230346870422,0.848755310714797,0.850421569643146
"6012003",1986,0.126277199980019,0.546961900153131,10.7018499851227,69.6183504295349,275.54447435379,247.269060182571,12.3916157722473,83.023825674057,3.60483367919922,9.57533946037293,56.1002241325378,0.529650160990666
"6012003",1987,0.913768038505052,1.01155810144296,0.0182779450232824,1.12651052474976,124.704715089798,64.774355173111,686.044909572601,300.778310108185,53.2839478206634,65.3376104354858,0.981504837414688,0.549276947530116
"6012003",1988,0.807886572053575,0.174173819731559,19.8265852355957,9.01208419799805,5.85785472869873,90.7967482948303,83.5870809364319,120.311324043274,23.09346575737,0.596040828849422,12.3916157722473,0.863211061928396
"6012003",1989,0.922647754120259,0.989826636510198,0.763893818615511,6.75906314849854,54.0725051879883,41.680889415741,213.924348649979,256.957050695419,24.2199762821198,7.32231841087341,0.715826133462958,0.94972990702911
"6012003",1990,0.977404859469198,0.588552050893898,39.2025662612915,9.01208419799805,37.1748473167419,15.5458452415466,102.512457752228,73.673788318634,47.3134420394897,20.8404447078705,12.9548710346222,3.94278683662415
"6012003",1991,0.811499669492084,0.877989188549659,0.744500006717917,47.8766973018646,168.976578712463,246.142549657822,158.387379779816,14.0813815593719,63.0845893859863,18.0241683959961,0.553427512347035,74.1243925285339
"6012003",1992,0.28929214900811,0.245791049423045,12.3916157722473,47.8766973018646,379.408744735718,421.540238361359,9.57533946037293,131.576429290771,43.0327020454407,1.68976578712463,1.08554513232325,0.616601320583436
"6012003",1993,0.621084948707184,0.408521881153454,0.822025349118622,76.6027156829834,182.269402904511,269.348666467667,112.425750370026,38.8646131038666,3.94278683662415,9.01208419799805,12.3916157722473,7.88557367324829
"6012003",1994,0.977046855894984,0.987893127120939,0.677643504981365,81.6720130443573,157.148218202591,104.202223539352,231.272610731125,0.173204324015303,32.6688052177429,2.81627631187439,1.01977892141195,9.57533946037293
"6012003",1995,0.0104577616718149,1.01179718420515,0.459343002198187,84.8262425136566,0.501899785539371,238.031673879623,167.850068187714,93.5003735542297,15.2078920841217,14.9825899791718,1.04000703073403,0.253115513748156
"6012003",1996,0.785687797621022,0.875525431995693,0.188786208246216,30.9790394306183,30.4157841682434,81.1087577819824,58.5785472869873,155.120499258041,2.59097420692444,4.84399525642395,1.68976578712463,1.68976578712463
"6012003",1997,0.880794304259742,0.493653353063541,0.199281250749742,46.18693151474,160.30244767189,580.603524456024,111.524541950226,162.55546872139,150.389155054092,0.261153977683346,14.6446368217468,3.37953157424927
"6012003",1998,0.650121804514733,2.25302104949951,0.359910040849713,26.6982994365692,21.7416531276703,36.6115920543671,2.81627631187439,0.639560954673299,42.6947488880157,0.915364519869729,0.0372323688330856,0.994041825229823
"6012003",1999,1.02305243747,0.534266861052191,1.11373303441738,6.19580788612366,31.5422946929932,106.229942483902,36.0483367919922,223.499688110352,231.8358659935,19.7139341831207,1.09745932556068,0.222942796991513
"6012003",2000,0.622675915767411,30.9790394306183,1.02621477933809,6.19580788612366,12.9548710346222,758.592187366486,52.3827394008636,11.8283605098724,90.1208419799805,11.2651052474976,3.37953157424927,0.0333767657978549
"6012003",2001,0.561692652908553,0.680731731334806,0.218174069308377,14.6446368217468,172.581412391663,31.2043415355682,455.448205156326,237.468418617249,12.3916157722473,7.32231841087341,0.243185909082555,0.465818913845438
"6012003",2002,0.21146855628171,3.60483367919922,18.0241683959961,5.0692973613739,271.714338569641,231.15995967865,144.643951377869,297.624080638885,52.1574372959137,20.6151426029205,7.20966735839844,0.550559305534628
"6012003",2003,6.75906314849854,0.150917790466084,0.314104257338834,0.763813065949319,184.74772605896,171.229599761963,113.101656684875,20.6151426029205,46.074280462265,8.67413104057312,40.5543788909912,0.144397101586083
"6012003",2004,0.164672026891325,0.821737354182195,25.1211847019196,64.436402015686,21.4036999702454,111.975146160126,129.323408241272,79.9822472572327,59.5924067592621,23.6567210197449,32.105549955368,0.455166201420199
"6012003",2005,0.949692199457799,0.699288795530503,7.09701630592346,3.94278683662415,196.914039726257,314.071134300232,87.1919146156311,267.546249628067,20.6151426029205,9.01208419799805,20.2771894454956,1.09914188032881
"6012003",2006,0.166603346977918,0.0834717394485209,0.286124585284653,23.6567210197449,83.3617788314819,168.300672397614,279.599912242889,123.803506669998,34.2459199523926,80.4328514671326,0.823885259959276,0.425680729772806
"6012003",2007,0.831518512481558,37.1748473167419,9.01208419799805,0.604974585382639,22.7555125999451,104.202223539352,106.905848798752,78.517783575058,0.67340288315864,0.563305625253918,1.11927157725684,0.646922275451098
"6012003",2008,0.692384477455138,0.489071805119167,21.9669552326202,25.9097420692444,340.882084789276,164.695838718414,171.454901866913,287.260183811188,13.630777349472,0.263094324086212,0.636900365987209,1.03465616650164
"6012003",2009,0.409490423721765,0.0902528866267605,0.815867946780881,0.644198824638509,62.2960320186615,234.990095462799,22.980814704895,175.622990808487,103.188364067078,17.6862152385712,12.0536626148224,0.910983391345434
"6012003",2010,0.305632128400095,0.74871297098853,0.165172750862387,0.406885075650628,64.774355173111,258.421514377594,89.7828888225555,0.0108429074058167,5.0692973613739,21.2910489177704,6.08315683364868,0.858197080414044
"6120001",1981,2.10006711959839,1.05003355979919,5.25016779899597,50.4016108703613,229.432332816124,33.6010739135742,33.0760571336746,80.3275673246384,39.9012752723694,4.20013423919678,0.941001067877747,1.04535102673529
"6120001",1982,0.0779271099516823,0.887412150897683,8.92528525829315,0.118609878407572,233.212453631401,320.785252518654,147.004698371887,64.5770639276505,135.979345993996,44.1014095115662,0.825818936321927,0.410401175711646
"6120001",1983,6.30020135879517,1.57505033969879,0.753578031692197,4.20013423919678,73.5023491859436,124.428976836205,159.605101089478,77.7024834251404,36.7511745929718,1.57505033969879,0.134715992021682,2.62508389949799
"6120001",1984,0.47349292916117,4.20013423919678,2.62508389949799,12.6004027175903,204.231527380943,135.979345993996,262.508389949799,143.32958091259,60.9019464683533,36.2261578130722,0.938016438562319,0.7504827908282
"6120001",1985,2.10006711959839,0.0154236760828582,7.0352248506546,11.5503691577911,77.5974800691605,40.9513088321686,135.664335926056,5.04016108703613,43.6813960876465,41.8963390359879,12.2853926496506,0.810897820640062
"6120001",1986,0.473543988318035,0.462548019405296,12.7054060735703,64.4720605716705,249.067960384369,171.365476959229,30.3459698781967,78.5425102729797,6.40520471477508,9.24029532623291,42.946372595787,0.315010067939758
"6120001",1987,0.955670593602968,0.717917330843188,34.5461041173935,24.6757886552811,133.039252026558,58.1718592128754,335.380718999863,130.62417483902,38.6412350006104,36.9611813049316,11.6553725137711,0.502556111836165
"6120001",1988,2.10006711959839,2.52008054351807,20.0556409921646,3.2551040353775,21.9457013998032,114.978674798012,103.428305640221,146.479681591988,15.7505033969879,1.47004698371887,11.1303557338715,0.784964431919432
"6120001",1989,0.706982805130391,0.578196675745084,0.208934526580614,0.557559941842679,40.0062786283493,52.5016779899597,133.564268806458,84.5277015638351,20.6856611280441,18.6905973644257,0.21447601441753,9.87031546211243
"6120001",1990,0.192260959997395,0.320806440150073,54.9167551774979,18.3755872964859,16.5905302448273,11.9703825817108,79.0675270528793,20.790664484024,61.7419733161926,27.6158826227188,5.46017451095581,9.97531881809235
"6120001",1991,4.3051375951767,0.797799664866466,0.738866395511169,34.8611141853333,127.264067447662,113.298621102333,137.554396333694,15.5404966850281,32.551040353775,22.4707181797028,8.40026847839355,27.0908658428192
"6120001",1992,0.35983983217958,0.630020135879517,5.77518457889557,42.5263591718674,270.803655072212,256.733205370903,14.8054731931686,79.487540476799,46.8314967670441,3.15010067939758,2.10006711959839,0.696748801133676
"6120001",1993,0.21028450181015,0.364198379872325,0.813999564671781,106.788413031578,116.86873520565,85.3677284116745,51.3466410741806,23.6257550954819,9.03028861427307,30.3459698781967,8.92528525829315,5.35517115497589
"6120001",1994,1.04213569412217,0.835470010299313,0.945755796127056,36.7511745929718,23.6257550954819,81.1675941724777,74.8673928136826,23.1007383155823,22.5757215356827,19.9506376361847,0.672340705709996,8.0852584104538
"6120001",1995,0.722659518002471,9.45030203819275,0.229137740742124,84.2126914958954,3.15010067939758,116.028708357811,144.379614472389,69.092208234787,12.6004027175903,30.9759900140762,0.530214163618051,0.862638489190694
"6120001",1996,0.616722146905345,0.251257097382015,1.57505033969879,32.0260235738754,26.7758557748795,97.6531210613251,205.281560940742,124.008963412285,0.716319928173311,7.66524498653412,10.5003355979919,32.551040353775
"6120001",1997,0.535466391288089,0.123034951550284,0.564126122571628,17.8505705165863,79.2775337648392,270.383641648293,79.0675270528793,64.5770639276505,84.737708275795,118.653792257309,21.0006711959839,2.62508389949799
"6120001",1998,0.734486412301898,0.843743765427207,0.707168200418495,14.1754530572891,71.9272988462448,47.7765269708633,0.586768613826036,2.10006711959839,36.436164525032,0.557151364194803,0.661312561030307,0.553833626981884
"6120001",1999,3.46511074733734,8.61027519035339,9.03028861427307,8.40026847839355,64.0520471477509,92.9279700422287,51.4516444301605,89.7778693628311,114.453658018112,1.05003355979919,4.51514430713654,0.425711682251804
"6120001",2000,0.738103534087024,26.7758557748795,0.467592912397445,1.05003355979919,13.7554396333694,473.565135469437,8.92528525829315,11.0253523778915,113.613631170273,1.05003355979919,1.57505033969879,0.874403119081891
"6120001",2001,6.30020135879517,0.224558856192205,0.542054104347641,44.1014095115662,112.563597610474,19.4256208562851,339.16083981514,137.029379553795,46.7264934110641,1.57505033969879,1.57505033969879,1.05003355979919
"6120001",2002,0.756708962722992,24.6757886552811,69.3022149467468,43.051375951767,204.231527380943,86.4177619714737,122.328909716606,255.158155031204,69.8272317266464,19.4256208562851,3.67511745929718,3.15010067939758
"6120001",2003,6.82521813869476,0.4362715480036,0.683760678957954,2.62508389949799,32.1310269298553,108.888480151176,94.3980170259476,34.6511074733734,37.801208152771,16.2755201768875,59.8519129085541,2.10006711959839
"6120001",2004,0.239105311179628,0.738411997423645,9.97531881809235,27.8258893346786,41.4763256120682,65.6270974874496,153.304899730682,77.7024834251404,39.9012752723694,9.97531881809235,30.9759900140762,4.20013423919678
"6120001",2005,0.746468526457751,0.805390836019595,27.3008725547791,3.15010067939758,188.271017271996,162.545195056915,82.4276344442368,170.630453467369,27.8258893346786,8.0852584104538,28.1408994026184,0.0117367625951047
"6120001",2006,0.261736392797402,0.0202516725402464,0.777074085713446,11.5503691577911,25.9358289270401,113.403624458313,170.630453467369,98.9131613330841,21.0006711959839,59.3268961286545,0.901597628980163,0.085901191287541
"6120001",2007,2.10006711959839,17.8505705165863,0.49633985360495,2.62508389949799,7.5602416305542,39.06124842453,80.3275673246384,39.9012752723694,4.20013423919678,0.564263802944644,0.543895212983457,0.0652675852621233
"6120001",2008,0.762542702428421,0.533771359690529,3.67511745929718,10.5003355979919,168.530386347771,82.9526512241363,105.528372759819,109.203490219116,26.2508389949799,1.05003355979919,0.0646289800592451,0.419627992317023
"6120001",2009,0.0457587304540761,0.788609974992308,0.837213633761682,0.773040854585405,29.0859296064377,94.5030203819275,44.6264262914658,98.4931479091644,49.8765940904617,13.6504362773895,4.83015437507629,0.43659037069082
"6120001",2010,0.779427487987602,0.285641701920579,0.475380040618708,0.195309927155842,38.3262249326706,139.654463453293,130.729178195,31.5010067939758,23.6257550954819,24.1507718753815,14.7004698371887,0.167142651426366
"6015003",1981,0.021408788159451,3.39084397315979,2.03450638389587,26.561611123085,249.340060159683,64.765119887352,46.3415342998505,29.9524550962448,32.213017745018,18.0845011901855,2.26056264877319,0.058611337265502
"6015003",1982,0.239352176341936,0.380632391509844,27.4658361825943,7.34682860851288,153.4922038517,609.786774506569,201.755216403007,88.1619433021545,108.507007141113,18.0845011901855,0.523114667256048,0.158521086181465
"6015003",1983,2.82570331096649,1.1226760350307,1.05229681481056,17.5193605279922,49.167237610817,171.802761306763,132.129886820793,88.0489151697159,98.3344752216339,2.26056264877319,0.565140662193298,2.26056264877319
"6015003",1984,0.561891025745953,0.0547928686601024,1.1302813243866,6.10351915168762,151.570725600243,70.9816671714783,308.001660895348,109.6372884655,85.9013806533814,54.479559835434,7.5728848733902,0.0110995629137158
"6015003",1985,2.59964704608917,0.595864963639523,30.1785113611221,11.4158413763046,92.7960967321396,28.5961175069809,148.858050421715,5.42535035705566,23.9619640769958,53.801391040802,0.646908490857946,0.606227596729269
"6015003",1986,0.133781221487715,0.0677681270557732,11.6418976411819,47.9239281539917,239.619640769958,202.320357065201,14.1285165548325,118.227426530838,5.53837848949432,9.38133499240875,63.8608948278427,0.815879386404616
"6015003",1987,0.178106951424767,0.961352530363495,1.80845011901855,28.3700612421036,92.6830685997009,66.1214574766159,367.906571087837,192.373881410599,37.864424366951,49.8454064054489,0.452112529754639,0.327950740226258
"6015003",1988,0.0755176314066176,0.339084397315979,27.8049205799103,8.59013806533813,7.45985674095154,81.2672272233963,60.5830789871216,91.326731010437,25.4313297986984,0.339084397315979,12.3200664358139,1.80845011901855
"6015003",1989,0.795719706253655,0.726325622526191,0.870313717624726,11.7549257736206,58.3225163383484,29.5003425664902,129.530239774704,230.577390174866,38.9947056913376,9.94647565460205,1.09314387629627,7.0077442111969
"6015003",1990,0.72072486065124,0.72196009280474,23.5098515472412,6.32957541656494,24.1880203418732,15.597882276535,118.679539060593,70.5295546417236,59.113713265419,33.6823834667206,7.0077442111969,0.992201625555165
"6015003",1991,0.739434627247785,0.656703965513494,0.925426823607085,47.6978718891144,115.288695087433,186.835502921104,164.908045228004,21.588373295784,55.6098411598206,31.6478770828247,0.552478777009926,69.8513858470917
"6015003",1992,0.965793275024447,1.01725319194794,6.21654728412628,74.5985674095154,256.008719973564,315.461517636299,26.222526725769,89.9703934211731,33.3432990694046,2.26056264877319,9.04225059509277,0.109543243418921
"6015003",1993,0.524347814623322,0.543177750118922,0.23575291687628,51.3147721271515,209.10204501152,195.877753516197,112.12390737915,32.6651302747726,12.9982352304459,31.4218208179474,25.0922454013824,16.5021073360443
"6015003",1994,0.543988634326217,1.05076160607787,0.226056264877319,98.1084189567566,97.9953908243179,126.139395801544,200.964019475937,12.4330945682526,27.9179487123489,6.78168794631958,0.627028377855368,9.72041938972473
"6015003",1995,1.1297772921845,12.4330945682526,0.997613356373616,90.4225059509277,1.80845011901855,177.341139796257,140.946081151009,56.1749818220139,56.1749818220139,24.3010484743118,0.678168794631958,NA
"6015003",1996,NA,NA,NA,NA,NA,NA,NA,NA,NA,NA,NA,NA
"6015003",1997,0.339963755303097,0.986563537532918,7.91196927070618,28.8221737718582,121.618270503998,419.786483877182,28.2570331096649,125.122142609596,101.273206665039,107.376725816727,21.4753451633453,4.74718156242371
"6015003",1998,0.0857457836793577,0.736004528894287,0.218979610622071,44.6461123132706,23.9619640769958,27.6918924474716,0.849275004546979,1.00260805547179,32.7781584072113,0.0508339883077379,0.812393965951237,0.28124558945453
"6015003",1999,NA,NA,NA,NA,NA,NA,NA,NA,NA,NA,NA,NA
"6015003",2000,0.149964506397754,40.4640714130402,0.438504351788148,4.52112529754639,13.4503477602005,427.359368750572,70.416526509285,3.39084397315979,195.086556589127,6.89471607875824,1.1302813243866,0.350074862171821
"6015003",2001,1.05451191227925,0.434654124272585,0.599418380703528,16.7281636009216,166.15135468483,23.9619640769958,306.645323306084,170.672479982376,12.4330945682526,0.452112529754639,0.557448533412027,0.242833083267352
"6015003",2002,0.970725420009335,0.11302813243866,8.47710993289948,7.34682860851288,185.931277861595,182.540433888435,118.114398398399,245.271047391891,36.7341430425644,3.39084397315979,1.69542198657989,1.12061156691942
"6015003",2003,22.0404858255386,0.626998671362241,0.171882877417093,0.3644110659619,74.0334267473221,154.848541440964,101.725319194794,19.8929513092041,65.5563168144226,14.1285165548325,41.2552683401108,0.00482653537806588
"6015003",2004,0.499368009246133,0.846400964627912,27.578864315033,81.380255355835,51.4278002595901,98.3344752216339,125.68728327179,79.4587771043777,39.5598463535309,24.1880203418732,53.12322224617,0.103884712807191
"6015003",2005,0.525472609950395,0.326283263360558,8.7031661977768,4.52112529754639,162.873538844109,308.566801557541,66.7996262712479,182.088321358681,15.4848541440964,19.7799231767654,30.5175957584381,0.904225059509277
"6015003",2006,0.157879569933332,0.725640672091344,0.471334940230946,19.7799231767654,53.3492785110474,128.060874053001,203.450638389587,134.842561999321,44.6461123132706,74.0334267473221,1.1302813243866,0.109132791328182
"6015003",2007,0.0234012624601601,19.2147825145721,6.21654728412628,0.86447064448387,24.9792172689438,72.2249766283035,83.9799024019241,57.3052631464005,2.82570331096649,0.791196927070618,3.39084397315979,0.0276484451678159
"6015003",2008,0.0386521860749679,1.01111945997492,19.2147825145721,18.6496418523788,202.885497727394,111.33271045208,102.290459856987,201.755216403007,14.3545728197098,0.791196927070618,0.521903149348475,0.914032495553416
"6015003",2009,0.276578746806452,0.961781797110422,0.532026157551735,0.146463696895647,82.5105366802216,163.438679506302,22.1535139579773,127.156648993492,86.4665213155747,49.167237610817,3.39084397315979,0.463511492023341
"6015003",2010,0.604817309113467,0.573287312530228,0.838424762012562,0.977144070204853,54.2535035705566,161.06508872509,70.6425827741623,0.565140662193298,32.213017745018,26.561611123085,9.04225059509277,NA
"6013005",1981,0.329206278288987,0.333167080879211,0.333167080879211,19.4347463846207,302.62676513195,58.859517621994,52.1961760044098,39.9800497055054,43.6448875951767,18.8794679164886,1.99900248527527,0.759327343374856
"6013005",1982,0.913037286734463,0.678692825219483,18.3241894483566,6.66334161758423,183.241894483566,689.655857419968,242.656690573692,110.722526545525,104.39235200882,54.6394012641907,0.611301193795885,0.405907749662943
"6013005",1983,1.0735293619294,0.222111387252808,0.864732956417653,16.6583540439606,53.3067329406738,193.125851216316,157.699084949493,114.942642903328,71.9640894699097,1.11055693626404,0.80728718483975,0.487446558423891
"6013005",1984,0.714018465976409,0.234843278877856,2.7763923406601,8.88445549011231,175.467995929718,68.2992515802383,362.930006771088,115.275809984207,93.6199497270584,30.540315747261,14.4372401714325,0.0458793142055608
"6013005",1985,0.172310826650162,0.944497194418492,29.985037279129,9.99501242637634,111.610972094536,27.4307563257217,151.257854719162,2.7763923406601,34.2051536369324,78.4053197002411,0.701465820071154,0.031904145735363
"6013005",1986,NA,NA,NA,52.9735658597946,265.645219154358,245.2109715271,19.4347463846207,150.147297782898,10.5502908945084,12.7714047670364,67.4108060312271,0.49691254722988
"6013005",1987,0.927390472012852,0.684544280242938,0.666334161758423,19.4347463846207,99.7280128765106,81.2927677345276,527.736656112671,234.882792019844,56.6384037494659,41.3127180290222,0.888445549011231,1.03168650663118
"6013005",1988,0.757913466154244,0.444222774505615,28.319201874733,11.6608478307724,6.77439731121063,100.394347038269,74.1852033424377,115.386865677834,36.0931004285812,1.99900248527527,23.9880298233032,10.8834579753876
"6013005",1989,NA,NA,0.579396605127224,22.2111387252808,65.0786364650726,42.2011635780334,146.815626974106,277.30606698513,35.4267662668228,14.4372401714325,1.07815236459134,0.828432927563858
"6013005",1990,0.325696894492684,0.26912652666728,25.5428095340729,24.210141210556,32.7614296197891,12.7714047670364,114.27630874157,88.1782207393646,62.6354112052917,30.6513714408875,9.99501242637634,0.111055693626404
"6013005",1991,0.983340542135733,0.381321814857208,1.09846632202071,66.9665832567215,131.712052640915,193.236906909943,191.46001581192,32.6503739261627,57.6379049921036,24.8764753723145,0.547261824049134,81.2927677345276
"6013005",1992,0.738290155767515,0.411344224538512,8.32917702198029,81.8480462026596,289.411137590408,316.508726835251,25.0985867595673,102.171238136292,38.4252699947357,0.111055693626404,16.6583540439606,1.07753416364662
"6013005",1993,0.0115701758917615,0.9729588990157,0.330208249003347,64.9675807714462,235.32701479435,216.558602571487,113.165751805305,32.2061511516571,19.3236906909943,25.5428095340729,29.7629258918762,22.7664171934128
"6013005",1994,0.0330240388429664,0.303274084827179,0.772915496225037,60.1921859455109,97.7290103912353,146.149292812347,198.345468816757,16.4362426567078,33.0945967006683,6.44123023033142,0.590402847289781,10.5502908945084
"6013005",1995,1.00942406312551,11.4387364435196,0.31803697332248,99.6169571828842,0.497399154579157,192.903739829063,160.58653298378,55.7499582004547,47.7539482593536,18.8794679164886,1.02185862270307,0.610373030300803
"6013005",1996,1.0082099914869,0.786728725643833,1.00706716798358,62.1911884307861,9.99501242637634,72.7414793252945,24.9875310659409,92.7315041780472,0.923567104100749,31.0955942153931,0.568102432014834,0.57493043291588
"6013005",1997,0.461457291209482,0.589812244476853,8.32917702198029,32.7614296197891,159.920198822021,397.024104714394,93.8420611143112,128.047214751244,117.163756775856,128.824604606628,26.6533664703369,1.66583540439606
"6013005",1998,0.648602434197566,0.909740182535449,0.772903494878791,49.7529507446289,30.7624271345139,40.5353281736374,0.931292144998714,0.625359010051313,37.7589358329773,0.719943914390756,0.958539284085389,1.07834139497403
"6013005",1999,0.891831678717832,0.211344358238384,5.55278468132019,9.99501242637634,23.8769741296768,75.5178716659546,61.0806314945221,164.91770503521,211.561096358299,26.6533664703369,0.0946338123981881,1.11055693626404
"6013005",2000,0.396549090343928,71.0756439208984,0.579569618803949,18.8794679164886,17.2136325120926,423.677471184731,72.1862008571625,2.22111387252808,192.126349973679,5.55278468132019,7.77389855384827,0.0644353218628174
"6013005",2001,0.432003879642432,0.320607753016153,0.050927647898562,36.0931004285812,174.357438993454,31.0955942153931,294.852866578102,174.912717461586,16.1030755758286,0.576708743656858,1.08295381326256,0.187979597259768
"6013005",2002,0.628618872687496,0.727922497755706,8.88445549011231,29.985037279129,166.583540439606,157.699084949493,116.608478307724,273.752284789085,46.6433913230896,13.3266832351685,0.85791595955186,3.33167080879211
"6013005",2003,26.6533664703369,0.386950771530333,0.267509328582593,0.542967274398843,86.623441028595,141.596009373665,103.281795072556,21.1005817890167,84.4023271560669,18.8794679164886,45.5328343868256,0.411814396037122
"6013005",2004,0.341246291604741,0.474089519274056,41.0906066417694,67.7439731121063,42.2011635780334,104.39235200882,144.372401714325,66.6334161758423,61.0806314945221,38.8694927692413,56.6384037494659,1.03621966597501
"6013005",2005,0.954621839778093,0.079540137798912,7.77389855384827,5.55278468132019,187.684122228622,328.169574666023,79.9600994110107,192.126349973679,6.66334161758423,19.9900248527527,29.985037279129,3.33167080879211
"6013005",2006,1.04486162043112,1.0355843946447,0.0837633405395218,27.2086449384689,59.9700745582581,126.6034907341,212.116374826431,114.387364435196,53.3067329406738,93.2867826461792,1.11055693626404,0.111164456996806
"6013005",2007,0.952326283270159,27.763923406601,2.22111387252808,1.11055693626404,16.6583540439606,91.0656687736511,78.8495424747467,65.5228592395783,0.446582243108107,2.22111387252808,9.99501242637634,0.383688835924943
"6013005",2008,0.643941556989307,0.666138609784092,13.3266832351685,26.6533664703369,221.000830316544,125.492933797836,91.0656687736511,175.467995929718,21.1005817890167,0.576673674871905,0.136612631411918,0.634758198672153
"6013005",2009,0.831546157816752,0.966233752242881,0.68412572120434,0.941912014867609,83.2917702198029,147.704072523117,26.6533664703369,107.724022817612,92.1762257099152,45.5328343868256,2.22111387252808,0.980251688728563
"6013005",2010,0.191947498728781,0.53334477577115,0.0603905235014482,0.251192121465276,52.1961760044098,166.583540439606,72.1862008571625,8.88445549011231,41.0906066417694,28.874480342865,22.2111387252808,1.02796134321124
"6018009",1981,0.174762826056001,0.389730885188325,0.892106872311507,36.6154039955139,291.042682514191,44.0269812393188,77.2131480026245,40.9296056747437,24.7790045166016,9.9558500289917,0.745260769056782,0.747835115980339
"6018009",1982,0.526081859397646,0.765998961546572,54.4253134918213,7.19033613204956,154.426296005249,663.944576377869,239.051021251678,107.52318031311,143.696102085114,26.8807950782776,0.178486164088799,0.248422775017344
"6018009",1983,0.36730268645722,0.333977769265083,0.902940134269107,13.8275694847107,36.947265663147,221.79421453476,140.488105964661,109.624970874786,41.150846786499,0.236766819016987,0.644072752119296,0.858206269773018
"6018009",1984,0.042340368748968,0.438521086457228,0.806112412602563,13.8275694847107,227.657103996277,85.841551361084,348.89723323822,103.208978633881,80.8636263465881,43.9163606834412,3.31861667633057,0.662460200748496
"6018009",1985,0.129494799545796,0.329440581492652,23.6727989578247,10.6195733642578,86.3946541404724,16.2612217140198,135.288939838409,2.43365222930908,10.2877116966248,24.6683839607239,1.05042984955985,0.0624752403748644
"6018009",1986,0.854917690318882,0.351175675221221,7.85405946731567,54.535934047699,265.378713550568,205.97547504425,12.7213639259338,118.363994789124,3.76109889984131,12.5001228141785,60.3988235092163,1.07192754307136
"6018009",1987,1.10504431483461,0.984496221377341,6.0841305732727,9.40274724960327,114.602895889282,56.8589657211304,469.584259700775,219.249941749573,57.5226890563965,52.8766257095337,0.268582055724796,0.425908107008739
"6018009",1988,0.616347163519656,0.396687010856786,39.1596767807007,6.8584744644165,5.30978668212891,92.9212669372559,70.354673538208,109.735591430664,18.3630122756958,0.939772621619793,11.615158367157,4.31420167922974
"6018009",1989,1.03029290561784,0.776273048176136,0.461112221622108,5.64164834976196,47.5668390274048,30.3100323104858,151.660782108307,211.174641170502,22.2347317314148,7.30095668792725,0.0498130739394157,5.53102779388428
"6018009",1990,0.0250093701836224,0.417882755084438,31.7480995368958,11.0620555877686,31.5268584251404,15.9293600463867,105.753251419067,55.9740012741089,54.2040723800659,35.3985778808594,17.8099094963074,2.3230316734314
"6018009",1991,0.832085945499827,0.040513040529459,0.234990790279683,69.9121913146973,153.762572669983,227.767724552155,167.258280487061,16.8143244934082,46.2393923568726,25.9958306312561,0.0957760732667791,46.792495136261
"6018009",1992,0.850528661043172,0.929445747849827,10.9514350318909,56.4164834976196,291.263923625946,347.348545455933,27.6551389694214,112.058623104095,35.9516806602478,0.71258203330478,0.190361590110035,0.828604718430004
"6018009",1993,0.442482223510742,0.638462958922821,0.796585081709766,52.6553845977783,234.958060684204,226.5508984375,125.996813144684,34.8454751014709,5.75226890563965,14.2700517082214,16.0399806022644,3.0973755645752
"6018009",1994,0.301229263734416,1.00143218668001,0.0704373753251877,101.660290851593,111.505520324707,146.2403748703,193.364731674194,5.75226890563965,29.6463089752197,12.8319844818115,0.745708120188181,9.9558500289917
"6018009",1995,0.738751563109146,0.38223395970674,0.549584095835906,105.64263086319,3.0973755645752,214.825119514465,172.568067169189,110.39931476593,13.0532255935669,13.6063283729553,0.223168378565493,0.135463843137724
"6018009",1996,0.436293968383697,1.03508594484445,0.828592399919566,34.8454751014709,20.2435617256165,91.483199710846,60.509444065094,106.195733642578,1.32744667053223,1.65930833816528,6.96909502029419,1.99117000579834
"6018009",1997,0.645600284244439,0.736818536208049,0.27701883399851,33.8498900985718,163.93966381073,407.526127853394,100.222223625183,179.315921077728,126.66053647995,115.266619224548,17.9205300521851,0.0491642746741561
"6018009",1998,0.0642896190654827,0.76861846209016,0.651273830909355,25.33210729599,33.6286489868164,16.7037039375305,0.312607827113517,0.110620555877686,39.049056224823,0.99839494728445,0.786766944546309,0.962390963467225
"6018009",1999,0.00215037901800059,0.408120566850173,1.65930833816528,4.09296056747437,16.8143244934082,116.815307006836,41.4827084541321,180.643367748261,207.966645050049,28.9825856399536,0.331861667633057,0.579007298698937
"6018009",2000,0.0318742606285566,45.4650484657288,0.161621914677216,6.74785390853882,22.7878345108032,590.27128616333,58.739515171051,7.52219779968262,258.741480197907,3.76109889984131,0.201396400391772,0.65599073660059
"6018009",2001,0.958270894345772,0.46733095148915,0.441628543268214,31.5268584251404,236.174886798859,24.2259017372131,298.122398090363,225.334072322845,12.9426050376892,11.615158367157,0.395115661840498,0.35628435399898
"6018009",2002,0.517240475955218,6.0841305732727,20.7966645050049,5.42040723800659,258.630859642029,194.581557788849,126.328674812317,325.777537059784,39.3809178924561,9.29212669372559,5.08854557037353,0.972060063859297
"6018009",2003,NA,NA,NA,NA,NA,NA,NA,NA,NA,NA,NA,NA
"6018009",2004,NA,NA,NA,NA,NA,NA,NA,NA,NA,NA,NA,NA
"6018009",2005,NA,NA,NA,NA,NA,NA,NA,NA,NA,NA,NA,NA
"6018009",2006,NA,NA,NA,NA,NA,NA,NA,NA,NA,NA,NA,NA
"6018009",2007,NA,NA,NA,NA,NA,NA,NA,NA,NA,NA,NA,NA
"6018009",2008,NA,NA,NA,NA,NA,NA,NA,NA,NA,NA,NA,NA
"6018009",2009,NA,NA,NA,NA,NA,NA,NA,NA,NA,NA,NA,NA
"6018009",2010,NA,NA,NA,NA,NA,NA,NA,NA,NA,NA,NA,NA
"6013006",1981,1.56275268363953,1.22787710857391,4.24175728416443,47.2174560842514,426.073356675148,61.5054806203842,67.0867402048111,54.0265927772522,54.2498431606293,26.790046005249,5.46963439273834,0.904785694397006
"6013006",1982,1.07903452265755,1.05911028808237,24.8924177465439,10.1578924436569,241.668540005684,753.470043897629,329.964066631317,146.229001111984,181.725812068939,84.500270108223,8.70676495170593,1.7860030670166
"6013006",1983,7.36726265144348,1.33950230026245,0.111625191688538,29.5806757974625,100.909173286438,249.59392861557,195.232460263252,95.9976648521423,93.2070350599289,6.47426111793518,2.00925345039368,1.11625191688538
"6013006",1984,0.283089123405513,0.694340347807644,0.334875575065613,12.2787710857391,218.785375709534,114.52744667244,420.380471899033,137.187360585213,131.27122542572,87.5141502838135,31.143428481102,0.377917193085747
"6013006",1985,3.5720061340332,0.59278865413096,34.4921842317581,5.69288477611542,163.977406590462,26.790046005249,166.879661574364,4.79988324260712,45.9895789756775,95.5511640853882,0.334875575065613,0.574136227417765
"6013006",1986,0.806701616532999,0.510810140614705,20.762285654068,108.834561896324,329.74081624794,365.014376821518,11.6090199356079,205.836853473663,9.04164052677154,26.9016711969376,71.216872297287,0.985418583400278
"6013006",1987,0.125311831512919,0.111625191688538,3.12550536727905,27.4597971553803,112.741443605423,85.9513976001739,521.624520760536,240.44066289711,84.0537693414688,80.0352624406815,0.781376341819763,0.223250383377075
"6013006",1988,0.526492215772528,0.534742933659309,25.0040429382324,10.0462672519684,11.1625191688538,148.684755329132,102.695176353455,162.191403523445,44.9849522504806,1.56275268363953,27.2365467720032,3.5720061340332
"6013006",1989,0.690104627354623,0.178842826983558,0.397263934817644,29.692300989151,73.7842517061233,56.1474714193344,168.219163874626,356.084361486435,31.8131796312332,14.734525302887,4.01850690078735,4.35338247585297
"6013006",1990,1.01817859696489,0.858987485494535,39.9618186244965,15.5159016447067,50.3429614515305,12.2787710857391,118.545953573227,83.3840181913376,79.8120120573044,25.8970444717407,28.0179231138229,3.12550536727905
"6013006",1991,0.15969998275681,0.422555140119416,0.0183905663138364,62.286856962204,204.943851940155,258.635569142342,282.411734972,32.3713055896759,86.7327739419937,35.0503101902008,0.223250383377075,97.3371671524048
"6013006",1992,1.0646783904833,3.79525651741028,9.04164052677154,113.522819947243,380.641903657913,363.898124904633,43.4221995668411,128.368970441818,48.6685835762024,2.34412902545929,22.1017879543304,0.90895745065913
"6013006",1993,0.223250383377075,0.685469843152932,0.389802340014144,112.9646939888,320.699175721169,307.63902829361,130.713099467278,41.1896957330704,32.7061811647415,31.7015544395447,40.8548201580048,43.8687003335953
"6013006",1994,0.485291339300258,0.492390805709942,1.11625191688538,107.160184020996,122.787710857391,169.000540216446,375.060644073486,21.7669123792648,53.580092010498,7.03238707637787,0.00834837494942322,23.4412902545929
"6013006",1995,0.630008459949103,8.93001533508301,0.856509978896787,127.252718524933,0.742791184685054,275.714223470688,214.097117658615,78.695760140419,48.5569583845139,24.5575421714783,0.610735209216445,0.366947594634302
"6013006",1996,0.876742673000585,0.767047169556696,0.971997346744112,70.3238707637787,14.5112749195099,157.391520280838,40.1850690078735,153.484638571739,22.8831642961502,7.81376341819763,1.11625191688538,1.10684777295784
"6013006",1997,0.0952976259889304,1.1011638999274,13.3950230026245,51.3475881767273,206.506604623795,539.707801814079,119.550580298424,168.554039449692,187.530322036743,126.136466608047,30.1388017559052,11.1625191688538
"6013006",1998,0.219410338075155,1.09705116226375,0.223250383377075,63.6263592624664,32.3713055896759,54.6963439273834,0.123090886261298,0.518633309450329,41.8594468832016,1.03514167126517,0.240528704381184,0.497912275714709
"6013006",1999,0.0494075414470907,0.980613746605308,3.12550536727905,9.15326571846008,36.1665621070862,80.3701380157471,98.8999198360443,206.953105390549,251.045056107521,27.6830475387573,0.558125958442688,0.781376341819763
"6013006",2000,0.944994890573039,75.9051303482056,0.979981420295449,8.93001533508301,19.7576589288712,736.61463995266,84.9467708749771,9.15326571846008,292.681252607346,6.13938554286957,11.1625191688538,1.11414079398571
"6013006",2001,0.775947898748984,1.05380071523249,1.67437787532806,65.6356127128601,253.500810324669,51.4592133684158,462.5747943573,273.704970020294,18.7530322036743,6.69751150131226,1.7860030670166,0.595351742946424
"6013006",2002,0.604909398541054,0.477455505652038,9.59976648521423,8.03701380157471,256.514690500259,212.087864208221,165.540159274101,354.18673322773,89.076902967453,27.7946727304459,9.93464206027985,2.23250383377075
"6013006",2003,41.7478216915131,0.851569400936696,0.818959173666234,0.184864393870142,112.741443605423,242.338291155815,146.787127070427,20.3157848873138,102.471925970078,17.6367802867889,71.216872297287,0.00735627205960324
"6013006",2004,1.04601823493372,0.969112780386524,19.4227833538055,126.471342183113,25.5621688966751,139.977990377426,169.781916558266,96.8906663856506,76.3516311149597,51.4592133684158,83.272392999649,0.604302720750806
"6013006",2005,NA,NA,NA,NA,NA,NA,NA,NA,NA,NA,NA,NA
"6013006",2006,NA,NA,NA,NA,NA,NA,NA,NA,NA,NA,NA,NA
"6013006",2007,NA,NA,NA,NA,NA,NA,NA,NA,NA,NA,NA,NA
"6013006",2008,NA,NA,NA,NA,NA,NA,NA,NA,NA,NA,NA,NA
"6013006",2009,NA,NA,NA,NA,NA,NA,NA,NA,NA,NA,NA,NA
"6013006",2010,NA,NA,NA,NA,NA,NA,NA,NA,NA,NA,NA,NA
"6018010",1981,0.585007725435332,0.482197038312675,1.61867015361786,75.5379405021667,322.654917287827,76.0774972200394,67.3366783905029,60.4303524017334,32.9129597902298,22.66138215065,0.61331013016882,1.00442502119405
"6018010",1982,0.47368491440531,0.119053311169956,45.3227643013,14.0284746646881,203.412882637978,635.597813653946,286.504617190361,175.895490026474,178.593273615837,55.5743419408798,0.748417979381408,0.0229137628977398
"6018010",1983,0.706993414900369,3.23734030723572,0.53955671787262,19.9635985612869,50.1787747621536,254.670770835876,198.556872177124,90.9692626333237,54.4952285051346,0.35704812394412,0.830244515077889,0.360339143986385
"6018010",1984,0.186669539788212,0.17836222236674,0.436895397517984,14.5680313825607,259.52678129673,125.71671526432,482.363705778122,173.737263154984,96.5806524991989,67.4445897340775,4.31645374298096,0.976889677487569
"6018010",1985,0.233384032729477,0.963240776979428,20.5031552791595,14.0284746646881,142.011328144073,24.6037863349915,187.981560506821,2.05031552791595,29.5677081394196,39.2797290611267,1.05372572477676,0.0483043680227493
"6018010",1986,0.397117977192473,0.853809051898596,6.47468061447144,99.6021701192856,244.527104539871,311.971694273949,37.6610589075088,166.50720313549,6.15094658374786,9.49619823455811,75.5379405021667,0.0233514614238218
"6018010",1987,0.855096115645571,0.420554775908338,1.07911343574524,9.81993226528168,165.320178356171,58.3800368738174,587.469354419708,243.124257073402,68.5237031698227,67.9841464519501,0.433990182184717,0.00465923197876409
"6018010",1988,0.165177899684482,0.265292781123395,52.8765583515167,3.23734030723572,5.3955671787262,155.392334747314,102.515776395798,145.140757107735,21.5822687149048,0.891361889695371,10.7911343574524,5.93512389659882
"6018010",1989,0.0525766277306261,0.108897582977835,1.07911343574524,5.3955671787262,37.7689702510834,38.8480836868286,190.463521409035,240.318562140465,28.5965060472488,11.8702477931976,1.07911343574524,1.61867015361786
"6018010",1990,0.767551188183873,0.514823048342151,46.4018777370453,11.8702477931976,44.2436508655548,25.6828997707367,109.530013728142,66.9050330162048,74.4588270664215,26.977835893631,17.2658149719238,0.615262862732576
"6018010",1991,0.108778086900161,0.586666946708344,0.231624931021553,61.5094658374786,179.13283033371,291.900184369087,222.297367763519,12.4098045110703,74.4588270664215,42.0854239940643,0.502169521355141,66.9050330162048
"6018010",1992,0.847688598500654,1.03392469821049,16.1867015361786,45.3227643013,420.854239940643,450.314036736488,38.308526968956,173.737263154984,48.8838386392593,1.02922914091152,0.848049020861376,0.421628135377986
"6018010",1993,0.997626145495018,0.119983199719943,0.606607824174546,59.3512389659882,295.137524676323,307.547329187393,122.479374957085,48.0205478906631,0.922864046406879,23.7404955863953,15.1075881004334,8.63290748596191
"6018010",1994,0.303099307230047,0.866215237921553,0.448889450022375,94.961982345581,97.1202092170715,178.053716897964,247.11697678566,11.8702477931976,49.639218044281,15.1075881004334,0.541866546991903,4.31645374298096
"6018010",1995,0.276891910278011,0.895793075003229,0.532765211104662,138.126519775391,2.6977835893631,243.879636478424,254.131214118004,124.098045110703,17.2658149719238,7.01423733234405,0.882428384485814,0.794366662524029
"6018010",1996,0.217437509864887,0.190621439055626,0.263951637175954,39.9271971225739,24.8196090221405,127.335385417938,112.227797317505,184.528397512436,3.23734030723572,2.15822687149048,10.7911343574524,1.07911343574524
"6018010",1997,0.827879839443578,0.0176237218772104,0.671184193478615,32.3734030723572,133.81006603241,531.139633073807,39.9271971225739,167.262582540512,117.083807778358,149.457210850716,44.7832075834274,0.0373610084082878
"6018010",1998,0.405371237779793,0.472997086283923,0.851014133853258,32.3734030723572,77.6961673736572,31.8338463544846,1.00100322216001,4.85601046085358,53.955671787262,1.05684437152913,0.545285381519217,0.0708699585377168
"6018010",1999,0.844840053259818,0.598650928080645,10.8990457010269,6.58259195804596,62.5885792732239,117.623364496231,90.6455286026001,228.772048377991,251.433430528641,8.63290748596191,1.05649476425374,0.124995805975471
"6018010",2000,0.199923517449079,21.5822687149048,0.962792226936658,30.2151762008667,21.5822687149048,823.90310819149,52.8765583515167,0.815606405986451,283.591010913849,1.01432823014569,0.374296403946458,0.4035648954173
"6018010",2001,0.569330391539812,0.797257430943437,0.792632522821999,38.8480836868286,70.034461979866,29.6756194829941,420.854239940643,189.923964691162,16.1867015361786,0.813953637082044,0.70836354212077,0.901205223349707
"6018010",2002,0.933294966951719,2.15822687149048,4.31645374298096,4.31645374298096,364.200784564018,212.909080872536,143.522086954117,470.493457984924,32.3734030723572,5.3955671787262,2.15822687149048,0.126052519334094
"6018010",2003,5.3955671787262,0.531993391892354,0.345075180014008,0.283738764052343,96.2569184684753,301.180559916496,104.674003267288,23.7404955863953,82.0126211166382,0.614461016803252,42.0854239940643,0.21957917539934
"6018010",2004,0.087022585597941,0.741317435538444,32.3734030723572,83.0917345523834,33.4525165081024,66.9050330162048,347.474526309967,111.14868388176,99.278436088562,2.15822687149048,15.1075881004334,0.617805552736965
"6018010",2005,0.892578848976278,0.591947983155903,9.71202092170715,5.3955671787262,242.800523042679,400.135261974335,48.5601046085358,227.153378224373,0.706752405453346,0.651187341884353,16.1867015361786,0.249619826527156
"6018010",2006,NA,NA,NA,NA,NA,NA,NA,NA,NA,NA,NA,NA
"6018010",2007,1.07697437995156,48.5601046085358,0.551825367516878,0.276290459375214,25.8987224578857,93.8828689098358,167.370493884087,64.7468061447144,0.182891579604913,0.647712550062775,0.343751531656127,0.224419825441087
"6018010",2008,0.283966553945058,0.597394812135665,19.4240418434143,37.1215021896362,339.92073225975,175.895490026474,121.831906895638,158.737586398125,12.9493612289429,0.955194579109072,0.421790949835928,0.480448447928025
"6018010",2009,0.5655274618131,0.222563135709418,0.465305348595753,0.592831755900597,73.4876249742508,256.289440989494,19.9635985612869,142.442973518372,123.018931674957,NA,NA,0.58949391805865
"6018010",2010,0.955739029524798,0.315431076320335,0.748853232987163,0.028212399203889,70.1423733234406,204.491996073723,104.674003267288,33.992073225975,5.82721255302429,30.2151762008667,3.23734030723572,0.712942674881582
"6132002",1981,NA,NA,NA,56.2374585008621,248.824226763248,49.3404117035866,42.443364906311,64.1955894207954,27.5881871891022,5.83596267461777,0.849262511910249,0.971529626180578
"6132002",1982,0.445405107613998,0.411392042146524,25.9965610051155,6.36650473594666,244.579890272617,336.363666882515,179.323216729164,80.642393321991,137.940935945511,40.3211966609955,1.59162618398666,0.309980770710112
"6132002",1983,2.12216824531555,0.695577452412558,1.03525269644325,11.6719253492355,81.7034774446487,133.69659945488,172.956711993217,97.6197392845154,32.8936078023911,4.2443364906311,0.514363564556658,0.881935751447662
"6132002",1984,0.13623053128915,2.12216824531555,0.0233436363771164,11.6719253492355,179.004891492367,128.92172090292,266.332114787102,141.654730374813,72.3659371652603,41.3822807836533,3.71379442930222,0.582561660367923
"6132002",1985,1.06108412265778,0.628342389307957,15.3857197785377,6.89704679727554,92.3143186712265,55.1763743782043,144.307440681458,2.65271030664444,53.0542061328888,34.4852339863777,4.77487855195999,0.0515311761983776
"6132002",1986,0.193200817446972,0.437162400096038,12.2024674105644,66.317757666111,238.743927598,157.040450153351,19.2056226201057,88.282199005127,1.06108412265778,10.0802991652489,52.5236640715599,0.284084832066115
"6132002",1987,0.617896685146836,0.196386131499059,45.0960752129555,14.8551777172089,77.9896830153465,38.7295704770088,304.637251615047,106.957279563904,39.7906545996666,21.2216824531555,0.859372290091514,0.633851237112748
"6132002",1988,0.541514461271711,0.541081039323908,25.9965610051155,2.65271030664444,4.77487855195999,133.69659945488,101.333533713818,132.104973270893,32.3630657410622,2.12216824531555,1.06108412265778,0.100066627233657
"6132002",1989,0.522438289443985,0.291493968278834,0.00420170302045571,0.20917757205694,35.0157760477066,55.1763743782043,149.612861294746,93.9059448552132,12.2024674105644,8.48867298126221,0.738802582905931,11.1413832879066
"6132002",1990,1.59162618398666,0.715551849783365,62.0734211754799,18.0384300851822,16.4468039011955,14.32463565588,80.1118512606621,26.5271030664444,73.8514549369812,26.5271030664444,9.54975710391998,7.42758885860443
"6132002",1991,6.89704679727554,0.253911448429706,0.372380313369545,36.6074022316933,146.960150988102,151.735029540062,186.750805587769,25.4660189437866,34.4852339863777,29.1798133730888,1.06108412265778,45.6266172742844
"6132002",1992,0.74185590351143,0.809290444785524,12.7330094718933,50.4014958262444,327.874993901253,268.454283032417,25.4660189437866,110.883290817738,40.3211966609955,0.287985018140418,2.12216824531555,0.440478359179989
"6132002",1993,0.238176319955002,0.497327885139499,0.324522714714792,92.8448607325554,143.140248146534,113.536001124382,67.3788417887688,30.2408974957466,3.18325236797333,19.6300562691689,15.3857197785377,4.45655331516266
"6132002",1994,0.373497088083624,0.69297913209624,0.224473385631034,56.768000562191,52.5236640715599,80.642393321991,113.005459063053,16.9773459625244,33.9546919250488,28.1187292504311,0.930993914289592,0.138890443869673
"6132002",1995,0.75976923736496,0.9478481247054,0.89957519356318,77.9896830153465,0.260718842095622,106.108412265778,133.69659945488,74.2758885860443,14.8551777172089,26.5271030664444,0.346285812875258,0.426657532941869
"6132002",1996,0.662069048078702,0.135515111797711,0.358497249317994,41.3822807836533,28.1187292504311,83.8256456899643,134.757683577538,135.818767700195,3.18325236797333,1.59162618398666,5.83596267461777,12.7330094718933
"6132002",1997,1.01962640761742,0.665281827495705,0.736043960833617,28.64927131176,92.3143186712265,396.845461874008,134.757683577538,133.166057393551,81.7034774446487,134.863791989803,34.4852339863777,4.2443364906311
"6132002",1998,0.0672053251000649,0.832158372158284,0.690012791404979,16.4468039011955,42.443364906311,52.5236640715599,2.12216824531555,0.464213324631934,44.0349910902977,0.819027209158647,0.313768979810776,0.164207774247406
"6132002",1999,0.445341982633605,5.83596267461777,2.97103554344177,28.1187292504311,69.5010100340843,110.883290817738,47.7487855195999,89.6616083645821,165.529123134613,10.0802991652489,1.06108412265778,0.829760445342453
"6132002",2000,0.202610058109343,29.1798133730888,0.961068337675519,1.0017854286406,12.7330094718933,493.404117035866,5.30542061328888,10.0802991652489,219.64441339016,3.18325236797333,0.718151599547758,0.287047173465044
"6132002",2001,2.65271030664444,0.703713351550585,0.924580450424375,52.5236640715599,144.307440681458,24.9354768824577,308.775479693413,161.815328705311,20.1605983304977,2.12216824531555,1.03011618403934,0.0692860728041428
"6132002",2002,0.356449328767903,15.9162618398666,56.2374585008621,24.4049348211288,189.934057955742,107.169496388435,127.330094718933,318.325236797333,77.4591409540176,18.0384300851822,0.282604634384494,1.06108412265778
"6132002",2003,15.3857197785377,0.224207592534112,0.747057302877011,11.1413832879066,108.761122572422,NA,93.9059448552132,30.7714395570755,46.1571593356133,24.9354768824577,54.1152902555466,2.65271030664444
"6132002",2004,0.675779247734331,0.43979898643592,24.9354768824577,30.7714395570755,56.2374585008621,78.5202250766754,157.57099221468,87.0088980579376,48.8098696422577,13.7940935945511,12.7330094718933,5.30542061328888
"6132002",2005,0.121801028470506,0.350947348045499,27.0576451277733,7.95813091993332,224.949834003448,216.461161022186,68.4399259114265,193.117310323715,30.7714395570755,13.7940935945511,25.9965610051155,0.755201903959308
"6132002",2006,0.173069290726449,0.477481714646778,1.0059466421614,7.42758885860443,26.5271030664444,186.22026352644,213.277908654213,94.4364869165421,16.9773459625244,56.2374585008621,0.445795793857183,0.682267627920717
"6132002",2007,0.87256872249071,39.2601125383377,0.563935178921415,0.792729730496443,21.2216824531555,77.4591409540176,107.169496388435,82.7645615673065,4.2443364906311,0.465599039649818,0.779557416142429,0.538623706414975
"6132002",2008,0.352438957594642,0.026603393891123,6.89704679727554,35.0157760477066,171.365085809231,106.108412265778,133.69659945488,76.5041652436256,23.3438506984711,0.549982760944722,0.715752004630749,0.563219130680346
"6132002",2009,0.0211076626188582,0.545545605640954,0.337104042958183,1.05008314289441,35.5463181090355,151.204487478733,71.092636218071,113.005459063053,85.9478139352798,16.9773459625244,6.36650473594666,0.244930180222286
"6132002",2010,0.685227624293525,0.633730890975096,0.321879228928592,0.972942534064029,64.1955894207954,139.002020068169,101.333533713818,14.8551777172089,22.2827665758133,29.1798133730888,0.785457747430111,0.976283981595597
"6016004",1981,1.04677369403428,1.11949424743652,1.11949424743652,38.0628044128418,336.408021354675,81.1633329391479,85.0815628051758,64.9306663513184,31.3458389282227,28.5471033096313,1.67924137115479,0.691101571195253
"6016004",1982,0.817958254030243,0.827855717303838,43.1005285263061,20.7106435775757,188.075033569336,728.790755081177,330.810550117493,118.666390228271,200.949217414856,38.0628044128418,0.627564150458266,3.91822986602783
"6016004",1983,7.83645973205566,1.67924137115479,0.889891963540892,11.7546895980835,58.2137008666992,246.848481559753,157.84868888855,106.35195350647,40.3017929077148,2.79873561859131,0.601214376444668,3.35848274230957
"6016004",1984,1.08562671125645,0.859709725442661,4.47797698974609,19.0314022064209,221.659860992432,87.3205513000488,511.049123954773,132.660068321228,72.767126083374,61.0124364852905,4.47797698974609,0.308555416798619
"6016004",1985,0.692394913068265,0.553227822224264,27.9873561859131,5.59747123718262,113.628666114807,29.6665975570679,155.049953269959,6.15721836090088,19.0314022064209,45.3395170211792,0.277722974618348,0.61974074292223
"6016004",1986,0.331203949134207,0.586583103389691,11.7546895980835,88.9997926712036,338.647009849548,236.213286209106,15.1131723403931,170.72287273407,1.67924137115479,14.6653746414185,89.5595397949219,0.0263936814596795
"6016004",1987,0.522896782528391,0.330045252817967,7.2767126083374,17.3521608352661,127.622344207764,51.4967353820801,601.168410873413,260.282412528992,55.4149652481079,66.6099077224731,2.79873561859131,0.0963172120539042
"6016004",1988,0.276878672996362,0.370281059532994,40.3017929077148,6.15721836090088,7.83645973205566,79.4840915679932,84.5218156814575,114.748160362244,23.509379196167,0.952678624606238,12.87418384552,1.11949424743652
"6016004",1989,0.97192015004599,0.88738284634943,3.35848274230957,5.59747123718262,53.7357238769531,33.0250802993774,164.005907249451,209.34542427063,25.74836769104,5.03772411346436,0.138500273549348,6.71696548461914
"6016004",1990,0.000700718028065061,0.0178383169461718,49.257746887207,16.7924137115479,32.4653331756592,24.0691263198853,141.056275177002,72.2073789596558,96.276505279541,55.4149652481079,14.7773240661621,12.2024872970581
"6016004",1991,0.224132864091064,0.46373918088655,0.621253081953531,71.6476318359375,201.844812812805,244.161695365906,162.550564727783,34.0326251220703,78.9243444442749,22.7257332229614,0.354207113100693,59.7809928131104
"6016004",1992,0.818158194618764,1.02835666609518,12.3144367218018,65.8262617492676,374.694724617004,430.109689865112,33.1370297241211,129.301585578918,50.0413928604126,4.9257746887207,0.783645973205566,0.53898463295053
"6016004",1993,0.223898849487305,0.625133976848877,0.748443764204888,56.6464089202881,204.195750732422,241.139060897827,133.779562568665,23.7332780456543,11.8666390228271,30.6741423797607,23.509379196167,8.95595397949219
"6016004",1994,0.888673460493338,0.841724441371607,1.00754482269287,123.368266067505,144.97450504303,147.101544113159,199.605824317932,9.17985282897949,34.0326251220703,15.5609700393677,0.437095965256537,13.4339309692383
"6016004",1995,0.846462434105371,1.11685667649,0.392166779361629,108.81484085083,18.359705657959,225.242242584229,175.31279914856,124.711659164429,24.4049745941162,23.3974297714233,0.895595397949219,0.45441870334654
"6016004",1996,0.483335658820508,0.011549881164412,0.895595397949219,35.9357653427124,21.3823401260376,100.978381118774,66.1621100234985,130.86887752533,1.56729194641113,4.7018758392334,14.8892734909058,2.3509379196167
"6016004",1997,0.446045507868938,0.0129353772735089,3.47043216705322,37.1672090148926,167.924137115479,583.480401763916,93.0299719619751,187.739185295105,156.281396942139,110.494082221985,33.0250802993774,4.25407814025879
"6016004",1998,0.359545095981578,0.335848274230957,1.90314022064209,40.5256917572022,42.2049331283569,35.4879676437378,0.559747123718262,0.559747123718262,42.7646802520752,0.500876606116093,0.241400212728793,0.222171301048677
"6016004",1999,1.11949424743652,0.00352645275886418,5.70942066192627,13.0980826950073,36.383563041687,129.861332702637,65.378464050293,201.173116264343,238.78812297821,34.5923722457886,0.503296566054676,0.335848274230957
"6016004",2000,0.465882091909258,62.131930732727,0.307203546955782,13.6578298187256,42.3168825531006,808.050947799683,90.1192869186401,11.0829930496216,259.274867706299,11.9785884475708,11.4188413238525,0.599694959392932
"6016004",2001,0.872738887594709,0.563706485722789,0.335848274230957,34.7043216705322,194.568100204468,32.3533837509155,501.085625152588,232.966752891541,26.420064239502,15.1131723403931,3.24653331756592,0.809424320370727
"6016004",2002,0.33729041228004,2.46288734436035,11.6427401733398,13.9936780929565,292.971644554138,249.423318328857,173.521608352661,414.436770401001,49.4816457366943,25.4125194168091,22.3898849487305,0.796865488050009
"6016004",2003,15.1131723403931,0.00497549726686284,0.624936248418686,0.409157292818589,146.765695838928,222.21960811615,134.339309692383,32.4653331756592,59.4451445388794,22.0540366744995,41.7571354293823,0.769753547687169
"6016004",2004,0.257439049781732,0.949348581636234,33.808726272583,72.3193283843994,49.7055445861816,142.623567123413,161.878868179321,92.6941236877441,87.4325007247925,35.4879676437378,36.4955124664307,1.56729194641113
"6016004",2005,1.00974046049763,0.344018398995502,16.1207171630859,4.36602756500244,262.745299873352,392.04688545227,105.008560409546,305.845828399658,21.3823401260376,26.084215965271,24.8527722930908,3.24653331756592
"6016004",2006,0.0585018842367203,0.224640741967164,0.279728807674536,43.6602756500244,64.5948180770874,213.599502410889,339.766504096985,133.779562568665,42.9885791015625,81.2752823638916,1.34339309692383,0.226157814970372
"6016004",2007,0.367247175482406,42.9885791015625,14.2175769424438,0.630031144891768,36.2716136169434,106.128054656982,93.701668510437,76.1256088256836,1.34339309692383,3.02263446807861,4.7018758392334,0.0588718179978217
"6016004",2008,0.959556187057466,1.03963226986246,17.6880091094971,21.1584412765503,283.791791725159,124.487760314941,130.533029251099,240.467364349365,24.6288734436035,0.483001998252477,0.272433531240297,1.03546224324088
"6016004",2009,1.03363549830726,0.97553818021681,0.232176454493913,0.311208509084154,79.4840915679932,184.940449676514,28.4351538848877,185.276297950745,84.6337651062012,40.1898434829712,16.7924137115479,0.0934845588220405
"6016004",2010,0.223898849487305,0.633501751013755,0.946399567885768,0.956273104817702,66.9457559967041,160.759373931885,97.6198983764648,3.24653331756592,31.9055860519409,18.6955539321899,10.9710436248779,5.26162296295166
"6027003",1981,0.674398137586755,1.05419084766383,0.371600983518863,95.5182054615021,636.404429159164,110.478888244629,126.590392780304,93.2165619564056,74.8034139156342,27.2744755353928,17.2623262882233,0.698170386428029
"6027003",1982,0.43727484522567,1.10601732980548,29.9213655662537,17.2623262882233,310.721873188019,826.52018268013,552.394441223145,245.12503329277,295.185779528618,109.903477368355,9.20657402038574,0.266996197728151
"6027003",1983,17.2623262882233,3.45246525764465,0.088126544431795,41.4295830917358,147.305184326172,261.236537828445,250.879142055511,164.567510614395,93.2165619564056,9.43673837089539,0.773931775715627,0.101393727768577
"6027003",1984,0.709091158441421,0.155526566704801,4.94853353595734,4.37312265968323,369.068536042213,149.031416954994,534.096375357628,161.690456233025,166.869154119492,120.030708790779,38.4374465351105,0.374660111816962
"6027003",1985,0.52787466617895,0.12052861675936,24.3974211540222,26.468900308609,221.763351716042,61.4538815860748,237.299445375443,16.2265867109299,64.7912646684647,130.157940213203,0.455876175428211,1.06942020989093
"6027003",1986,0.264025364523324,1.02667221544045,19.5639697933197,130.618268914223,443.411621256828,476.900534255981,40.6240078649521,253.871278612137,14.0400253810883,41.8899117927551,80.6726048536301,0.998832539551662
"6027003",1987,0.224755756511619,1.02705613196452,5.98427311325073,30.2666120920181,186.087877387047,106.335929935455,675.762533096314,316.015653249741,121.641859244347,143.162226016998,0.852666298261403,0.39528666364661
"6027003",1988,0.834154356374138,0.122719886751134,34.5246525764465,20.7147915458679,20.3695450201035,189.540342644691,171.35735895443,286.784780735016,63.6404429159164,5.86919093799591,32.5682555971146,0.00164153446530079
"6027003",1989,0.415235164356908,0.754035711613063,2.41672568035126,23.246599401474,85.851302740097,72.962099111557,202.199381922722,422.811911886215,37.0564604320526,23.246599401474,4.71836918544769,15.0757649583817
"6027003",1990,0.0549002923040725,0.848802514357869,115.427421780586,40.6240078649521,71.4660308332443,45.1122126998901,163.646853212357,131.423844141006,142.356650790215,49.6004175348282,50.7512392873764,0.321809220638417
"6027003",1991,1.03358779957136,0.703495449637141,1.10179756227184,71.3509486579895,251.684717282295,321.769762012482,314.749749321938,37.9771178340912,144.082883419037,57.5410876274109,3.56754743289948,118.764804862976
"6027003",1992,0.911699506434009,0.28438051407669,13.9249432058334,200.818395819664,594.629599541664,522.127829131126,66.9778259983063,181.944919077873,96.7841093893051,11.623299700737,20.8298737211227,0.578136808993991
"6027003",1993,2.30164350509644,0.634725799450559,0.596131164388014,139.364514233589,414.641077443123,529.493088347435,253.180785560608,77.2201395959854,54.0886223697662,40.2787613391876,43.7312265968323,64.4460181427002
"6027003",1994,0.816992238201559,0.461638923195627,0.953762823982372,138.098610305786,240.521746282578,233.731897942543,530.758992275238,19.5639697933197,101.042149873734,31.1872694940567,0.909477498415634,41.4295830917358
"6027003",1995,0.978913242070015,10.357395772934,0.71740257405271,207.262997633934,25.3180785560608,414.410913092613,278.498864116669,140.630418161392,55.2394441223145,50.6361571121216,1.01308126985237,0.509330403236755
"6027003",1996,0.562593521905942,0.887109395972682,1.06753442846237,77.2201395959854,42.5804048442841,252.260128158569,91.030000626564,267.220810941696,18.4131480407715,27.734804236412,5.75410876274109,10.357395772934
"6027003",1997,0.345246525764465,0.0126612988028556,17.3774084634781,112.780531749725,313.13859886837,735.144935527801,178.607535995483,297.372340858459,307.269407930374,250.879142055511,62.3745389881134,11.5082175254822
"6027003",1998,0.583703003751601,0.664145016078676,0.0159193270547627,98.2801776676178,66.9778259983063,104.839861657143,0.427248022547849,0.941857548750556,88.7283571214676,1.08711191668743,0.836373292920987,0.395821484463193
"6027003",1999,0.188893336176276,8.17083444309235,13.9249432058334,10.4724779481888,60.072895483017,170.436701552391,126.935639306068,355.719003712654,370.794768671036,34.6397347517014,0.531544880121835,0.480654855163362
"6027003",2000,0.0631092711380487,88.7283571214676,0.784403915945674,10.357395772934,32.2230090713501,1007.54444435596,135.79696680069,21.980695473671,320.503858084679,5.75410876274109,18.4131480407715,0.453520282547516
"6027003",2001,2.30164350509644,0.0646686775683165,5.75410876274109,71.4660308332443,433.169307659149,71.8112773590088,671.044163910866,324.646816393852,24.2823389787674,0.342280776363489,0.590188489695422,1.00608734135993
"6027003",2002,0.891434229643317,1.09099068416312,23.1315172262192,26.468900308609,317.741885878563,313.13859886837,272.744755353928,660.686768137932,165.718332366943,64.4460181427002,16.111504535675,0.0426077252252523
"6027003",2003,73.6525921630859,1.0020832981452,0.10783533612193,0.428257135318939,181.829836902618,384.374465351105,194.488876180649,11.5082175254822,158.813401851654,57.5410876274109,118.534640512466,0.989766240749934
"6027003",2004,0.130024995527807,0.817015556251759,80.5575226783752,133.495323295593,25.3180785560608,217.505311231613,219.80695473671,92.0657402038574,168.01997587204,59.8427311325073,82.8591661834717,0.742051230839445
"6027003",2005,0.503292894482809,0.805079796738745,23.0164350509644,6.90493051528931,323.380912466049,543.187867202759,186.433123912811,433.859800710678,14.9606827831268,21.8656132984161,55.2394441223145,8.05575226783752
"6027003",2006,0.503187013252347,0.145503423737218,0.802932003757316,65.5968398952484,140.975664687157,369.413782567978,478.741849060059,196.215108809471,79.406700925827,133.495323295593,1.04441681301412,1.09952985033918
"6027003",2007,0.772071472254561,35.6754743289948,11.5082175254822,0.727300182712807,33.3738308238983,163.416688861847,171.472441129684,119.225133563995,0.224212231986624,5.75410876274109,21.8656132984161,NA
"6027003",2008,0.210627088781505,0.392230879589643,26.468900308609,71.3509486579895,473.563151173592,229.013528757095,192.187232675552,413.14500916481,47.1836918544769,0.35866251569366,0.658451988544504,0.77051854557618
"6027003",2009,0.352463056549878,1.1325224420726,0.800606702604395,0.339829534696082,140.400253810883,253.180785560608,56.9656767511368,261.3516200037,245.12503329277,104.609697306633,19.5639697933197,1.00274381001801
"6027003",2010,0.384789809900629,0.647179660182174,1.04828839630639,0.832110097411224,85.1608096885681,323.380912466049,142.701897315979,16.111504535675,12.6590392780304,52.937800617218,40.2787613391876,6.90493051528931
"6034003",1981,0.548302226066589,1.09660445213318,0.877283561706543,66.7832111349106,318.892574680328,62.1774724359512,70.73098716259,103.629120726585,33.6657566804886,22.9190330495834,0.438641780853271,0.605168179283213
"6034003",1982,3.28981335639954,0.112883883880764,40.6840251741409,18.8615965766907,191.35747689724,602.913127782822,276.892624163628,144.0938250103,212.19296148777,52.8563345928192,3.72845513725281,0.219320890426636
"6034003",1983,0.986944006919861,2.19320890426636,0.109660445213318,20.6161637001038,65.7962671279907,207.587222788811,158.240022442818,110.099086994171,47.3733123321533,0.214802810140509,1.05579087133062,0.664240768951178
"6034003",1984,0.0619124560541469,0.824945677782486,1.97388801383972,21.383786816597,213.50888683033,119.529885282516,416.819352255821,101.106930486679,77.2009534301758,55.5978457231522,2.63185068511963,0.349134882451026
"6034003",1985,0.144033940071724,0.571966981995775,23.0286934947968,21.383786816597,133.895403605461,29.9373015432358,143.43586233902,6.1409849319458,32.0208500022888,54.7205621614456,0.657962671279907,0.508577245260767
"6034003",1986,0.321513122418433,0.774796028610772,13.4882347612381,56.3654688396454,272.725527245522,231.273878954887,32.6788126735687,129.508985796928,21.2741263713837,10.7467236309052,81.6970316839218,0.939397881632547
"6034003",1987,0.869394523130678,0.744115011204957,2.19320890426636,15.6814436655045,105.712669185638,34.7623611326218,503.670424864769,174.031126553535,50.5534652433395,51.3210883598328,0.969114575527911,0.870501568690922
"6034003",1988,0.509124433857256,0.106667118754996,48.9085585651398,6.90860804843903,11.1853654117584,117.33667637825,101.106930486679,129.070344016075,30.1566224336624,0.438641780853271,13.4882347612381,1.64490667819977
"6034003",1989,0.877283561706543,0.168735086504684,0.877283561706543,8.0052125005722,38.0521744890213,53.5142972640991,163.28440292263,164.381007374763,24.3446188373566,9.2114773979187,1.97388801383972,1.64490667819977
"6034003",1990,0.877283561706543,0.68215630541013,44.1931594209671,21.9320890426636,56.913771065712,34.4333797969818,121.065131515503,58.4490172986984,94.1983224382401,41.7806296262741,16.229745891571,7.78589161014557
"6034003",1991,1.09660445213318,0.0967668917381484,0.118585883637784,56.6944501752853,147.273977921486,203.310465425491,185.106831520081,21.9320890426636,73.0338565120697,49.0182190103531,14.146197432518,60.9712075386047
"6034003",1992,0.116413055797434,0.20825575902616,11.733667637825,45.3994243183136,365.607924341202,365.936905676842,63.6030582237244,132.908459598541,31.2532268857956,4.16709691810608,0.548302226066589,0.669952619329506
"6034003",1993,2.19320890426636,0.558816767149578,0.564520055522386,38.1618349342346,277.550586834908,238.182487003326,116.67871370697,47.8119541130066,8.88249606227875,26.0991859607697,9.86944006919861,4.38641780853272
"6034003",1994,0.570063615027673,0.0701601317489483,0.725323316606944,117.884978604317,77.4202743206024,141.352313879967,209.56111080265,12.3916303091049,58.6683381891251,13.5978952064514,0.407185772141595,6.36030582237244
"6034003",1995,0.0483693249685761,0.376548712440808,0.0211884643047017,107.905878089905,8.55351472663879,222.720364228249,182.474980834961,130.495929803848,13.4882347612381,12.2819698638916,1.08968187228396,0.489386188791205
"6034003",1996,0.0610550876541646,1.03926675983409,18.971257021904,43.8641780853271,27.6344321937561,115.801430145264,64.8093231210709,168.109462512016,2.52219023990631,9.97910051441193,10.9660445213318,2.74151113033295
"6034003",1997,1.09660445213318,3.50913424682617,0.112793410133043,54.7205621614456,158.240022442818,403.55043838501,64.8093231210709,163.94236559391,125.122567988396,161.310514908791,32.2401708927155,1.64490667819977
"6034003",1998,0.561195763047885,1.64490667819977,0.986944006919861,26.3185068511963,35.8589655847549,34.5430402421951,0.657962671279907,8.44385428142548,44.851122092247,0.857253563302342,0.0551657021738964,0.45740879224181
"6034003",1999,0.963675744715483,1.64490667819977,6.36030582237244,15.9007645559311,66.4542297992706,144.203485455513,62.1774724359512,213.17990549469,189.602909773827,20.1775219192505,0.0891874579270451,1.31592534255981
"6034003",2000,0.422803704351246,62.5064537715912,0.769884023865332,6.57962671279907,24.6736001729965,646.777305868149,53.1853159284592,20.9451450357437,240.814337688446,7.23758938407898,1.97388801383972,0.564852419585844
"6034003",2001,0.877283561706543,0.180999601020841,0.597863921241762,35.529984249115,200.459293849945,37.2845513725281,367.691472800255,219.869192652702,8.77283561706543,13.7075556516647,1.64490667819977,1.02339067245996
"6034003",2002,0.0527660215283112,7.12792893886566,60.8615470933914,24.8929210634232,258.031027586937,141.46197432518,145.300089907646,362.976073656082,57.0234315109253,21.383786816597,2.19320890426636,1.64490667819977
"6034003",2003,18.4229547958374,0.872713123686855,0.0770568052377567,0.438641780853271,125.561209769249,224.255610461235,119.749206172943,23.5769957208633,53.7336181545258,16.4490667819977,37.2845513725281,0.548302226066589
"6034003",2004,0.702886377393164,0.598988097196125,27.9634135293961,72.9241960668564,28.621376200676,113.388900350571,132.689138708115,86.6317517185211,60.6422262029648,39.8067416124344,24.3446188373566,6.03132448673248
"6034003",2005,0.548302226066589,0.0961640947873235,16.4490667819977,5.48302226066589,317.138007556915,361.331166977882,132.689138708115,265.378277416229,26.3185068511963,12.6109511995316,43.8641780853271,4.38641780853272
"6034003",2006,0.332546021777122,1.64490667819977,0.0644062738235859,45.5090847635269,52.6370137023926,236.3182594347,223.159006009102,128.302720899582,47.1539914417267,87.1800539445877,0.939797305036968,8.22453339099884
"6034003",2007,0.815292103623539,51.5404092502594,6.57962671279907,3.28981335639954,33.9947380161285,97.5977962398529,100.339307370186,115.472448809624,3.83811558246613,2.19320890426636,2.19320890426636,0.0579458666101527
"6034003",2008,0.248964710201227,0.550403339514845,12.062648973465,30.1566224336624,273.054508581161,149.686507716179,177.649921245575,177.101619019508,21.383786816597,0.0563999818834489,0.127751782211059,0.798951132592731
"6034003",2009,0.944789674266499,0.321377855803756,0.0486789231460008,0.516625165848427,84.2192219238281,194.866611144066,34.6527006874084,147.054657031059,83.0129570264816,29.0600179815292,6.1409849319458,0.0627322316991703
"6034003",2010,1.07385888752306,1.049816144608,0.962967947152676,0.0385522730327298,53.7336181545258,181.707357718468,104.725725178719,17.4360107889175,7.67623116493225,0.328981335639954,8.22453339099884,8.99215650749206
"6036001",1981,0.938354043960571,0.0903030884072825,0.417046241760254,78.0919087696076,344.27167257309,70.4808148574829,76.1109391212463,104.365822000504,32.0082990550995,17.5159421539307,0.608169385706923,0.335621398596445
"6036001",1982,1.66818496704102,0.842148172488015,26.8994825935364,11.8858178901672,284.217013759613,612.119621343613,343.541841650009,151.387785758972,232.711802902222,42.9557629013062,1.35540028572083,0.643480001971669
"6036001",1983,7.92387859344482,9.38354043960571,0.586480171697477,19.9139580440521,76.0066775608063,181.832161407471,182.249207649231,157.330694704056,48.5858871650696,2.39801589012146,0.421747568861172,0.315241334508705
"6036001",1984,0.568918845092974,0.27084484419552,0.893393377691938,35.5531921100616,219.366323165894,192.675363693237,491.071949672699,132.620704879761,101.237975187302,98.9442208576203,0.834092483520508,0.377660475810037
"6036001",1985,0.516951468815809,0.638321612159255,10.8432022857666,16.9946343517303,184.855746660233,44.415424747467,155.871032857895,5.63012426376343,64.016598110199,54.3202729892731,1.25113872528076,1.00179904055423
"6036001",1986,0.00995423113808305,2.39801589012146,9.80058668136597,148.57272362709,311.220757913589,366.166600265503,60.784489736557,120.005056066513,7.08978610992432,12.1986025714874,95.295066242218,0.104156001397035
"6036001",1987,0.865773201233811,0.992683361552119,26.6909594726563,10.0091098022461,116.772947692871,74.6512772750854,532.568050727844,194.135025539398,141.065891275406,52.9648727035522,0.0216996315057765,0.982722024795005
"6036001",1988,0.238993074610425,0.626855413753332,42.3301935386658,8.13240171432495,16.2648034286499,212.485060176849,107.493668813705,176.306298704147,42.5387166595459,1.25113872528076,17.9329883956909,0.521307802200317
"6036001",1989,0.834092483520508,0.0646193971689107,0.499299319140927,0.315702216839387,26.1696516704559,89.1436341762543,196.32451830864,172.135836286545,27.2122672748566,15.7434956264496,1.00608670813586,24.0844204616547
"6036001",1990,0.625569362640381,0.18023970665533,53.1733958244324,25.1270360660553,30.2358525276184,19.1841271209717,102.280590791702,32.2168221759796,115.41754740715,36.2830230331421,15.5349725055695,0.850038095672958
"6036001",1991,1.25113872528076,0.367879919536973,0.478508293392111,37.742684879303,217.698138198853,231.981971979141,248.246775407791,21.8949276924133,74.1299694728851,42.8515013408661,2.91932369232178,41.2875779342651
"6036001",1992,0.377958102228548,0.884279572256416,19.9139580440521,44.311163187027,458.333819694519,457.499727210999,58.8035200881958,136.895428857803,37.3256386375427,2.91932369232178,2.08523120880127,0.573341465059555
"6036001",1993,1.35540028572083,0.597145436407481,0.698975019875884,74.3384925937653,237.820619363785,206.854935913086,111.664131231308,54.216011428833,4.79603178024292,18.8713424396515,15.0136647033691,6.67273986816406
"6036001",1994,0.51264291404965,0.15411970161796,0.0179083330819957,103.010421714783,124.071256923676,145.132092132568,191.424224967957,24.2929435825348,35.8659767913818,20.8523120880127,0.477524209215947,2.2937543296814
"6036001",1995,0.0448502063366196,0.547663625136175,0.51550453431151,147.73863114357,7.61109391212463,148.36420050621,203.727089099884,121.464717912674,27.6293135166168,25.8568669891357,0.605779809309599,0.248171586306887
"6036001",1996,0.574384354902836,0.932380513243875,0.938354043960571,39.0980851650238,28.3591444396973,107.910715055466,85.1816948795319,155.036940374374,9.17501731872559,6.568478307724,4.48324709892273,7.40257079124451
"6036001",1997,9.90484824180603,0.443087295458874,0.656728674927935,54.3202729892731,76.7365084838867,457.603988771439,85.1816948795319,182.353469209671,142.525553121567,212.172275495529,25.1270360660553,3.33636993408203
"6036001",1998,1.98096964836121,0.380294368883555,0.645650237563784,32.3210837364197,52.4435649013519,48.7944102859497,0.834092483520508,6.04717050552368,102.593375473022,0.273906928314514,0.475488855124947,2.91932369232178
"6036001",1999,0.294783797301493,2.71080057144165,12.6156488132477,14.1795722198486,81.7410633850098,158.998879671097,55.6756732749939,180.58102268219,243.867789869308,11.1559869670868,0.81103962501887,0.335071919724636
"6036001",2000,1.01755417565375,36.4915461540222,1.02062848796267,5.4216011428833,22.4162354946136,713.983165893555,24.0844204616547,18.5585577583313,202.788735055923,4.69177021980286,3.96193929672241,0.327375742211365
"6036001",2001,3.1278468132019,0.624821004941977,0.551509915336855,45.5623019123077,187.358024110794,26.8994825935364,394.31722158432,226.664632396698,16.8903727912903,3.85767773628235,2.91932369232178,0.625139704008202
"6036001",2002,0.771228504687475,18.141511516571,100.716667385101,35.3446689891815,310.699450111389,177.140391187668,168.695204792023,476.26680809021,79.6558321762085,31.278468132019,0.153436873743857,3.54489305496216
"6036001",2003,20.1224811649323,1.01380997322727,0.0674494527615969,10.9474638462067,134.080366725922,286.823552770615,94.4609737586975,27.5250519561768,49.1071949672699,28.8804522418976,44.8324709892273,1.25113872528076
"6036001",2004,0.30538000513376,0.775494790596999,36.5958077144623,76.3194622421265,25.1270360660553,125.322395648956,149.406816110611,75.2768466377258,80.2814015388489,29.8188062858582,9.80058668136597,5.63012426376343
"6036001",2005,0.261075029979365,0.31278468132019,9.59206356048584,4.2747239780426,308.405695781708,354.176520814896,128.867288703918,262.94765542984,43.6855938243866,7.08978610992432,40.9747932529449,0.0442124991797771
"6036001",2006,0.182748919916771,0.813305972537975,0.382064214216239,14.805141582489,55.6756732749939,376.697017869949,291.828107671738,160.354279956818,24.0844204616547,63.8080749893189,0.211995010379764,4.48324709892273
"6036001",2007,0.84267258664129,62.5569362640381,3.33636993408203,7.08978610992432,22.4162354946136,100.716667385101,127.407626857758,94.8780200004578,5.4216011428833,0.251429655978212,0.200555954899629,0.245664035902552
"6036001",2008,0.597094846953741,0.808666116676252,9.59206356048584,46.1878712749481,219.991892528534,155.975294418335,115.62607052803,147.53010802269,24.1886820220947,0.228047298529711,0.733932372465361,0.467179323179222
"6036001",2009,0.61994943710368,1.01127812933025,0.509720417681511,0.523360207980622,45.979348154068,153.681540088654,77.0492931652069,131.36956615448,67.4572296047211,NA,5.4216011428833,0.506891998485869
"6036001",2010,0.734564190437764,0.754807662102218,1.02857860463285,0.877540511261087,54.8415807914734,NA,125.009610967636,44.8324709892273,10.8432022857666,21.4778814506531,0.850052122661597,21.1650967693329
"6130001",1981,NA,NA,NA,NA,NA,NA,NA,NA,NA,NA,NA,NA
"6130001",1982,0.341719192895853,0.136649943589219,18.2555796575546,9.6647186422348,213.697667756081,442.966271102428,195.442088098526,93.4256135416031,158.393999969959,57.9883118534088,0.0712855895624149,0.50909927711931
"6130001",1983,8.05393220186233,2.68464406728744,0.0573493394517505,0.152083445910925,1.01577060666303,0.403435927319784,122.419769468307,125.641342349052,70.8746033763885,0.472363184563796,0.299752935578584,0.312404224371283
"6130001",1984,0.426088963433297,0.812095685968337,1.07385762691498,44.0281627035141,259.873545713425,155.709355902672,419.878332123756,135.306060991287,80.2171647305489,90.2040406608582,8.80563254070282,0.545476912769462
"6130001",1985,1.28862915229797,1.03772667561683,13.1010630483627,25.235654232502,146.25940878582,59.1695552430153,205.428964028835,0.543781083394209,47.249735584259,42.3099905004501,0.628199452172403,0.776063372807154
"6130001",1986,2.25510101652145,6.55053152418137,17.5038793187141,131.332787771702,367.903622981072,NA,70.2302888002396,101.050002692699,14.1749206752777,15.3561640648842,104.486347098827,0.434270552971502
"6130001",1987,0.0641342886287186,0.887638339355017,49.5048366007805,10.8459620318413,90.8483552370071,45.6389491438866,335.687894173622,165.481460307598,86.3381532039642,64.6462291402817,0.932458406672129,0.848613469731816
"6130001",1988,0.671588117379633,0.0351097704257998,43.0616908392906,5.47667389726639,20.9402237248421,121.023754553318,132.728802686691,273.618923337936,50.041765414238,9.12778982877731,9.7721044049263,0.0714041020925974
"6130001",1989,0.895816910817757,1.01647135423041,0.664940871802378,0.842962968891758,27.1685979609489,110.714721334934,150.876996581554,162.689430477619,41.3435186362267,11.8124338960648,0.513205523679707,28.9941559267044
"6130001",1990,0.0771925593096278,0.312650823714122,84.8347525262833,47.249735584259,33.2895864343643,32.2157288074493,112.325507775307,38.7662603316307,129.185072517872,43.0616908392906,16.1078644037247,0.575256028596859
"6130001",1991,5.36928813457489,0.977368195414643,0.582437422025678,36.6185450778008,228.302131482124,234.852663006306,205.106806740761,62.2837423610687,80.5393220186234,48.323593211174,0.111082233162363,39.7327321958542
"6130001",1992,0.263300779642294,0.117466708152899,29.6384705028534,62.2837423610687,364.037735524178,286.719986386299,9.6647186422348,128.862915229797,41.8804474496841,0.867925234278489,1.28862915229797,0.616815114255454
"6130001",1993,0.0465266396008618,0.00885261840077521,0.473478432330151,92.3517559146881,209.402237248421,210.476094875336,141.749206752777,41.8804474496841,10.7385762691498,24.6987254190445,20.4032949113846,3.22157288074493
"6130001",1994,0.316552904507641,0.552895713549871,0.625269999265361,85.9086101531982,109.533477945328,110.607335572243,136.379918618202,16.1078644037247,75.1700338840485,41.8804474496841,0.952191710926902,20.9402237248421
"6130001",1995,0.15823300281831,0.782463546740638,0.878077999384794,117.265252859116,12.8862915229797,193.938687420845,252.141770799637,160.326943698406,20.5106806740761,35.5446874508858,0.01749513414445,0.784713424113451
"6130001",1996,0.687431850689926,0.0474085069498834,0.845333276001502,57.9883118534088,24.6987254190445,104.271575573444,51.5451660919189,153.561640648842,5.36928813457489,10.7385762691498,6.44314576148987,15.0340067768097
"6130001",1997,0.865132909159066,0.891260424954348,0.299733495232171,45.1020203304291,118.124338960648,468.20192533493,51.5451660919189,107.385762691498,121.345911841393,257.725830459595,48.323593211174,0.841393463389049
"6130001",1998,0.561343886335943,0.885342286752749,0.246057594167546,53.6928813457489,63.3575999879837,32.2157288074493,0.317135592343671,7.51700338840485,75.1700338840485,0.310920025817926,0.0836908313218355,0.758225574960454
"6130001",1999,0.990102962959544,5.36928813457489,5.36928813457489,53.6928813457489,61.2098847341537,165.374074544907,64.4314576148987,138.527633872032,207.254521994591,10.7385762691498,0.433104791257812,0.349419646299184
"6130001",2000,0.772252600610193,48.323593211174,0.28933418728912,1.02529213969838,17.1817220306396,665.791728687286,12.8862915229797,3.75850169420242,270.612121982574,0.468884868468315,2.14771525382996,0.266916429047557
"6130001",2001,17.1817220306396,0.0682940999654461,0.926109898810224,58.6326264295578,187.925084710121,21.4771525382996,418.804474496841,225.510101652145,0.907219780733165,0.647656848923795,0.527377007157523,0.227956125387037
"6130001",2002,0.417989115209933,10.7385762691498,139.601491498947,23.6248677921295,225.510101652145,107.385762691498,204.032949113846,451.020203304291,91.2778982877731,10.7385762691498,0.77404719063562,0.737183711092918
"6130001",2003,20.9402237248421,0.727333136574313,0.370788935975742,0.062162310474068,64.4314576148987,246.879868427753,80.5393220186234,20.4032949113846,45.1020203304291,53.6928813457489,57.9883118534088,0.799437970732622
"6130001",2004,0.77735796141331,0.0499433873069161,30.0680135536194,64.4314576148987,32.2157288074493,81.3984081201553,217.993098263741,98.794901676178,71.9484610033035,37.5850169420242,12.8862915229797,0.191247849081178
"6130001",2005,0.688125594502036,0.885017700999993,18.2555796575546,10.7385762691498,302.827850790024,275.981410117149,128.862915229797,276.947881981373,53.6928813457489,0.865495655526995,64.4314576148987,0.58494021367232
"6130001",2006,0.12545743760909,1.05300927441537,0.610594084140525,15.0340067768097,41.8804474496841,300.680135536194,287.793844013214,163.226359291077,39.7327321958542,80.5393220186234,0.0434705370361444,1.00312124507816
"6130001",2007,0.86812929103361,59.0621694803238,0.925626172896073,0.0246923310274845,10.7385762691498,127.789057602882,86.9824677801132,110.607335572243,20.4032949113846,0.24343628999072,1.03624955007622,0.432037951711715
"6130001",2008,0.628897157911761,0.84536767371089,5.36928813457489,36.5111593151093,288.867701640129,128.862915229797,127.789057602882,141.749206752777,26.8464406728745,0.766890344353923,0.301043364236137,0.341115561051257
"6130001",2009,0.0171348187886766,0.384998815094078,0.117137641166896,0.927418817461706,38.6588745689392,196.515945725441,112.755050826073,144.970779633522,115.976623706818,21.4771525382996,26.8464406728745,0.785064419214144
"6130001",2010,0.656213701679725,0.500605140126538,0.0930851413876857,0.444508958813153,76.2438915109634,199.630132843494,102.016474556923,52.6190237188339,55.8405965995789,39.7327321958542,15.0340067768097,0.348204372996251
"6130002",1981,NA,NA,NA,NA,NA,NA,NA,NA,NA,NA,NA,NA
"6130002",1982,0.367751653210078,1.03325153806814,1.07131302833557,9.64181725502014,239.974118347168,394.24319442749,246.401996517181,98.5607986068726,176.766649675369,67.492720785141,3.21393908500671,0.743145123251017
"6130002",1983,11.7844433116913,3.21393908500671,0.569675401752389,11.7844433116913,91.0616074085236,152.126450023651,166.053519392014,142.484632768631,53.5656514167786,4.28525211334228,0.522343099282801,0.647023714810836
"6130002",1984,1.02428797155301,5.35656514167786,1.07131302833557,41.7812081050873,255.722419863701,167.44622632885,339.391967376709,136.271017204285,95.1325969161987,101.774737691879,1.07131302833557,0.214262605667114
"6130002",1985,1.07131302833557,0.947665647090972,8.57050422668457,31.3894717302322,138.627905866623,69.421084236145,158.12580298233,1.07131302833557,35.2461986322403,58.2794287414551,16.4982206363678,0.401254987116961
"6130002",1986,4.28525211334228,2.35688866233826,22.7118362007141,117.415907905579,353.319036745071,315.93021205616,54.6369644451141,131.664371182442,13.6056754598618,15.6411702136993,85.1693857526779,0.995948190499903
"6130002",1987,0.365380542054644,0.622498932196793,41.4598141965866,8.03484771251678,98.0251420927048,60.4220547981262,426.061191369057,146.019965762138,65.0287008199692,51.9586818742752,0.918541750222861,0.24087286919475
"6130002",1988,0.640697887473294,0.0329972914161581,31.4966030330658,2.78541387367249,17.0338771505356,177.623700098038,115.916069665909,178.58788182354,42.1026020135879,3.64246429634094,4.60664602184296,0.584096965330819
"6130002",1989,1.07131302833557,0.535656514167786,0.214262605667114,0.697667861929725,26.3543004970551,110.880898432732,181.051901788712,117.630170511246,16.3910893335342,17.6766649675369,0.428679580011844,26.9970883140564
"6130002",1990,0.214262605667114,0.535656514167786,108.202615861893,28.3897952508926,24.1045431375504,21.2119979610443,74.6705180749893,22.9260988063812,121.37976611042,27.6398761310577,7.82058510684967,0.321393908500671
"6130002",1991,6.96353468418121,0.490112403901103,0.321393908500671,48.7447427892685,219.297776900291,192.836345100403,203.013818869591,35.6747238435745,47.1377732467651,45.8521976127624,2.46401996517181,36.9602994775772
"6130002",1992,0.932825567588547,1.07131302833557,32.6750473642349,73.3849424409866,501.910153775215,351.283541991234,33.2107038784027,126.093543435097,45.2094097957611,2.78541387367249,1.28557563400269,0.0230907699434804
"6130002",1993,4.82090862751007,0.303606893356276,0.546923616290261,92.4543143453598,172.26713495636,141.199057134628,97.3823542757034,44.6737532815933,10.6059989805222,31.6037343358994,16.8196145448685,8.57050422668457
"6130002",1994,0.685296805354953,0.112683641862254,0.922163612025935,73.9205989551544,76.920275434494,136.592411112785,156.947358651161,13.4985441570282,59.2436104669571,19.7121597213745,0.857050422668457,3.21393908500671
"6130002",1995,0.75202706107822,0.203373446402659,0.655323494460743,136.056754598618,11.7844433116913,151.162268298149,253.90118771553,100.060636846542,16.6053519392014,24.6401996517181,0.206649270714404,0.596716943819633
"6130002",1996,0.961206893953425,0.661879371497907,0.857050422668457,48.6376114864349,25.1758561658859,85.1693857526779,77.6701945543289,104.453020262718,8.03484771251678,10.1774737691879,6.7492720785141,16.3910893335342
"6130002",1997,0.40821292887498,1.07131302833557,0.946426597914687,50.8873688459396,150.519480481148,349.783703751564,77.6701945543289,111.416554946899,133.806997239113,145.698571853638,31.0680778217316,29.996764793396
"6130002",1998,0.859533302730318,0.654632662160771,0.244423797063597,43.6024402532578,60.6363174037933,24.1045431375504,4.82090862751007,7.499191198349,79.2771640968323,0.45214256260442,1.04944438518346,0.0016742445359905
"6130002",1999,0.705163177396823,6.42787817001343,3.21393908500671,19.8192910242081,79.8128206110001,192.300688586235,62.1361556434631,133.914128541946,226.368442887306,8.03484771251678,0.75902132873106,0.517868570079418
"6130002",2000,0.387158081998699,33.7463603925705,0.527039175711939,2.14262605667114,19.4978971157074,538.763321949959,16.926745847702,14.998382396698,205.370707531929,13.9270693683624,4.82090862751007,0.607850605218301
"6130002",2001,9.64181725502014,0.798526351835688,0.692226726389326,43.06678373909,191.229375557899,44.1380967674255,377.316448579788,182.123214817047,26.7828257083893,1.92836345100403,7.499191198349,0.908254999276196
"6130002",2002,0.901909215432457,18.7479779958725,125.022230406761,16.926745847702,236.11739144516,156.947358651161,156.411702136993,351.604935899734,76.5988815259933,45.7450663099289,3.21393908500671,4.28525211334228
"6130002",2003,22.497573595047,0.390397686425285,0.820637191648797,4.28525211334228,106.595646319389,133.806997239113,79.8128206110001,38.7815316257477,53.0299949026108,29.4611082792282,70.1710033559799,5.35656514167786
"6130002",2004,0.731819888422388,1.03017991655406,20.8906040525436,56.7795905017853,23.0332301092148,84.0980727243423,209.441697039604,67.492720785141,80.8841336393356,36.531774266243,17.1410084533691,16.0696954250336
"6130002",2005,0.848188394254217,0.405263584144703,19.2836345100403,1.92836345100403,208.906040525436,298.360678391457,90.5259508943558,221.761796865463,50.3517123317719,13.3914128541946,51.4230253601074,1.60696954250336
"6130002",2006,0.214262605667114,1.28557563400269,0.730694123167807,14.998382396698,41.7812081050873,341.213199524879,212.655636124611,138.735037169456,13.3914128541946,66.9570642709732,0.535656514167786,11.7844433116913
"6130002",2007,5.35656514167786,29.996764793396,2.35688866233826,8.2491103181839,19.8192910242081,107.131302833557,103.91736374855,82.491103181839,9.64181725502014,0.170912350366995,0.74175128524964,0.999331135955114
"6130002",2008,0.853132635813117,0.358425673080255,4.82090862751007,45.959328915596,289.790174164772,169.910246294022,145.16291533947,174.624023618698,30.3181587018967,0.535656514167786,0.370519607175066,0.908683402783848
"6130002",2009,0.803233412861423,0.279085125906492,0.673559288718836,0.865931505484074,55.4940148677826,197.121597213745,94.2755464935303,129.20035121727,95.8825160360336,18.2123214817047,24.1045431375504,0.873088850670505
"6130002",2010,0.214262605667114,0.0369008802600997,1.02380631801958,0.209505809596716,92.6685769510269,169.481721082687,99.0964551210403,39.6385820484161,34.2820169067383,28.8183204622269,13.9270693683624,16.6053519392014
"7106007",1981,NA,NA,NA,NA,NA,NA,NA,NA,NA,NA,NA,NA
"7106007",1982,NA,NA,NA,NA,NA,NA,NA,NA,NA,NA,NA,NA
"7106007",1983,NA,NA,NA,NA,NA,NA,NA,NA,NA,NA,NA,NA
"7106007",1984,NA,NA,NA,NA,NA,NA,NA,NA,NA,NA,NA,NA
"7106007",1985,2.12235625839233,0.736470913959846,0.962155485406318,37.0853830413818,139.74040417099,40.2130659484863,67.2451825027466,14.5213849258423,26.8087106323242,52.8355005378723,0.111702960968018,1.0194278262013
"7106007",1986,0.349840997226913,0.114924594185372,3.46279179000854,88.803853969574,251.108256256104,303.832053833008,39.0960363388062,159.176719379425,29.0427698516846,14.5213849258423,96.6230612373352,0.156028656898333
"7106007",1987,0.666515501336896,0.690819935764995,9.49475168228149,26.8087106323242,105.447595153809,49.1493028259277,516.067679672241,220.054833106995,77.0750430679321,88.803853969574,0.00185468431278013,0.840106446568997
"7106007",1988,0.927975953153453,0.332448385032268,33.5108882904053,7.26069246292114,16.1969293403625,132.591414669037,110.585931358337,160.852263793945,41.3300955581665,4.4681184387207,16.7554441452026,NA
"7106007",1989,0.0861279619778364,0.99289155117931,4.69152436065674,9.38304872131348,31.611937953949,57.527024898529,150.128779541016,191.458875099182,32.3938586807251,NA,0.121329416355419,1.11702960968018
"7106007",1990,0.4679108316023,0.618725674215726,50.2663324356079,27.2555224761963,54.1759360694885,55.2929656791687,157.501174964905,101.649694480896,141.862760429382,50.2663324356079,18.989503364563,1.11702960968018
"7106007",1991,11.7288109016418,0.165545304604143,1.06264655754146,40.6598777923584,340.135516147614,206.315368907928,243.847563793182,25.133166217804,75.8463104972839,85.0059532966614,20.6650477790833,43.5641547775269
"7106007",1992,0.185531434048267,0.771181908760646,17.7607707939148,52.5003916549683,417.769074020386,339.130189498901,21.6703744277954,15.9735234184265,38.202412651062,1.45213849258423,0.335108882904053,0.466322428629987
"7106007",1993,1.01161536539434,0.56454160700759,0.559925632042145,51.8301738891602,256.134889499664,218.379288692474,95.170922744751,51.9418768501282,7.93091022872925,30.1597994613647,23.4576218032837,12.845840511322
"7106007",1994,0.419674261796975,0.595192100118668,0.644584327649024,129.5754347229,113.937020187378,175.26194575882,342.704684249878,20.1065329742432,87.1283095550537,28.4842550468445,0.850988706530791,0.733159854338091
"7106007",1995,0.550468508293591,0.0061333376946477,0.355812897036068,103.883753700256,11.1702960968018,250.214632568359,277.023343200684,144.096819648743,12.845840511322,17.8724737548828,0.0455759891764898,1.05011140678759
"7106007",1996,0.874290266999845,0.997692758372537,0.191070832303902,0.956840181641648,7.81920726776123,97.7400908470154,71.3781920585632,212.347328800201,7.26069246292114,10.1649694480896,21.2235625839233,13.2926523551941
"7106007",1997,3.68619771194458,3.57449475097656,2.45746514129639,83.5538148040771,183.527964870453,540.530628124237,154.820303901672,196.373805381775,175.373648719788,214.916496902466,46.5801347236633,0.0228891676822406
"7106007",1998,0.643976084660482,6.14366285324097,0.44681184387207,59.7610841178894,55.1812627182007,44.1226695823669,0.0220428970053061,25.579978061676,53.0589064598083,0.099151997271742,0.147838846051617,0.965746423284178
"7106007",1999,0.686645257695325,1.56384145355225,9.60645464324951,20.5533448181152,74.5058749656677,186.767350738525,94.1655960960388,232.342158813477,239.714554237366,27.9257402420044,0.558514804840088,0.223405921936035
"7106007",2000,0.531473797121001,55.2929656791687,0.318472626762163,20.5533448181152,32.7289675636292,683.845527046204,82.548488155365,22.1171862716675,273.002036605835,10.5000783309937,7.59580134582519,0.519634841217745
"7106007",2001,0.697011811198381,0.59733863905267,0.925874238007126,52.0535798110962,239.937960159302,51.159956123352,464.796020587921,214.804793941498,17.4256619110107,12.1756227455139,7.14898950195313,0.390815671035259
"7106007",2002,0.73320932053097,4.4681184387207,102.096506324768,61.2132226104736,273.225442527771,204.193012649536,175.708757602692,468.81732718277,71.0430831756592,39.6545511436462,8.93623687744141,2.79257402420044
"7106007",2003,32.058749797821,0.694064000928255,0.60176823770403,0.398112526554104,128.793513996124,314.220429203033,146.330878868103,41.3300955581665,79.1973993263245,33.5108882904053,53.6174212646484,2.01065329742432
"7106007",2004,1.00474519476837,0.381137654104739,53.0589064598083,84.6708444137573,44.1226695823669,141.97446339035,174.815133914948,113.937020187378,100.979476715088,53.0589064598083,35.7449475097656,5.58514804840088
"7106007",2005,0.351923443660811,0.615877348218409,18.989503364563,5.02663324356079,384.25818572998,460.216199188232,170.011906593323,377.556008071899,31.723640914917,27.5906313591003,49.0375998649597,8.60112799453735
"7106007",2006,1.0622407624317,0.0175073633485718,0.821422351836626,69.2558358001709,87.6868243598938,291.544728126526,269.986056659698,197.155726108551,81.2080526237488,102.431615207672,1.01050484823286,18.989503364563
"7106007",2007,0.204784636683412,46.3567288017273,7.81920726776123,3.35108882904053,47.4737584114075,108.910386943817,124.772207401276,141.41594858551,13.4043553161621,10.6117812919617,2.23405921936035,1.0653220250764
"7106007",2008,0.618177834510602,0.0888211003015312,12.2873257064819,37.979006729126,317.79492395401,191.01206325531,264.065799728394,225.639981155396,39.4311452217102,0.67941198388197,0.334405716435207,0.569675502221863
"7106007",2009,0.726932769707265,0.0473801563182714,0.460714245273848,0.151555140313492,146.777690711975,222.959110092163,76.181419380188,213.01754656601,128.793513996124,53.8408271865845,20.1065329742432,0.40531057634553
"7106007",2010,1.11702960968018,0.177426463221702,0.315895451559244,5.58514804840088,71.4898950195312,232.900673618317,151.245809150696,44.457778465271,13.0692464332581,30.9417201881409,20.1065329742432,14.1862760429382
"6130003",1981,NA,NA,NA,NA,NA,NA,NA,NA,NA,NA,NA,NA
"6130003",1982,0.636228269417741,0.0958629694217974,6.10614715147018,12.1051689143181,238.246864295959,348.693139965534,162.29496376276,97.3769782576561,195.825210401535,59.990217628479,3.74938860177994,0.849118622384992
"6130003",1983,6.96315026044846,17.35431295681,1.02774964182536,11.4624165825844,72.2025119314194,138.191751322746,193.575577240467,143.226644587994,37.0653844633102,0.756942479727958,0.16634804483278,0.193655370078478
"6130003",1984,0.660178328509348,5.89189637422562,2.6781347155571,35.9941305770874,266.42084150362,171.614872572899,291.916683995724,69.7386279931068,85.1646839547157,56.2408290266991,6.96315026044846,0.411947679251415
"6130003",1985,0.29653192626826,0.210228898322997,16.0688082933426,92.1278342151642,NA,49.3848041548729,91.0565803289414,3.21376165866852,12.7479212460518,27.6383502645493,42.8501554489136,0.813728596089953
"6130003",1986,5.89189637422562,0.496233127682112,26.781347155571,137.334748213768,227.641450822353,288.167295393944,7.49877720355988,110.874777224064,15.854557516098,16.0688082933426,74.4521450924873,0.408830378788066
"6130003",1987,0.623047381173188,0.627611729684141,52.4914404249191,8.57003108978271,85.7003108978272,34.8157513022423,0.801647078856895,66.9533678889275,56.2408290266991,52.5985658135414,0.306512618071552,0.814912705799727
"6130003",1988,1.05871470464413,0.704644053662085,85.1646839547157,21.1037015585899,18.5326922316551,202.466984496117,152.43942800951,293.952066379547,54.2054466428757,2.24963316106796,10.4982880849838,0.443135352068722
"6130003",1989,1.04635459817174,0.223743136876821,0.760024251205738,2.6781347155571,48.0992994914055,117.623676707268,139.370130597591,114.838416603088,3.3208870472908,2.24963316106796,0.228489745846258,3.3208870472908
"6130003",1990,0.0814310164673721,0.749856784927555,90.4138279972076,37.4938860177994,44.6712870554924,51.4201865386963,54.9553243632317,16.1759336819649,193.468451851845,35.1371274681091,5.67764559698105,0.311999548428688
"6130003",1991,2.24963316106796,0.598732030205128,0.108827169414828,63.5253554530144,219.821297452927,191.968696411133,272.098487100601,35.7798797998428,49.2776787662506,100.804990693569,0.0274029289604775,97.2698528690338
"6130003",1992,0.0999253831531412,0.278584622304533,3.21376165866852,75.4162735900879,341.194362761974,491.169906833172,25.281591714859,31.4948642549515,32.2447419753075,0.951684405081887,NA,0.317765414470552
"6130003",1993,0.691259378952206,0.0511578821764881,0.572158490526271,272.634114043713,135.192240441322,131.33572645092,16.8186860136986,0.681881529076322,0.655840706935534,0.545209254634551,16.8186860136986,0.099041558794479
"6130003",1994,0.420993111152723,0.137142415810111,0.733996069208799,21.9607046675682,64.2752331733704,245.531390722275,191.647320245266,16.4973098478317,43.7071585578918,0.287478999024538,0.915407117410502,0.216335289510904
"6130003",1995,0.523580343533717,0.405303272330251,0.739016044796864,90.5209533858299,11.2481658053398,176.328389672279,212.429645637989,65.5607378368378,11.2481658053398,5.89189637422562,0.854059654565483,1.05920119005419
"6130003",1996,0.291604757889728,0.2648215000217,0.802169412511057,52.06293887043,28.4953533735275,146.226155469418,0.12407591465681,121.265939920425,0.590015935433514,0.83705706180353,2.24963316106796,5.46339481973648
"6130003",1997,1.01829030195623,0.887935055009253,0.758977472052077,43.4929077806473,113.98141349411,322.018918198586,81.9509222960472,100.162238361835,115.909670489311,181.898909880638,19.4968207292557,6.42752331733704
"6130003",1998,1.04654051339221,0.511988246395047,0.090833236993544,41.5646507854462,45.9567917189598,26.8884725441933,3.21376165866852,5.3562694311142,61.1685969033241,0.822500740439006,0.0505268547086982,2.24963316106796
"6130003",1999,0.443730138454754,3.21376165866852,6.42752331733704,33.3159958615303,84.7361824002266,216.393285017014,60.9543461260796,123.087071527004,202.14560833025,7.39165181493759,0.630687894183869,0.5592019584748
"6130003",2000,0.110314087865258,36.6368829088211,0.409460227493478,3.74938860177994,16.8186860136986,456.675531696796,8.0344041466713,6.42752331733704,198.39621972847,11.2481658053398,4.49926632213593,0.0073966875341119
"6130003",2001,0.290217911775908,3.21376165866852,0.580710736828403,41.6717761740684,178.470897444725,31.3877388663292,345.050876752377,177.399643558502,9.64128497600555,3.10663627004623,4.28501554489136,0.0886809642976829
"6130003",2002,0.906124725088847,18.9611937861443,93.7347150444984,21.9607046675682,197.967718173981,128.121964792252,145.904779303551,330.803200065613,71.7740103769302,38.4580145153999,0.896587892443118,0.727534194614719
"6130003",2003,24.531713994503,0.0773681425547781,0.514399192084802,7.49877720355988,81.4152953529358,137.870375156879,89.9853264427185,34.6015005249977,50.0275564866066,32.1376165866852,50.3489326524735,3.21376165866852
"6130003",2004,0.942768209535101,0.300086603693772,20.3538238382339,57.4192083015442,27.8526010417938,98.2339813666344,158.009948217869,68.8816248841286,64.1681077847481,41.0290238423347,18.7469430088997,13.3906735777855
"6130003",2005,0.139975787684521,0.539632071136177,19.8181968951225,2.24963316106796,256.351054973125,267.384970001221,52.7056912021637,194.968207292557,40.7076476764679,6.6417740945816,3.64226321315765,2.6781347155571
"6130003",2006,0.491121170716557,0.995291902429148,0.717339609069784,13.3906735777855,36.3155067429543,281.525521299362,235.354478803158,143.440895365238,19.8181968951225,47.6707979369164,0.46840411253716,16.604435236454
"6130003",2007,0.70843042174672,46.5995440506935,8.0344041466713,10.7125388622284,13.3906735777855,93.4133388786316,75.7376497559547,94.5917181534767,4.82064248800278,0.672095256992192,0.659880558067476,1.02777987161806
"6130003",2008,0.922057158247155,0.00538098216692428,7.49877720355988,41.2432746195793,216.821786571503,138.727378265858,169.258114023209,85.1646839547157,25.7100932693481,0.232653584023999,0.814217129244218,0.489954261309871
"6130003",2009,0.369236813518555,1.00324679306229,0.215614550394283,0.349434712984377,53.562694311142,163.473343037605,89.3425741109848,126.943585517406,109.26789639473,19.2825699520111,18.2113160657883,0.472093351200399
"6130003",2010,0.655868080611434,0.59775648137233,0.29032492349612,0.566161824756138,82.4865492391586,142.369641479015,119.444808313847,34.2801243591309,31.0663627004623,22.4963316106796,14.9975544071198,0.100275158067025
"7104005",1981,1.70154710769653,1.00775882058645,2.83591184616089,2.72247537231445,616.527235355377,141.228409938812,127.61603307724,196.812282123566,73.7337080001831,47.6433190155029,4.53745895385742,0.371944255816045
"7104005",1982,10.2092826461792,1.00026619675132,69.1962490463257,27.2247537231445,313.651850185394,1038.51091806412,445.805342216492,250.12742483139,356.75771024704,149.736145477295,5.1046413230896,2.83591184616089
"7104005",1983,10.2092826461792,3.97027658462524,0.272033282746604,36.8668540000915,139.526862831116,377.176275539398,284.158366985321,187.170181846619,125.347303600311,0.542544599844575,0.329984154395772,0.548046421910911
"7104005",1984,0.867732526147906,0.492474449290723,9.64210027694702,44.2402248001099,455.447442493439,209.857476615906,725.426250247955,184.334270000458,144.064321784973,146.333051261902,15.881106338501,0.622594873254258
"7104005",1985,0.113436473846436,0.253421363366225,28.9263008308411,40.2699482154846,268.844443016052,79.4055316925049,302.308202800751,14.7467416000366,45.3745895385742,134.762530929565,0.832108517005366,0.548394202299975
"7104005",1986,0.400324826902501,0.0791547758244977,19.8513829231262,172.990622615814,362.542970413208,460.552083816528,35.165306892395,235.947865600586,27.2247537231445,35.7324892616272,117.973932800293,0.931572247986598
"7104005",1987,1.12392764371054,1.12738384432521,6.6927519569397,42.5386776924133,174.692169723511,50.4792308616638,813.339517478943,367.534175262451,NA,166.75161655426,1.09385038996931,0.689493288826878
"7104005",1988,0.365846715524372,1.00381394459888,31.1950303077698,21.5529300308228,30.0606655693054,195.110735015869,174.124987354279,276.217813816071,49.9120484924316,7.37337080001831,22.1201124000549,1.13436473846436
"7104005",1989,0.908889827700262,0.260071475285368,11.3436473846436,18.7170181846619,59.5541487693787,106.063103046417,251.828971939087,331.801686000824,34.0309421539307,20.4185652923584,5.67182369232178,3.40309421539307
"7104005",1990,3.40309421539307,0.980074583606466,85.6445377540588,35.165306892395,68.0618843078613,66.8140830955505,172.990622615814,123.645756492615,176.960899200439,75.3218186340332,38.5684011077881,1.13436473846436
"7104005",1991,6.80618843078613,0.219641060119671,0.528847282729437,91.8835438156128,375.474728431702,289.263008308411,297.203561477661,29.4934832000732,122.51139175415,131.586309661865,11.3436473846436,88.4804496002197
"7104005",1992,0.52898293450483,0.896479440673105,20.4185652923584,130.451944923401,610.288229293823,596.675852432251,83.9429906463623,155.407969169617,65.7931548309326,22.8007312431335,2.26872947692871,1.09759737894535
"7104005",1993,1.13436473846436,0.888220679547817,0.93291738846418,57.8526016616821,429.924235877991,384.095900444031,210.878404880524,71.4649785232544,22.6872947692871,46.5089542770386,32.8965774154663,0.957581149660469
"7104005",1994,0.021499402497212,0.519897709083192,0.927916856689386,173.557804985046,111.167744369507,232.544771385193,420.849317970276,12.4780121231079,131.586309661865,46.5089542770386,5.67182369232178,29.4934832000732
"7104005",1995,0.608697254325309,13.6123768615723,0.0292315642592167,186.035817108154,39.7027658462524,432.192965354919,382.280916862488,262.038254585266,61.2556958770752,71.4649785232544,0.0904494148563661,0.509758831185637
"7104005",1996,2.26872947692871,1.09930656215702,12.4780121231079,54.4495074462891,45.3745895385742,317.62212677002,115.705203323364,362.996716308594,2.26872947692871,2.26872947692871,24.9560242462158,7.94055316925049
"7104005",1997,3.40309421539307,5.67182369232178,7.94055316925049,150.870510215759,318.756491508484,774.771116371155,302.875385169983,309.681573600769,343.7125157547,317.62212677002,76.0024374771118,7.94055316925049
"7104005",1998,0.151965082968092,2.26872947692871,1.13436473846436,70.33061378479,72.5993432617188,71.5784149971008,0.325352966932898,18.1498358154297,76.0024374771118,0.218307500286889,0.236012001257329,1.10517190084062
"7104005",1999,0.660648041429498,5.67182369232178,34.0309421539307,20.4185652923584,76.0024374771118,339.175056800842,96.4210027694702,370.937269477844,344.846880493164,38.5684011077881,0.969319499036476,0.105346216266449
"7104005",2000,0.161387020516844,116.839568061829,0.289758639019695,31.762212677002,44.2402248001099,1057.22793624878,145.198686523438,38.5684011077881,463.955178031921,11.3436473846436,9.07491790771484,1.05485436075297
"7104005",2001,0.820174658708136,0.236237547434737,0.876864914826386,62.3900606155396,353.921798400879,71.4649785232544,602.347676124573,362.996716308594,29.4934832000732,12.4780121231079,5.67182369232178,0.301395020510535
"7104005",2002,0.0576840805009744,0.275303364780217,90.7491790771484,74.8680727386475,454.880260124207,299.47229095459,263.17261932373,679.484478340149,147.467416000366,77.1368022155762,15.881106338501,4.53745895385742
"7104005",2003,40.8371305847168,0.213698957240813,0.488801287024335,0.00728653869796157,170.154710769653,398.162023200989,207.588747138977,36.2996716308594,162.214157600403,73.7337080001831,80.5398964309692,2.26872947692871
"7104005",2004,0.556598855531972,0.855070625697336,61.2556958770752,131.586309661865,51.046413230896,222.335488739014,275.650631446838,171.289075508118,198.513829231262,86.211720123291,45.3745895385742,0.447223928463448
"7104005",2005,9.07491790771484,0.661130869827358,24.9560242462158,5.67182369232178,635.244253540039,724.859067878723,233.679136123657,562.64491027832,45.3745895385742,52.1807779693603,78.2711669540405,17.0154710769653
"7104005",2006,0.607689797917573,2.26872947692871,0.431105181109114,65.7931548309326,127.048850708008,382.280916862488,492.31429649353,288.128643569946,139.526862831116,180.363993415833,2.26872947692871,27.2247537231445
"7104005",2007,0.90907176032471,40.8371305847168,12.4780121231079,1.13436473846436,48.7776837539673,187.170181846619,240.485324554443,217.798029785156,13.6123768615723,11.9108297538757,4.53745895385742,0.446700923175346
"7104005",2008,0.256214574377036,0.428963628381801,24.9560242462158,49.9120484924316,518.971867847443,260.903889846802,309.681573600769,345.981245231628,39.7027658462524,0.324121705128875,NA,0.496051383944576
"7104005",2009,0.353999846365562,1.0556444099472,0.182855536892672,1.02054369239328,191.707640800476,279.053725662231,120.242662277222,292.098920154572,200.782558708191,109.46619726181,23.8216595077515,1.1309763134235
"7104005",2010,0.195961482320925,0.705425087222997,0.307248615062227,0.853022646756322,94.1522732925415,374.340363693237,221.201124000549,68.0618843078613,22.1201124000549,34.0309421539307,26.0903889846802,13.6123768615723
"7118003",1981,1.07542105197907,0.260313204403831,2.15084210395813,55.9218947029114,210.782526187897,67.7515262746811,53.7710525989532,100.014157834053,32.2626315593719,24.7346841955185,1.07542105197907,0.194841856951343
"7118003",1982,1.07542105197907,0.466050297841505,9.67878946781159,17.206736831665,144.106420965195,412.961683959961,224.762999863625,104.315842041969,167.765684108734,35.4888947153091,1.07542105197907,0.315344819121309
"7118003",1983,7.52794736385346,0.819899183809669,0.753564531089717,17.7444473576546,56.4596052289009,161.31315779686,132.814499919415,129.050526237488,26.5628999838829,1.04217228983529,0.177468391713783,0.119409945967847
"7118003",1984,1.057458883254,0.537710525989533,3.2262631559372,26.3478157734871,204.867710402012,154.860631484985,422.640473427773,115.607763087749,64.5252631187439,50.5447894430161,6.45252631187439,0.210675190333151
"7118003",1985,0.343355106090652,0.133105000761136,34.4134736633301,21.5084210395813,138.19160517931,33.8757631373405,142.493289387226,6.45252631187439,60.2235789108276,74.741763112545,0.354901015076683,0.305224759543453
"7118003",1986,0.431541701265461,0.752794736385345,21.5084210395813,90.873078892231,241.96973669529,232.828657753468,52.6956315469742,132.814499919415,16.131315779686,12.9050526237488,102.702710464001,0.116114933935223
"7118003",1987,0.207476134632593,0.401667745249676,13.9804736757278,21.5084210395813,90.873078892231,40.3282894492149,442.535762889385,176.369052524567,84.9582631063461,35.4888947153091,0.449845654173184,0.871071155845814
"7118003",1988,0.202938289965341,0.494204895896973,34.9511841893196,8.60336841583252,21.5084210395813,114.854968351364,87.6468157362938,115.177594666958,27.5307789306641,8.38828420543671,9.24862104701996,0.832036696061097
"7118003",1989,2.68855262994766,0.0213288839694569,2.36592631435394,1.93575789356232,33.5531368217468,79.7962420568466,138.19160517931,133.997463076591,31.9400052437782,13.5503052549362,10.324042098999,17.8519894628525
"7118003",1990,2.04329999876022,0.959273011849812,46.9958999714851,38.7151578712463,29.1439105086327,37.3171105036736,95.3898473105431,47.3185262870789,101.73483151722,33.8757631373405,11.3994631509781,0.225788454855552
"7118003",1991,8.81845262622833,0.94136007174331,0.00345476022318523,32.155089454174,206.158215664387,185.187505150795,194.973836723804,22.5838420915604,88.8297788934708,47.7486947078705,8.60336841583252,51.0824999690056
"7118003",1992,0.710038791847506,0.323476688217366,28.0684894566536,52.0503789157867,430.706131317616,362.847062937736,61.5140841732025,115.392678877354,36.8869420828819,3.01117894554138,7.42040525865555,0.280267912401167
"7118003",1993,4.30168420791626,0.0548139147875385,0.939066909810497,37.2095683984756,225.51579460001,134.535173602581,114.102173614979,40.1132052388191,11.6145473613739,19.3575789356232,6.6676105222702,8.17319999504089
"7118003",1994,0.87574655454832,0.996598429532021,0.466616974184487,84.7431788959503,120.016989400864,156.15113674736,121.73766308403,26.1327315630913,26.455357878685,19.8952894616127,0.155468880335815,2.36592631435394
"7118003",1995,0.0268148428299991,0.957508655626465,0.0538689758022114,102.057457832813,22.0461315655708,194.543668303013,172.174910421848,115.930389403343,15.1634368329048,26.5628999838829,0.696854397680845,0.438532988888085
"7118003",1996,0.747795498720945,0.453438257382811,10.5391263093948,39.145326292038,34.0908473477364,76.2473525853157,69.5797420630455,132.599415709019,0.713872547106641,2.68855262994766,15.0558947277069,4.62431052350998
"7118003",1997,0.613030855492904,6.45252631187439,1.06680753781304,48.3939473390579,85.065805211544,376.182283982277,86.3563104739189,132.491873603821,110.123115722656,149.160899909496,32.0475473489761,4.83939473390579
"7118003",1998,0.933171847651128,0.285347351997753,0.615710099778236,28.4986578774452,35.8115210309029,52.0503789157867,0.170526688515302,6.12989999628067,53.4484262833595,0.228790000401717,0.246763552651714,7.52794736385346
"7118003",1999,1.05838178432799,2.68855262994766,11.2919210457802,18.0670736732483,66.9987315382957,131.631536762238,67.9666104850769,147.332684121132,210.029731451511,12.5824263081551,0.245409045892301,1.0553111258647
"7118003",2000,0.926169977253915,37.2095683984756,0.310522507019266,7.20532104825974,20.0028315668106,611.161783839703,37.2095683984756,13.2276789393425,203.254578824043,0.975133462824682,6.45252631187439,0.969854079774201
"7118003",2001,2.15084210395813,0.0502336601487722,0.504126833615284,34.521015768528,187.445889359951,25.4874789319038,321.765978752136,175.831341998577,8.2807421002388,5.91481578588486,5.37710525989533,0.185333565375332
"7118003",2002,0.0983082044224157,15.3785210433006,98.6161104664803,29.1439105086327,264.123410366058,172.389994632244,130.018405184269,339.187799794197,73.0210894293785,25.9176473526955,1.07542105197907,8.60336841583252
"7118003",2003,43.9847210259438,0.826531506172056,0.683595183435554,8.60336841583252,103.025336779594,215.084210395813,90.0127420506477,26.3478157734871,45.4903104987144,16.3463999900818,52.4805473365784,5.69973157548904
"7118003",2004,0.822860661040724,0.953777208116887,21.831047355175,74.4191367969513,23.1215526175499,132.491873603821,116.145473613739,66.7836473278999,70.6551631150246,54.3087631249428,18.8198684096336,5.59218947029114
"7118003",2005,0.048804464265208,0.500237633280828,13.9804736757278,4.62431052350998,288.858094561577,312.087189284325,96.7878946781158,230.570273544312,34.9511841893196,5.91481578588486,38.7151578712463,3.76397368192673
"7118003",2006,0.752974643002503,1.07542105197907,1.02965998485966,14.5181842017174,32.4777157697678,252.508863004684,223.580036706448,110.338199933052,39.7905789232254,53.0182578625679,0.11088261161824,12.9050526237488
"7118003",2007,2.47346841955185,43.1243841843605,4.83939473390579,6.45252631187439,28.713742087841,113.456920983791,66.676105222702,102.272542043209,3.76397368192673,5.91481578588486,0.0323440700023206,0.351991924895962
"7118003",2008,0.157056472048281,0.479821772461368,8.60336841583252,48.3939473390579,216.26717355299,159.377399903297,150.02123675108,111.628705195427,30.1117894554138,0.622309975726814,0.0246036090748359,0.177518123117428
"7118003",2009,0.856718656979278,0.120958363761768,0.902960058371893,0.636093489895963,110.123115722656,165.077131478786,99.7990736236572,123.458336767197,74.5266789021492,36.6718578724861,11.1843789405823,0.291037834463918
"7118003",2010,4.30168420791626,0.490693148941231,0.162719895512872,0.335082682023497,47.8562368130684,156.903931483746,125.931805186749,27.638321035862,16.8841105160713,15.9162315692902,16.3463999900818,23.6592631435394
"7103003",1981,2.26164754867554,0.379421358274985,3.39247132301331,119.867320079803,692.064149894714,130.044734048843,142.483795566559,162.838623504639,85.9426068496704,53.1487173938751,6.78494264602661,0.264627675895328
"7103003",1982,2.26164754867554,2.26164754867554,72.3727215576172,19.789416050911,338.116308526993,997.386568965912,506.60905090332,274.111682899475,373.850339796066,194.501689186096,30.5322419071198,0.0647384847792487
"7103003",1983,12.4390615177155,7.91576642036438,0.719633620920288,44.102127199173,168.492742376328,366.160738130569,290.960957137108,195.293265828133,116.47484875679,9.72508445930481,0.565411887168884,0.72190204382895
"7103003",1984,0.113082377433777,0.00709341929865486,13.7960500469208,55.4103649425507,478.112291790009,224.468519206047,662.662731761932,189.978394088745,198.346490018845,173.016037473679,54.5057059230804,0.794993398192128
"7103003",1985,0.904659019470215,0.458509425940556,23.7472992610931,52.8094702615738,227.295578641891,93.8583732700348,304.757007184029,21.8248988447189,71.2418977832794,164.874106298447,1.01774139690399,0.996469670829006
"7103003",1986,0.565411887168884,0.14719216633071,17.0754389925003,147.00709066391,475.511397109032,543.360823569298,39.5788321018219,321.719363799095,33.3593013429642,40.3704087438583,113.534706943512,0.836533715710014
"7103003",1987,0.692974349864174,0.371495515748926,16.9623566150665,61.6298957014084,165.326435808182,94.9891970443726,766.698519001007,377.129728741646,143.614619340897,179.461732987404,0.353114902710341,1.11306164657348
"7103003",1988,0.349598075339697,0.073703563846853,22.0510635995865,15.2661209535599,45.7983628606796,208.636986365318,212.029457688332,266.308998856545,53.714129281044,14.700709066391,42.9713034248352,0.791576642036438
"7103003",1989,0.995850764553314,0.551521161573344,14.700709066391,18.0931803894043,92.2752199859619,138.186665224075,248.781230354309,387.533307465553,56.6542710943222,35.0555370044708,1.35698852920532,10.1774139690399
"7103003",1990,6.55877789115906,0.226110835831592,118.623413928032,59.4813305301666,85.0379478302002,94.3107027797699,195.858677715301,154.809774706841,225.486260602951,73.6166277093887,35.3947841367722,0.126546428885935
"7103003",1991,2.03548279380798,0.274470962552599,0.659881797329293,123.485956157684,353.834758990288,338.455555659294,337.550896639824,40.9358206310272,161.594717352867,133.663370126724,5.42795411682129,112.403883169174
"7103003",1992,0.376722366262334,0.678494264602661,10.4035787239075,181.949545290947,670.239251049995,662.436567007065,126.878427480698,190.091476466179,111.159977017403,30.0799123973846,19.2240041637421,0.0399541791033985
"7103003",1993,6.78494264602661,1.01340093694141,0.646024578600104,80.1754056005478,485.34956394577,470.08344299221,225.033931093216,81.4193117523193,46.8161042575836,62.5345547208786,62.0822252111435,66.4924379310608
"7103003",1994,0.412636068352939,0.513778685775028,2.03548279380798,146.780925909042,183.080369065285,333.140683919907,396.919144792557,39.9180792341232,124.051368044853,55.9757768297195,0.226164754867554,37.3171845531464
"7103003",1995,0.14999654375964,15.4922857084274,1.11346686238907,188.847570314407,59.7074952850342,432.65317606163,384.027753765106,221.076047883034,49.643163693428,87.6388425111771,0.602713029497383,1.03226504335606
"7103003",1996,2.9401418132782,0.122146077565318,14.4745443115234,83.0024650363922,61.8560604562759,280.783543168068,113.421624566078,343.091933134079,10.1774139690399,21.5987340898514,20.9202398252487,6.78494264602661
"7103003",1997,5.65411887168884,8.70734306240082,9.72508445930481,161.820882107735,349.198381515503,772.352637872696,313.577432623863,306.679407600403,345.014333550453,334.723837203979,78.7053346939087,8.59426068496704
"7103003",1998,0.58859391051441,1.58315328407288,1.01774139690399,108.559082336426,87.186513001442,84.2463711881638,0.968934509928856,16.2838623504639,88.5435015306473,0.389888165109394,0.226164754867554,0.0675533356380827
"7103003",1999,0.345319913946877,7.01110740089416,31.8892304363251,32.454642323494,91.1443962116241,364.012172959328,64.7962022695541,326.468823651314,352.025440951347,43.4236329345703,7.46343691062927,3.61863607788086
"7103003",2000,0.627956254073975,114.891695472717,0.378198429794744,24.4257935256958,35.2817017593384,1003.26685259247,157.749916520119,48.9646694288254,481.617845490456,9.61200208187103,18.5455098991394,1.06018851708966
"7103003",2001,1.13082377433777,0.738566639654906,1.01774139690399,63.326131362915,428.469128096581,82.8893826589584,653.050729680061,370.570950850487,28.0444296035767,14.700709066391,11.1951553659439,0.299057889926766
"7103003",2002,0.226164754867554,1.13082377433777,81.4193117523193,87.8650072660446,413.316089520454,291.187121891975,219.492894598961,783.434710861206,164.308694411278,80.8538998651505,34.1508779850006,3.95788321018219
"7103003",2003,98.3816683673859,0.925497886814998,0.40349289911377,0.339247132301331,147.00709066391,366.726150017738,174.825355512619,32.1153951911926,160.690058333397,44.7806214637756,67.2840145730972,4.4102127199173
"7103003",2004,0.355716543614101,0.706695480617076,96.9115974607468,148.137914438248,40.5965734987259,229.217979058266,307.357901865005,155.601351348877,186.925169898033,101.887222067833,63.0999666080475,10.1774139690399
"7103003",2005,15.8315328407288,0.0185126139575726,31.8892304363251,12.5521438951492,589.83768069458,620.822252111435,252.852195941925,514.411734946251,49.5300813159943,61.0644838142395,80.8538998651505,18.8847570314407
"7103003",2006,0.9921906619043,2.03548279380798,0.348291411815011,64.7962022695541,125.295274196625,407.661970648766,479.582362696648,278.408813241959,111.951553659439,160.350811201096,0.452329509735107,31.6630656814575
"7103003",2007,0.772551490293249,34.2639603624344,10.9689906110764,1.24390615177155,46.9291866350174,197.781078131676,215.648093766212,210.559386781692,8.59426068496704,20.6940750703812,15.3792033309937,1.03924154669747
"7103003",2008,0.343164926559306,0.28462871513416,19.2240041637421,64.343872759819,557.49612074852,231.027297097206,247.084994692802,382.218435726166,50.0954932031631,2.37472992610931,1.07329503872993,1.07997171009228
"7103003",2009,0.0178656927905516,0.904659019470215,0.335819490139636,0.269596999408948,207.393080213547,256.696996774673,96.798515083313,298.085146915436,210.78555153656,99.7386568965912,31.8892304363251,0.0640391893538604
"7103003",2010,1.58315328407288,0.115398747740879,0.711265078447096,5.99336600399017,84.4725359430313,355.417912274361,198.233407641411,55.6365296974182,27.2528529615402,52.69638788414,28.4967591133118,13.1175557823181
"7119007",1981,1.59909295320511,0.0282385206600437,3.19818590641022,57.5673463153839,219.928584164143,67.1619040346146,65.0297800970077,81.0207096290588,39.9773238301277,22.9203323292732,0.0908679877237964,0.0246947172859661
"7119007",1982,1.06606196880341,0.620617962846376,22.9203323292732,17.0569915008545,170.036884024143,433.354190318584,218.542703604698,122.06409542799,197.22146422863,44.2415717053413,4.26424787521362,0.196143837952498
"7119007",1983,16.5239605164528,4.26424787521362,0.196330652897313,20.7882083916664,64.4967491126061,191.891154384613,154.578985476494,111.403475739956,34.113983001709,2.66515492200851,0.959349861049512,0.70219820947587
"7119007",1984,0.781211168462546,2.66515492200851,4.79727885961533,24.5194252824783,228.670292308331,199.886619150639,302.228568155766,103.941041958332,92.2143603014946,49.5718815493584,4.26424787521362,0.728908227390509
"7119007",1985,0.504490332281049,0.820894570787967,36.2461069393158,36.2461069393158,151.913830554485,34.113983001709,172.702038946152,6.92940279722214,77.8225237226486,76.2234307694435,0.850145075666129,0.894841407854509
"7119007",1986,0.448404335397103,0.471350677139907,26.1185182356834,91.1482983326912,237.731819043159,361.928038408756,50.1049125337601,109.69777658987,17.0569915008545,25.2656686606407,82.0867715978622,0.80418895890058
"7119007",1987,0.124203607148392,0.0517902976288454,33.5809520173073,4.26424787521362,101.489099430084,41.5764167833328,437.618438193798,121.531064443588,78.3555547070503,60.7655322217941,0.674147817297986,0.115590496799151
"7119007",1988,0.872131869690986,0.728772185677958,30.9157970952988,10.1275887036324,18.1230534696579,170.569915008545,91.6813293170929,144.451396772861,31.4488280797005,9.06152673482895,10.1275887036324,0.533115138907006
"7119007",1989,1.59909295320511,0.532638375982416,5.86334082841873,2.66515492200851,33.0479210329056,62.3646251749992,148.715644648075,160.442326304913,25.05245626688,19.1891154384613,NA,16.9503853039742
"7119007",1990,1.59909295320511,0.662126883730668,42.1094477677345,6.39637181282043,32.5148900485039,41.5764167833328,88.4831434106827,42.6424787521362,111.936506724358,46.3736956429481,21.8542703604698,1.59909295320511
"7119007",1991,9.59455771923065,0.475698600922222,0.817425332500865,35.1800449705124,200.952681119442,132.191684131622,119.398940505981,41.5764167833328,54.3691604089737,71.4261519098282,7.99546476602554,102.874979989529
"7119007",1992,0.248700541929712,0.743638781988293,27.1845802044868,4.79727885961533,421.627508661747,281.440359764099,5.33030984401703,52.2370364713669,28.783673157692,0.852849575042725,6.39637181282043,0.0478543760539728
"7119007",1993,0.350250241405408,0.634178606670765,0.0371739209988955,76.0102183756828,213.105787563801,120.465002474785,103.40801097393,51.8106116838455,9.80777011299133,28.8902793545723,14.9248675632477,4.79727885961533
"7119007",1994,0.671369892077367,0.687166250678326,0.483015095772347,90.6152673482895,81.6603468103409,151.913830554485,141.466423260212,29.3167041420937,25.1590624637604,16.4173543195724,0.213212393760681,2.45194252824783
"7119007",1995,0.255998870399502,0.567078412493535,0.098470768931831,146.903339301109,20.4683898010254,176.220043443203,202.764986466408,92.960603679657,20.7882083916664,47.4397576117516,0.598034862084361,0.849656503812452
"7119007",1996,0.845365881483438,0.319818590641022,6.92940279722214,43.1755097365379,37.5253813018799,86.0312008824348,52.2370364713669,111.723294330597,1.06606196880341,5.86334082841873,13.3257746100426,4.79727885961533
"7119007",1997,0.426424787521362,5.33030984401703,0.73945685909418,55.0087975902557,71.9591828942299,348.815476192474,88.4831434106827,111.403475739956,88.269931016922,160.975357289314,21.1080269823074,2.66515492200851
"7119007",1998,0.356746678657984,0.840149726394479,1.029486506787,24.732637676239,28.2506421732903,33.5809520173073,0.533030984401703,6.39637181282043,62.8976561594009,1.06422449958646,0.704398903788051,7.99546476602554
"7119007",1999,0.157874279618208,4.26424787521362,10.6606196880341,11.7266816568375,62.8976561594009,164.706574180126,83.6858645510674,132.191684131622,198.394132394314,12.7927436256409,1.04165127343824,0.359003110688529
"7119007",2000,0.488157709151971,40.5103548145294,0.281947446203658,3.73121689081192,22.9203323292732,468.001204304695,23.9863942980766,24.093000494957,189.652424250126,4.79727885961533,8.52849575042725,0.212548916863874
"7119007",2001,10.6606196880341,0.7679773248861,0.819809090531502,37.8451998925209,195.622371275425,30.3827661108971,316.620404734611,128.993498225212,8.52849575042725,3.19818590641022,3.73121689081192,1.02236357352919
"7119007",2002,0.744983839761773,19.1891154384613,88.6963558044434,36.4593193330765,251.590624637604,141.253210866451,130.059560194015,348.069232814312,66.2024482626915,28.2506421732903,0.744810866105035,4.79727885961533
"7119007",2003,34.6470139861107,0.872096401700551,0.99581708977295,10.6606196880341,86.3510194730759,170.036884024143,32.7281024422646,30.3827661108971,43.7085407209396,18.1230534696579,53.9427356214523,5.33030984401703
"7119007",2004,0.220499976591496,1.00170660451386,25.05245626688,93.8134532546997,22.3873013448715,114.601661646366,126.861374287605,45.3076336741447,52.2370364713669,57.0343153309822,29.3167041420937,7.46243378162384
"7119007",2005,0.463246248772025,0.819990271562739,17.0569915008545,3.19818590641022,280.907328779697,320.351621625423,98.610732114315,227.604230339527,33.5809520173073,9.06152673482895,58.6334082841873,0.523875482661941
"7119007",2006,0.137955916226225,1.06606196880341,0.427576355336479,10.1275887036324,20.7882083916664,297.32468309927,194.982734094143,100.742856051922,25.5854872512817,73.558275847435,0.347122792634339,12.2597126412392
"7119007",2007,0.822362005961001,60.2325012373924,7.46243378162384,25.5854872512817,13.8588055944443,109.69777658987,92.2143603014946,68.227966003418,5.86334082841873,3.73121689081192,0.676813928520853,0.284570738144414
"7119007",2008,0.523558074503869,0.038311712408523,7.99546476602554,43.7085407209396,211.613300807476,151.913830554485,133.257746100426,104.474072942734,34.113983001709,4.79727885961533,3.19818590641022,0.972152551878018
"7119007",2009,0.426666355428672,0.531911196048986,0.281223397959698,0.521611346878831,116.733785583973,188.159937493801,109.804382786751,110.870444755554,84.2188955354691,32.5148900485039,11.7266816568375,0.669525925914082
"7119007",2010,0.533030984401703,0.07630258984556,1.0564348595001,0.788892942361329,48.505819580555,140.187148897648,109.804382786751,37.8451998925209,18.1230534696579,25.05245626688,18.1230534696579,15.4578985476494
"7116005",1981,1.21843060302734,0.700497312079863,4.76295599365234,90.8284631347656,431.767499145508,110.212586364746,111.652549804687,259.193419189453,55.9370413208008,38.1036479492187,7.19981719970703,0.445182454668298
"7116005",1982,8.63978063964844,0.14125880797541,43.7527352905273,26.1408747558594,318.010387390137,820.668394348144,365.750713745117,224.855829467773,332.853087463379,168.475722473145,9.41514556884766,3.32299255371094
"7116005",1983,15.3965321655273,2.21532836914063,1.04322093538271,30.2392322387695,131.147439453125,334.182284484863,232.720245178223,151.86075970459,73.8812011108399,7.75364929199219,0.246250636459004,2.21532836914063
"7116005",1984,0.159298679397916,0.777227980591865,7.97518212890625,25.4762762451172,337.28374420166,212.117691345215,584.29285736084,140.341052185059,148.648533569336,102.791236328125,16.7257291870117,0.905631294633649
"7116005",1985,1.04843321642145,0.0601215722664826,28.7992687988281,65.3521868896484,285.334293945313,70.4474421386719,262.516411743164,11.0766418457031,84.1824780273437,162.826635131836,1.88302911376953,0.0763027649081504
"7116005",1986,1.43996343994141,1.10766418457031,22.1532836914063,128.489045410156,284.115863342285,457.022242553711,73.6596682739258,188.856743469238,36.5529180908203,28.245436706543,102.126637817383,0.623683356387053
"7116005",1987,1.10531740978549,0.343720607318768,19.6056560668945,22.7071157836914,89.0562004394531,50.6202532348633,587.615849914551,230.94798248291,144.217876831055,88.1700690917969,0.553832092285156,1.01600252913019
"7116005",1988,0.046824258801917,1.0229404557919,43.7527352905273,14.1781015625,38.5467136230469,261.851813232422,169.140320983887,252.104368408203,41.3158740844727,15.5072985839844,11.6304739379883,0.749090117864509
"7116005",1989,1.32919702148437,0.612740005329165,10.3012769165039,8.8613134765625,49.0695233764648,151.528460449219,218.209844360352,287.881921569824,46.9649614257812,33.2299255371094,7.31058361816406,10.9658754272461
"7116005",1990,6.09215301513672,0.332299255371094,83.5178795166016,56.4908734130859,51.8386838378906,60.0353988037109,135.910395446777,75.9857630615234,171.466415771484,69.0074786987305,36.5529180908203,0.0855820066505319
"7116005",1991,4.65218957519531,0.0704387981592719,0.137612760803759,70.779741394043,410.05728112793,268.054732666016,330.526992675781,35.8883195800781,114.864775939941,103.788134094238,27.3593053588867,88.9454340209961
"7116005",1992,1.05611554163625,0.663522887747241,31.789962097168,118.077002075195,577.314572998047,481.501621032715,128.821344665527,111.431016967773,64.9091212158203,14.288867980957,9.41514556884766,0.221532836914063
"7116005",1993,4.54142315673828,0.608623438429277,0.241312834374133,65.3521868896484,363.535385375977,295.967870117187,166.260394104004,90.4961638793945,13.8458023071289,32.6760934448242,29.5746337280273,23.9255463867188
"7116005",1994,1.02879244652369,0.190574699092978,0.607739137342809,169.694153076172,162.383569458008,214.55455255127,269.051630432129,44.5281002197266,73.4381354370117,47.2972606811523,2.76916046142578,18.1656926269531
"7116005",1995,0.12367275505387,0.406378808167453,1.0428387174072,140.894884277344,38.6574800415039,378.267319030762,325.320971008301,226.295792907715,36.9959837646484,47.4080270996094,1.09028298170866,0.343410588450363
"7116005",1996,0.863407141675023,0.238040533223266,20.9348530883789,81.413317565918,60.8107637329102,179.663130737305,79.7518212890625,189.632108398437,3.21222613525391,5.42755450439453,18.9410575561523,4.43065673828125
"7116005",1997,0.221532836914063,25.1439769897461,0.744919763981218,125.498352111816,173.349444885254,572.662383422852,249.667507202148,183.20765612793,234.270975036621,272.928455078125,37.3282830200195,5.98138659667969
"7116005",1998,0.11177135692922,1.03795733957237,1.32919702148437,97.8067474975586,56.2693405761719,51.3956181640625,0.503752282560294,20.3810209960937,84.7363101196289,0.392645441259123,0.98788382875229,5.75985375976563
"7116005",1999,0.349404064436579,2.21532836914063,26.2516411743164,23.7040135498047,98.3605795898438,263.40254309082,108.551090087891,312.693599304199,303.278453735352,21.0456195068359,0.972227147593405,1.66149627685547
"7116005",2000,0.955811116751119,84.7363101196289,0.192449931325438,16.9472620239258,52.3925159301758,899.423317871094,83.8501787719727,42.8666039428711,297.518599975586,9.08284631347656,32.8976262817383,0.225175527489516
"7116005",2001,7.64288287353516,0.48625642797459,1.08814989592754,73.6596682739258,289.432651428223,85.4009086303711,615.085921691894,317.89962097168,20.4917874145508,6.86751794433594,8.30748138427734,0.477225419921418
"7116005",2002,0.740117198020337,18.8302911376953,258.971886352539,49.4018226318359,373.615129455566,243.575354187012,222.640501098633,618.519680664062,130.372074523926,82.7425145874024,21.8209844360352,16.6149627685547
"7116005",2003,42.3127718505859,0.172331939184031,0.578089072735021,5.3167880859375,135.688862609863,241.0277265625,94.0406892700195,41.8697061767578,101.12974005127,69.2290115356445,95.591419128418,12.1843060302734
"7116005",2004,0.259333859114532,0.0734812052752424,50.9525524902344,188.856743469238,36.5529180908203,193.508933044434,233.93867578125,116.858571472168,162.826635131836,71.1120406494141,38.989779296875,11.0766418457031
"7116005",2005,1.66149627685547,0.775364929199219,19.3841232299805,4.98448883056641,455.914578369141,517.50070703125,196.056560668945,461.89596496582,54.2755450439453,29.3531008911133,96.3667840576172,9.52591198730469
"7116005",2006,1.00670838371075,3.32299255371094,1.06012432515602,67.0136831665039,95.2591198730469,427.004543151856,387.682464599609,251.993601989746,93.3760907592773,118.520067749023,0.553832092285156,34.3375897216797
"7116005",2007,2.76916046142578,44.8603994750977,11.4089411010742,8.30748138427734,43.7527352905273,175.564773254395,210.456195068359,182.653824035645,18.8302911376953,19.8271889038086,2.76916046142578,0.433843329991553
"7116005",2008,0.765495340194698,0.914317989552021,8.8613134765625,47.6295599365234,444.394870849609,242.578456420898,270.934659545898,259.193419189453,44.3065673828125,2.43686120605469,0.858614735870252,0.332299255371094
"7116005",2009,0.453741055178666,0.190098239196307,0.821314577902436,0.779625071308683,204.917874145508,273.039221496582,226.517325744629,210.566961486816,113.757111755371,67.456748840332,23.2609478759766,0.825141992732351
"7116005",2010,7.19981719970703,0.328531396500217,0.163736945889899,1.66149627685547,80.0841205444336,259.747251281738,186.419882263184,112.981746826172,12.1843060302734,36.5529180908203,23.2609478759766,18.8302911376953
"7200001",1981,7.34485099697113,4.25788463592529,24.4828366565704,84.6254571390152,433.239761705399,37.788726143837,124.543125600815,47.3689665746689,59.6103849029541,0.718525806406452,1.04623412152198,0.466484211623625
"7200001",1982,10.6447115898132,0.733989655050966,26.6117789745331,15.9670673847198,336.905121817589,335.840650658608,336.905121817589,141.042428565025,200.652813467979,59.6103849029541,4.25788463592529,0.0569564974279399
"7200001",1983,20.7571876001358,4.25788463592529,0.949386159815434,20.7571876001358,101.124760103226,250.150722360611,191.072573037148,164.993029642105,54.2880291080475,8.51576927185059,1.00299447935865,0.461001907962587
"7200001",1984,0.0727193710616585,5.32235579490662,1.06447115898132,17.0315385437012,351.275482463837,185.21798166275,504.027093777657,121.349712123871,100.060288944244,95.2701687288284,0.549571630052078,0.597831447384095
"7200001",1985,0.889026378183325,0.447152984899464,3.19341347694397,23.4183654975891,144.76807762146,112.83394285202,219.813294329643,4.25788463592529,64.4005051183701,51.0946156311035,18.6282452821732,0.358817723104368
"7200001",1986,4.25788463592529,18.0960097026825,28.7407212924957,189.475866298676,287.194318693161,335.308415079117,55.3525002670288,200.120577888489,26.6117789745331,19.1604808616638,86.4350581092834,0.877874660686403
"7200001",1987,0.652837258677871,0.573120704554146,28.7407212924957,25.5473078155518,101.124760103226,81.9642792415619,551.396060352325,208.636347160339,90.4800485134125,62.8037983798981,0.994224227264101,0.262808656067801
"7200001",1988,0.0885158862055958,0.535108682386335,36.192019405365,11.1769471693039,71.3195676517487,172.976563334465,227.264592442513,225.667885704041,51.6268512105942,7.45129811286926,6.9190625333786,0.841964753829637
"7200001",1989,1.59670673847198,0.943742710846989,3.72564905643463,0.782059095409257,25.3344135837555,193.095068239212,216.726327968597,99.6345004806519,27.7826972494125,11.7091827487946,0.315540771128711,13.6252308349609
"7200001",1990,2.12894231796265,0.319341347694397,122.52063039875,43.7497646341324,52.265533905983,35.1275482463837,94.5250389175415,28.3149328289032,129.439692932129,48.6463319654465,15.6477260370255,1.59670673847198
"7200001",1991,21.3958702955246,0.901199117423766,0.455959938851141,17.4573270072937,360.323487315178,121.881947703362,179.895625867844,34.0630770874023,81.9642792415619,50.0301444721222,0.355438102807106,63.1231397275925
"7200001",1992,0.866821981646283,0.164729191236803,37.2564905643463,36.4049136371613,476.137949412346,494.021064883232,38.8531973028183,125.288255412102,74.6194282445908,1.80960097026825,0.40912264451817,1.03840972877337
"7200001",1993,2.12894231796265,0.319341347694397,0.744028954044692,126.778515034676,243.018765595436,199.269000961304,95.695957192421,81.9642792415619,7.77063946056366,6.28037983798981,44.8142357931137,9.89958177852631
"7200001",1994,0.277486579968016,0.736991077390221,0.362607344629413,83.9867744436264,84.5190100231171,163.715664251328,224.603414545059,13.8381250667572,66.5294474363327,15.4348318052292,0.622464978662911,14.3703606462479
"7200001",1995,0.820153585846522,0.226905593106358,0.845477210977594,122.414183282852,13.8381250667572,121.349712123871,334.137496804237,89.4155773544312,17.0315385437012,28.7407212924957,0.149990734775225,0.94561859444945
"7200001",1996,0.12307098061035,0.32869158762372,0.552131527211151,26.0795433950424,45.7722598361969,116.027356328964,81.4320436620712,137.849015088081,7.45129811286926,0.299615918696605,8.51576927185059,3.72564905643463
"7200001",1997,0.880498846692689,0.75224148740896,0.518904530422574,71.9582503471375,118.156298646927,399.176684617996,59.6103849029541,92.6089908313751,95.9088514242172,172.444327754974,35.1275482463837,0.73924643186466
"7200001",1998,0.194913058174123,0.806499223817413,1.04208962565944,61.7393272209167,117.091827487946,89.9478129339218,7.45129811286926,14.9025962257385,46.3044954156876,0.99635407975719,0.0543279080216323,3.19341347694397
"7200001",1999,2.12894231796265,9.58024043083191,4.25788463592529,17.0315385437012,55.8847358465195,166.057500801086,85.1576927185059,141.574664144516,252.811900258064,2.66117789745331,11.7091827487946,0.788075823425357
"7200001",2000,0.741330125860157,30.8696636104584,0.697912130258047,6.38682695388794,43.1110819387436,584.394666280746,13.8381250667572,11.7091827487946,273.5690878582,0.753336352785399,5.32235579490662,0.0146601566383978
"7200001",2001,12.2414183282852,0.983543700831997,0.960972922924229,47.9012021541595,263.988847427368,131.036399670601,392.257622084618,171.060515248299,37.2564905643463,7.45129811286926,0.101301505020905,0.347521590097317
"7200001",2002,0.682769554838967,44.7077886772156,103.253702421188,40.9821396207809,323.066996750832,188.943630719185,201.18504904747,402.37009809494,106.447115898132,72.38403881073,3.19341347694397,4.25788463592529
"7200001",2003,21.2894231796265,0.0361283682384812,0.838969022427023,0.902898460548049,147.961491098404,164.886582526207,74.5129811286926,38.3209617233276,54.8202646875381,30.3374280309677,68.1261541748047,0.845822641562371
"7200001",2004,0.351887567042465,0.511987514917271,27.6762501335144,83.5609859800339,26.6117789745331,122.946418862343,223.538943386078,115.495120749474,91.0122840929031,48.4334377336502,18.0960097026825,21.8216587591171
"7200001",2005,0.368658995248472,0.398319667529327,30.3374280309677,3.19341347694397,254.408606996536,356.065602679253,149.558197836876,260.47609260273,52.1590867900848,20.7571876001358,39.9176684617996,5.32235579490662
"7200001",2006,6.17393272209167,4.25788463592529,0.0964809485878182,34.595312666893,80.3675725030899,273.249746510506,250.682957940102,154.774106515884,35.1275482463837,70.2550964927673,0.346628960910621,19.1604808616638
"7200001",2007,3.19341347694397,45.7722598361969,21.2894231796265,22.3538943386078,6.38682695388794,73.4485099697113,132.526659293175,87.8188706159592,12.7736539077759,2.12894231796265,0.14838408139975,0.863811800340397
"7200001",2008,0.975405779161473,0.39766741585296,4.79012021541595,63.3360339593887,407.160218310356,114.430649590492,166.057500801086,134.655601611137,44.7077886772156,3.19341347694397,0.603625596875396,0.208909853145006
"7200001",2009,0.0861370469318156,0.937492054652206,0.250320887225121,0.840800856415259,84.6254571390152,170.315385437012,52.1590867900848,189.688760530472,58.5459137439728,36.192019405365,30.3374280309677,0.504962068257804
"7200001",2010,0.694661769219353,2.12894231796265,0.479876207396232,0.12884134376104,61.7393272209167,227.264592442513,165.525265221596,35.6597838258743,26.6117789745331,34.0630770874023,13.8381250667572,6.9190625333786
"7373003",1981,2.15245500564575,3.76679625988007,8.60982002258301,59.1925126552582,226.545889344215,55.9638301467895,65.111763920784,124.842390327454,45.2015551185608,14.5290712881088,10.2241612768173,0.976215854960928
"7373003",1982,3.22868250846863,0.188756246347679,17.7577537965775,27.4438013219833,234.617595615387,315.334658327103,128.609186587334,95.2461339998245,176.608933213234,54.3494888925552,4.84302376270294,0.400998991632306
"7373003",1983,12.3766162824631,0.968604752540588,0.110488553554854,20.4483225536346,80.1789489603043,114.833474551201,167.676244939804,103.317840270996,43.049100112915,1.04622159250935,0.424119670162356,1.07622750282288
"7373003",1984,0.607294454943062,8.07170627117157,5.38113751411438,32.2868250846863,265.82819319725,191.568495502472,380.446422247887,83.4076314687729,91.4793377399445,74.2596976947784,13.9909575366974,0.338332568376357
"7373003",1985,0.11567826257148,0.752200592861318,29.5962563276291,44.1253276157379,109.775205287933,61.3449676609039,165.739035434723,12.3766162824631,66.1879914236069,90.4031102371216,16.1434125423431,1.06498612298359
"7373003",1986,4.3049100112915,0.150845771727755,27.9819150733948,136.142779107094,252.590594912529,284.446928996086,67.2642189264297,115.694456553459,24.2151188135147,44.1253276157379,106.008409028053,0.989145470236085
"7373003",1987,0.781138561382883,0.770650237067274,59.8382491569519,5.38113751411438,104.394067773819,37.6679625988007,398.204176044464,151.209964146614,74.2596976947784,57.0400576496124,0.879802976145495,0.24617185194914
"7373003",1988,0.173490571407498,0.567721470303258,31.2105975818634,28.5200288248062,30.1343700790405,172.949759703636,90.2954874868393,140.447689118385,36.0536213445663,5.38113751411438,16.1434125423431,1.07078225736363
"7373003",1989,3.22868250846863,1.03619612446682,6.99547876834869,1.61434125423431,32.8249388360977,78.5646077060699,168.967717943192,114.618229050636,24.7532325649261,24.7532325649261,7.53359251976013,16.1434125423431
"7373003",1990,2.15245500564575,5.38113751411438,69.7395421829224,44.1253276157379,45.2015551185608,39.282303853035,71.5691289377212,29.5962563276291,120.537480316162,10.7622750282288,23.1388913106918,0.549306784588205
"7373003",1991,2.15245500564575,0.831814209730131,0.277706280061152,48.9683513784409,219.550410575867,126.456731581688,0.640445157538337,22.6007775592804,50.5826926326752,32.2868250846863,10.7622750282288,68.3404464292526
"7373003",1992,0.77133044634365,0.29698164461908,30.672483830452,18.8339812994003,371.298488473892,309.415407061577,50.0445788812637,71.5691289377212,13.9909575366974,11.3003887796402,3.22868250846863,0.528591685788257
"7373003",1993,3.22868250846863,0.19064989896962,0.568047628355102,82.8695177173614,162.940843927383,128.071072835922,74.7978114461899,64.0355364179611,12.3766162824631,10.7622750282288,13.9909575366974,9.68604752540588
"7373003",1994,0.559950715796933,0.997113797059799,2.15245500564575,90.187864736557,77.4883802032471,172.19640045166,169.505831694603,31.2105975818634,46.2777826213837,33.9011663389206,4.3049100112915,6.99547876834869
"7373003",1995,0.439024147121699,0.441376586367365,0.597957044052532,119.461252813339,33.9011663389206,125.918617830276,201.792656779289,102.241612768173,20.4483225536346,31.2105975818634,0.0386874113000488,0.411941325789076
"7373003",1996,0.044279258854729,0.156140402574159,1.07622750282288,41.9728726100922,45.3091778688431,113.003887796402,25.2913463163376,73.1834701919556,0.240816497854982,6.99547876834869,33.3630525875092,6.45736501693726
"7373003",1997,1.07622750282288,0.877936188571661,0.512652361472593,46.2777826213837,94.7080202484131,352.464507174492,94.7080202484131,179.72999297142,132.375982847214,207.711908044815,21.5245500564575,2.15245500564575
"7373003",1998,0.0560489812155797,0.576809120090023,0.803716416195281,55.9638301467895,29.4886335773468,17.219640045166,0.991447758902865,14.5290712881088,60.2687401580811,0.543511671316533,0.644252109157923,2.69056875705719
"7373003",1999,0.936176437537661,8.60982002258301,11.8385025310516,10.7622750282288,71.5691289377212,214.707386813164,105.470295276642,145.505958381653,217.397955570221,12.9147300338745,0.134513739906157,0.538113751411438
"7373003",2000,0.389984529136328,47.3540101242065,0.700624505089277,5.91925126552582,48.4302376270294,450.401209931374,23.6770050621033,17.219640045166,189.416040496826,3.76679625988007,0.912192477904497,1.04476563955824
"7373003",2001,26.9056875705719,0.751907032598047,0.0301416989339258,46.2777826213837,205.021339287758,60.2687401580811,384.751332259178,182.420561728477,5.38113751411438,4.84302376270294,7.53359251976013,0.0565288560450901
"7373003",2002,0.924027282079744,21.5245500564575,122.151821570396,25.829460067749,247.532325649261,173.272627954483,183.4967892313,309.953520812988,94.7080202484131,43.5872138643265,7.53359251976013,0.164228920744464
"7373003",2003,47.3540101242065,0.75067859612402,0.20277184834176,10.7622750282288,96.3223615026474,154.438646655083,92.5555652427673,45.2015551185608,57.5781714010239,31.2105975818634,51.6589201354981,7.53359251976013
"7373003",2004,1.01415303551146,0.181009747111863,34.439280090332,104.394067773819,18.8339812994003,122.689935321808,149.59562289238,63.4974226665497,66.7261051750183,58.1162851524353,17.219640045166,16.1434125423431
"7373003",2005,0.386731019007439,0.595273867929666,25.829460067749,1.07622750282288,301.343700790405,349.235824666023,97.3985890054703,236.231936869621,29.5962563276291,9.68604752540588,51.6589201354981,6.45736501693726
"7373003",2006,0.870113741926029,2.69056875705719,0.335378709829383,21.5245500564575,64.5736501693726,298.115018281937,164.124694180489,147.443167886734,46.8158963727951,85.0219727230072,0.265097253975872,16.1434125423431
"7373003",2007,0.363349690975538,54.8876026439667,13.9909575366974,25.829460067749,25.829460067749,78.5646077060699,129.147300338745,104.394067773819,13.4528437852859,5.38113751411438,0.776276991744216,4.3049100112915
"7373003",2008,0.819219171451398,0.333908686631321,7.53359251976013,46.2777826213837,252.913463163376,174.348855457306,176.501310462952,101.16538526535,25.829460067749,0.340100820620816,0.0571005634731996,0.919241737029145
"7373003",2009,0.718235937342384,0.710667297895466,0.642147899228171,0.553974553871289,144.214485378265,239.998733129501,103.317840270996,109.775205287933,48.4302376270294,33.3630525875092,15.0671850395203,0.866772152116363
"7373003",2010,4.3049100112915,0.745040645588878,0.275442655443714,0.497176779476437,66.1879914236069,182.420561728477,124.304276576042,40.8966451072693,21.6321728067398,18.2958675479889,30.1343700790405,2.15245500564575
"7381003",1981,NA,NA,NA,NA,NA,NA,NA,NA,NA,NA,NA,NA
"7381003",1982,13.6502855205536,0.834764788220523,23.6254941701889,10.5002196311951,283.715934434891,207.379337716103,277.100796067238,98.2820557479858,149.733131940842,40.2158411874771,4.83010103034973,1.01608931893045
"7381003",1983,NA,NA,NA,NA,NA,NA,NA,NA,NA,NA,NA,NA
"7381003",1984,NA,NA,NA,NA,NA,NA,NA,NA,NA,NA,NA,NA
"7381003",1985,NA,NA,NA,NA,NA,NA,NA,NA,NA,NA,NA,NA
"7381003",1986,NA,NA,NA,NA,NA,NA,NA,NA,NA,NA,NA,NA
"7381003",1987,0.698852673386105,0.525010981559753,24.6755161333084,18.3753843545914,106.997238041878,48.931023481369,395.858280096054,129.677712445259,61.6362892351151,35.4907423534393,0.927341230319431,0.55087341844224
"7381003",1988,0.971222961905845,0.6493906185823,43.7859158620834,7.35015374183655,43.5759114694595,158.028305449486,110.462310520172,118.652481832504,45.6759553956985,6.30013177871704,6.30013177871704,0.403311203615846
"7381003",1989,6.61513836765289,0.32491955486258,4.20008785247803,NA,32.3406764640808,94.6069788770676,NA,NA,14.805309679985,8.40017570495606,0.920990327887236,19.5304085140228
"7381003",1990,6.93014495658874,2.73005710411072,107.522249023438,26.5655556669235,44.730935628891,26.0405446853638,67.4114100322723,18.1653799619675,102.902152385712,30.1356303415298,18.4803865509033,3.15006588935852
"7381003",1991,25.2005271148682,0.979201266043167,0.564806597228367,21.9454590291977,259.250422694206,156.558274701118,125.687628985405,29.2956127710342,54.7061442785263,43.4709092731476,8.40017570495606,43.0509004878998
"7381003",1992,0.291674240481702,3.78007906723022,28.7706017894745,71.2964912958145,374.752838637352,361.417559705734,23.2054853849411,127.05265753746,67.6214144248962,2.41505051517487,1.15502415943146,1.05002196311951
"7381003",1993,0.525010981559753,0.957995349955784,0.940880284577867,92.6119371471405,172.728612933159,131.35774758625,63.1063199834824,64.0513397502899,7.6651603307724,9.66020206069946,0.525010981559753,2.62505490779877
"7381003",1994,0.153240752638736,0.977323291985211,2.62505490779877,65.6263726949692,82.3217219085693,113.927382998466,177.663716159821,11.9702503795624,42.4208873100281,18.5853887472153,0.883887243288609,1.68003514099121
"7381003",1995,0.0173223114654966,0.525010981559753,0.280351007603728,94.2919722881317,19.8454151029587,110.35730832386,233.62988679409,72.451515455246,12.705265753746,22.4704700107574,0.816664145654325,1.0065138153234
"7381003",1996,0.461373738923013,3.67507687091827,4.20008785247803,41.7908741321564,38.325801653862,91.3519107913971,90.9319020061493,117.182451084137,4.72509883403778,5.88012299346924,5.46011420822144,9.24019327545166
"7381003",1997,6.09012738609314,1.99504172992706,0.210004392623901,75.9165879335403,85.4717877979279,362.572583865166,54.7061442785263,104.372183134079,99.4370799074173,160.96836694622,39.9008345985413,19.8454151029587
"7381003",1998,0.654577787113407,0.291495930237156,0.489140395478395,24.2555073480606,68.3564297990799,73.3965352220535,5.56511640453339,13.9652921094894,28.5605973968506,0.56071675229847,0.847167807610296,5.67011860084534
"7381003",1999,0.630013177871704,2.62505490779877,6.72014056396484,9.87020645332336,53.0261091375351,147.528085818291,48.3010103034973,84.8417746200562,206.119311360359,7.56015813446045,5.56511640453339,0.102098227933523
"7381003",2000,0.122947622789594,25.7255380964279,0.686867520447041,10.1852130422592,25.620535900116,482.170085464478,17.2203601951599,19.6354107103348,197.824137851715,5.77512079715729,6.82514276027679,0.554301559428971
"7381003",2001,17.6403689804077,0.756574429599109,0.91758234551989,42.0008785247803,215.674511224747,100.697106263161,297.366219955444,150.048138529778,25.4105315074921,7.35015374183655,7.56015813446045,0.720818467428377
"7381003",2002,0.671769110091949,40.425845580101,78.2266362524033,21.8404568328857,253.790308485985,132.93278053093,125.372622396469,278.675829011917,101.74712822628,64.9963595170975,10.0802108459473,1.57503294467926
"7381003",2003,0.0767558807908143,0.567929852787629,0.442858522526241,1.57503294467926,117.602459869385,133.142784923553,63.6313309650421,36.225757727623,41.8958763284683,18.0603777656555,56.1761750268936,0.420008785247803
"7381003",2004,0.00170112529864666,0.210004392623901,25.620535900116,78.9616516265869,24.1505051517487,99.1220733184815,179.868762282372,112.982363231659,55.6511640453339,29.9256259489059,16.3803426246643,27.5105754337311
"7381003",2005,0.616721063375843,0.369056887210713,40.2158411874771,3.04506369304657,175.45867003727,295.161173832893,91.1419063987732,228.379776978493,26.7755600595474,17.115357998848,26.7755600595474,7.4551559381485
"7381003",2006,5.77512079715729,7.98016691970825,1.57503294467926,32.5506808567047,44.8359378252029,254.945332645416,189.318959950447,130.307725623131,27.3005710411072,57.2261969900131,0.959868385328014,13.1252745389938
"7381003",2007,2.62505490779877,48.4060124998093,22.4704700107574,16.3803426246643,10.5002196311951,64.8913573207855,124.427602629662,94.6069788770676,4.20008785247803,5.46011420822144,0.303773752073531,1.47003074836731
"7381003",2008,0.166950743706666,0.533762615525865,3.57007467460632,62.6863111982346,296.421200188637,97.3370359811783,127.472666322708,109.622292949677,39.1658192243576,4.20008785247803,0.783829991712104,1.89003953361511
"7381003",2009,0.30628194433349,0.00884667817957397,0.654641447777212,0.105002196311951,81.7967109270096,133.142784923553,54.2861354932785,135.66283763504,37.8007906723022,29.9256259489059,24.6755161333084,0.840949576157761
"7381003",2010,0.525010981559753,0.735015374183655,0.578295581804476,1.36502855205536,53.0261091375351,177.138705178261,144.79802871418,27.9305842189789,22.7854765996933,25.515533703804,10.1852130422592,13.6502855205536
"7378002",1981,NA,NA,NA,NA,NA,NA,NA,NA,NA,NA,NA,NA
"7378002",1982,NA,NA,13.1815475463867,19.7187377929687,264.059619140625,285.707363891602,225.479479980469,86.8053131103516,189.042681884766,50.7971832275391,10.3952041625977,0.702666334167048
"7378002",1983,13.2887145996094,14.2532180786133,0.0292442336465797,21.3262435913086,69.0155822753906,146.604528808594,189.471350097656,93.6640045166016,32.3644500732422,3.429345703125,0.668888764163253,0.910163616814671
"7378002",1984,0.587914066562956,6.43002319335938,9.85936889648437,20.0402389526367,260.951774597168,176.28980255127,406.377465820312,89.2701553344726,74.5882690429687,81.982795715332,12.1098770141602,0.542150083778335
"7378002",1985,2.46484222412109,0.63339593186555,17.8968978881836,39.0088073730469,126.028454589844,54.7623641967773,163.751257324219,8.25186309814453,57.2272064208984,91.6278305053711,12.0027099609375,0.27099929865835
"7378002",1986,3.21501159667969,0.226388711126933,29.6852737426758,125.385452270508,325.252006530762,247.448725891113,50.2613479614258,123.134944152832,22.1835800170898,20.57607421875,74.8026031494141,0.746433574194526
"7378002",1987,0.521117816047145,0.389218056337271,34.9364593505859,15.4320556640625,95.3786773681641,51.9760208129883,398.232769775391,131.815475463867,60.5493850708008,40.830647277832,0.367351418999939,0.00426891442377908
"7378002",1988,0.494770243323615,1.02055758126277,39.4374755859375,10.288037109375,53.4763595581055,214.012605285645,92.913835144043,146.497361755371,59.5848815917969,12.1098770141602,6.96585845947266,0.189663914931082
"7378002",1989,3.21501159667969,0.716802437093019,7.39452667236328,0.495493931601218,54.1193618774414,130.31513671875,139.853004455566,77.1602783203125,17.3610626220703,11.3597076416016,1.82183990478516,34.614958190918
"7378002",1990,1.82183990478516,6.96585845947266,93.0210021972656,23.8982528686523,42.8668212890625,29.0422714233398,64.0858978271484,16.9323944091797,141.567677307129,23.8982528686523,20.897575378418,0.492359022906119
"7378002",1991,9.32353363037109,0.746430390847202,0.923911288239076,26.4702621459961,225.372312927246,166.430433654785,141.460510253906,27.2204315185547,62.9070602416992,35.2579605102539,9.43070068359375,52.2975219726562
"7378002",1992,0.0754133568882125,3.21501159667969,43.6169906616211,65.157568359375,318.821983337402,329.538688659668,30.2211090087891,102.451702880859,42.3309860229492,11.6812088012695,11.0382064819336,1.28600463867187
"7378002",1993,2.35767517089844,0.489811449028387,0.37711842039069,64.4073989868164,170.824282836914,129.564967346191,91.4134963989258,50.5828491210938,18.2183990478516,15.7535568237305,17.6825637817383,10.288037109375
"7378002",1994,0.517926091164621,0.565037886438806,2.67917633056641,90.1274917602539,60.1207168579102,144.03251953125,158.607238769531,14.7890533447266,42.3309860229492,27.3275985717773,1.28600463867187,9.43070068359375
"7378002",1995,0.202632652854148,0.470156283426647,0.951341647186766,70.5159210205078,28.6136032104492,101.165698242188,284.85002746582,80.9111251831055,18.2183990478516,28.1849349975586,0.771181010362671,0.325259017396376
"7378002",1996,2.14334106445312,14.038883972168,5.1440185546875,34.7221252441406,47.2606704711914,75.8742736816406,54.6551971435547,119.169763183594,1.92900695800781,6.32285614013672,11.7883758544922,9.64503479003906
"7378002",1997,4.82251739501953,5.89418792724609,1.07167053222656,54.86953125,95.1643432617187,338.004885864258,61.5138885498047,80.9111251831055,100.094027709961,134.601818847656,49.6183456420898,4.17951507568359
"7378002",1998,0.0756714710131874,0.321501159667969,0.898338643758123,23.683918762207,64.3002319335938,60.0135498046875,3.32217864990234,13.7173828125,59.4777145385742,0.786945800911404,0.455876429837527,8.03752899169922
"7378002",1999,1.39317169189453,8.78769836425781,8.35903015136719,20.1474060058594,53.1548583984375,187.113674926758,62.049723815918,91.6278305053711,213.369602966309,6.53719024658203,0.428668212890625,0.0591470139744317
"7378002",2000,0.377013475724507,30.864111328125,1.03543532826194,9.10919952392578,24.7555892944336,437.241577148438,15.4320556640625,23.683918762207,165.680264282227,7.93036193847656,5.46551971435547,0.107167053222656
"7378002",2001,27.434765625,0.636299041574585,0.906956812826578,56.5842041015625,226.229649353027,83.1616333007812,272.31148223877,139.317169189453,12.9672134399414,10.9310394287109,8.35903015136719,0.127682344000966
"7378002",2002,0.162588258425444,47.0463363647461,75.9814407348633,21.4334106445312,226.765484619141,145.64002532959,127.207292175293,228.801658630371,98.9151901245117,53.5835266113281,16.0750579833984,0.85733642578125
"7378002",2003,35.2579605102539,0.202481169885761,1.05220259824931,7.28735961914062,62.3712249755859,125.49261932373,69.1227493286133,58.4060440063477,47.5821716308594,16.0750579833984,49.7255126953125,1.92900695800781
"7378002",2004,0.386735742327278,3.64367980957031,30.0067749023438,143.603851318359,16.0750579833984,98.2721878051758,127.528793334961,57.0128723144531,48.1180068969727,40.9378143310547,22.6122482299805,34.9364593505859
"7378002",2005,0.321501159667969,0.214334106445313,33.971955871582,0.643002319335937,193.222196960449,306.819273376465,80.3752899169922,201.045391845703,30.0067749023438,14.4675521850586,40.9378143310547,14.7890533447266
"7378002",2006,8.03752899169922,4.07234802246094,0.819122169917136,36.9726333618164,45.2244964599609,249.377732849121,214.548440551758,144.354020690918,33.0074523925781,68.4797470092773,0.0753442616832948,17.7897308349609
"7378002",2007,3.64367980957031,44.581494140625,17.3610626220703,18.0040649414063,12.7528793334961,72.7664291381836,102.023034667969,72.2305938720703,5.1440185546875,4.71535034179688,0.465077732842683,3.75084686279297
"7378002",2008,0.321501159667969,0.911043587534387,11.3597076416016,53.6906936645508,233.088340759277,100.201194763184,146.390194702148,116.383419799805,39.8661437988281,4.71535034179688,1.01156481844756,1.60750579833984
"7378002",2009,0.875662803672921,0.47632351983221,0.831346449955457,0.623587948932659,107.381387329102,162.358085632324,76.3029418945313,140.81750793457,30.3282760620117,49.4040115356445,26.4702621459961,0.0434393148311897
"7378002",2010,2.46484222412109,3.00067749023437,0.226359289242645,8.03752899169922,52.4046890258789,156.999732971191,154.642057800293,24.1125869750977,23.683918762207,34.29345703125,13.1815475463867,11.0382064819336
"7374005",1981,7.14485201358795,6.59524801254272,12.091288022995,73.0973321390152,469.911420893669,92.3334721755981,109.920800209045,177.522092337608,85.7382241630554,31.3274280595779,0.413539345127905,0.948485775719929
"7374005",1982,6.0456440114975,0.336210300521049,18.1369320344925,34.6250520658493,305.689745381355,461.667360877991,233.581700444221,178.621300339699,297.885368566513,137.950604262352,9.89287201881409,0.760667016844338
"7374005",1983,28.5794080543518,3.29762400627136,0.649034617378655,36.8234680700302,113.218424215317,180.270112342834,226.986452431679,119.264068226814,77.494164147377,8.79366401672363,2.19841600418091,2.74802000522614
"7374005",1984,0.185756179293923,6.59524801254272,10.4424760198593,30.7778240585327,364.937056694031,222.589620423317,515.528552980423,99.4783241891861,126.408920240402,116.516048221588,7.14485201358795,0.0413628371928724
"7374005",1985,3.84722800731659,1.09144580826094,36.8234680700302,70.8989161348343,218.192788414955,67.0516881275177,236.329720449448,7.69445601463318,84.639016160965,133.004168252945,34.0754480648041,0.640957397862242
"7374005",1986,3.84722800731659,0.523225901278767,24.18257604599,148.393080282211,469.911420893669,384.063275930405,103.875156197548,257.764276490212,30.2282200574875,55.5100041055679,134.652980256081,1.03668446966401
"7374005",1987,0.402427669331773,0.828635447060975,84.0894121599197,7.69445601463318,133.004168252945,78.0437681484222,616.1060851717,238.528136453629,113.218424215317,70.3493121337891,0.611213956190028,0.896773944093377
"7374005",1988,0.471379900504716,0.164675985600034,32.9762400627136,14.8393080282211,59.3572321128845,240.176948456764,102.226344194412,201.155064382553,58.2580241107941,24.18257604599,10.4424760198593,0.535415828229962
"7374005",1989,1.64881200313568,0.146407195813887,7.69445601463318,0.153466077481852,46.1667360877991,151.690704288483,184.666944351196,185.216548352242,34.6250520658493,26.3809920501709,2.19841600418091,43.4187160825729
"7374005",1990,1.64881200313568,7.69445601463318,85.7382241630554,54.9604001045227,37.9226760721207,57.1588161087036,113.768028216362,40.1210920763016,215.444768409729,51.6627760982513,33.5258440637589,0.134441992453042
"7374005",1991,6.59524801254272,0.932480918665235,0.153134629067272,61.4457273168564,392.966860747337,187.414964356422,309.427052588463,47.8155480909348,60.456440114975,67.6012921285629,24.9520216474533,140.149020266533
"7374005",1992,0.0418770173408853,0.405099771429773,47.2659440898895,0.612249492487882,NA,359.990620684624,68.1508961296082,108.821592206955,0.0372383467728137,0.0949123630634223,0.587472643348404,0.523081384397542
"7374005",1993,5.49604001045227,0.219091799158666,1.03719853285233,68.1508961296082,216.543976411819,200.605460381508,152.240308289528,73.0973321390152,18.6865360355377,0.973486651810184,0.427842396419183,0.565508985015088
"7374005",1994,0.13614754041478,0.126399255827688,2.74802000522614,100.577532191277,78.5933721494675,270.954772515297,300.083784570694,40.6706960773468,48.9147560930252,35.7242600679398,3.29762400627136,13.1904960250854
"7374005",1995,0.837774959772392,0.707851985306125,0.484304657567498,146.744268279076,52.2123800992966,278.099624528885,325.91517261982,161.583576307297,42.8691120815277,47.3758648900986,1.09920800209045,0.691839850645668
"7374005",1996,0.245258925648636,1.64881200313568,5.49604001045227,60.456440114975,89.585452170372,112.119216213226,51.1131720972061,219.841600418091,4.39683200836182,10.9920800209045,31.8770320606232,8.79366401672363
"7374005",1997,0.335147512870624,14.8393080282211,0.882467013169741,140.149020266533,137.950604262352,465.514588885307,152.240308289528,143.996248273849,202.254272384644,216.543976411819,41.8798248796463,0.570945555377498
"7374005",1998,0.628905991624548,0.572081673428437,0.381862432787271,50.5635680961609,12.201208823204,83.7596497592926,0.442234081403863,19.7857440376282,84.639016160965,0.438005870769634,0.0200690525775435,0.330693468424713
"7374005",1999,0.494037673156228,15.3889120292664,12.091288022995,14.2897040271759,98.9287201881409,254.026969283104,85.8481449632645,189.063776359558,250.619424476624,16.4881200313568,0.0459089619321591,0.646403338052498
"7374005",2000,0.37364128093217,124.210504236221,1.0188000155718,9.89287201881409,62.6548561191559,673.814505281448,54.9604001045227,10.9920800209045,249.520216474533,8.90358481693268,0.548918510776877,0.974360400605344
"7374005",2001,71.7782825365067,0.935518677456728,0.441512965008241,71.4485201358795,188.514172358513,46.9361816892624,500.689244952202,246.772196469307,NA,1.64881200313568,9.34326801776886,0.129007718032441
"7374005",2002,0.560074443916149,44.5179240846634,176.972488336563,28.0298040533066,300.633388571739,261.611504497528,215.444768409729,393.516464748383,123.111296234131,85.7382241630554,18.6865360355377,9.34326801776886
"7374005",2003,53.8611921024322,0.917584347861242,0.93041140979759,20.8849520397186,103.325552196503,235.230512447357,128.607336244583,52.2123800992966,56.0596081066132,72.54772813797,56.0596081066132,10.9920800209045
"7374005",2004,0.141085260026858,5.49604001045227,38.4722800731659,212.147144403458,32.9762400627136,192.361400365829,211.047936401367,79.6925801515579,116.516048221588,95.6310961818695,25.2817840480804,31.8770320606232
"7374005",2005,0.0521978590389762,0.838249583230843,26.3809920501709,0.0126992551914119,411.10379278183,435.28636882782,173.674864330292,328.663192625046,51.6627760982513,14.2897040271759,79.1429761505127,25.2817840480804
"7374005",2006,20.8849520397186,5.71588161087036,0.493558658462735,53.8611921024322,107.722384204864,389.119632740021,NA,230.833680438995,71.4485201358795,178.071696338654,2.19841600418091,15.3889120292664
"7374005",2007,4.39683200836182,54.9604001045227,14.2897040271759,18.6865360355377,40.6706960773468,120.91288022995,184.666944351196,137.401000261307,8.79366401672363,19.7857440376282,0.590083387162926,1.09920800209045
"7374005",2008,0.958458151751983,0.148232950187943,5.49604001045227,74.7461441421509,274.252396521568,145.09545627594,270.405168514252,229.734472436905,45.6171320867538,6.0456440114975,0.0564901244278588,1.64881200313568
"7374005",2009,0.255976529176289,1.09777335529979,0.844834782748347,0.375846980788836,187.964568357468,267.657148509026,151.141100287437,198.956648378372,90.6846601724625,83.5398081588745,49.4643600940704,0.24778288972165
"7374005",2010,10.4424760198593,1.64881200313568,0.566369112228831,0.621838859051667,81.3413921546936,244.024176464081,186.315756354332,84.639016160965,13.7401000261307,37.4829928712845,32.9762400627136,18.6865360355377
"7341002",1981,7.79520131349564,6.23616105079651,20.787203502655,108.613138301373,394.437186462879,36.3776061296463,107.57377812624,68.5977715587616,55.0860892820358,2.0787203502655,0.835736372940638,0.332815969977424
"7341002",1982,19.7478433275223,0.771155864202646,13.5116822767258,9.87392166376114,360.138300683498,337.792056918144,287.902768511772,183.966750998497,199.037473537922,77.9520131349564,0.480803426583818,0.208470391806336
"7341002",1983,16.629762802124,4.15744070053101,0.014405868467388,19.7478433275223,130.959382066727,299.335730438232,191.761952311993,136.15618294239,47.8105680561066,0.574377384773946,0.492593336489592,0.361889812312819
"7341002",1984,8.31488140106201,6.75584113836288,4.15744070053101,19.7478433275223,305.571891489029,171.494428896904,521.758807916641,136.15618294239,167.336988196373,78.9913733100891,2.0787203502655,0.689658062004007
"7341002",1985,2.0787203502655,0.522775983478547,8.31488140106201,38.9760065674782,138.234903292656,138.754583380222,197.998113362789,18.1888030648232,47.8105680561066,35.3382459545136,8.83456148862839,0.476180168979588
"7341002",1986,3.63776061296463,0.178087417810427,23.3856039404869,143.43170416832,323.656758536339,308.79390803194,66.103307138443,176.379421720028,16.7336988196373,14.0313623642921,115.161107404709,0.374072356279571
"7341002",1987,0.932972971109543,5.19680087566376,36.6894141821861,11.4329619264603,143.847448238373,86.2668945360184,520.407639688969,204.026402378559,93.3345437269211,20.3714594326019,0.0609117259607088,0.165555829597793
"7341002",1988,0.966993480291458,0.459615641646363,75.8732927846909,7.27552122592926,41.5744070053101,210.990115551949,218.265636777878,203.922466361046,58.7238498950005,6.23616105079651,14.5510424518585,0.571304311158665
"7341002",1989,0.901508485128726,0.965104617908107,3.11808052539825,0.78691351544743,25.9840043783188,143.951384255886,192.801312487125,104.975377688408,31.1808052539825,12.472322101593,0.975263712576701,21.8265636777878
"7341002",1990,7.27552122592926,0.467252516171266,119.526420140266,31.7004853415489,57.1648096323013,44.1728074431419,115.888659527302,34.2988857793808,84.8117902908325,41.0547269177437,15.5904026269913,0.645064711973582
"7341002",1991,26.5036844658852,0.190017250860516,0.236097355839022,30.972933218956,340.598329391003,188.124191699028,138.234903292656,62.3616105079651,95.1014560246468,77.43233304739,11.4329619264603,39.4956866550446
"7341002",1992,0.581038187879175,5.19680087566376,38.4563264799118,67.5584113836289,535.790170280933,366.894141821861,36.8972862172127,143.951384255886,79.5110533976555,7.27552122592926,7.27552122592926,2.0787203502655
"7341002",1993,0.323769328277479,0.255030459060874,0.965674054409954,98.7392166376114,207.87203502655,205.793314676285,86.2668945360184,90.4243352365494,5.19680087566376,11.4329619264603,0.404366044805685,7.27552122592926
"7341002",1994,0.132062938263295,3.11808052539825,3.11808052539825,117.135891737461,101.85729716301,155.904026269913,283.745327811241,3.11808052539825,123.683860840797,78.9913733100891,0.161255526527436,0.714732399475994
"7341002",1995,0.362662026503959,0.120540951315501,0.0424849849643574,115.368979439735,3.11808052539825,0.361789510993248,0.598819161858784,24.1131560630798,21.3068835902214,34.5067578144074,0.87871969412769,1.03841792201616
"7341002",1996,0.587510965062132,7.27552122592926,4.15744070053101,28.5824048161507,35.9618620595932,149.979673271656,107.158034056187,130.7515100317,19.3320992574692,12.7841301541328,0.941780940742876,0.649063694128011
"7341002",1997,5.30073689317703,7.27552122592926,1.03936017513275,104.767505653381,122.852372700691,329.477175517082,82.3173258705139,83.0448779931069,123.995668893337,158.606362725258,42.5098311629295,4.15744070053101
"7341002",1998,0.989595509309577,0.987226898089694,0.275527012674009,51.8640727391243,89.4889110789299,100.817936987877,18.3966750998497,25.1525162382126,62.3616105079651,0.58523797231854,0.214461880339223,0.334547860917851
"7341002",1999,5.71648096323013,5.30073689317703,13.3038102416992,8.21094538354874,63.9206507706642,176.171549685001,64.5442668757439,116.512275632381,125.03502906847,0.42477627278863,6.23616105079651,0.300586370903769
"7341002",2000,0.71380809318507,42.6137671804428,0.792907944702324,1.2472322101593,46.3554638109207,553.355357240677,6.34009706830978,35.5461179895401,202.15555406332,12.6801941366196,15.0707225394249,0.756335537848345
"7341002",2001,19.3320992574692,0.989298393297008,4.67712078809738,38.2484544448853,281.458735425949,102.065169198036,451.809868130207,157.255194497585,44.6924875307083,11.4329619264603,11.0172178564072,0.0667015485288664
"7341002",2002,0.262054175381618,47.9145040736198,52.3837528266907,30.2453810963631,284.265007898808,140.833303730488,146.757656728745,423.539271366596,95.3093280596733,137.819159222603,13.1998742241859,0.492759318128573
"7341002",2003,9.66604962873459,0.210749799108705,0.949407360604173,1.2472322101593,99.9864488477707,194.048544697285,84.0842381682396,25.4643242907524,71.5079800491333,39.287814620018,51.4483286690712,0.74416700587021
"7341002",2004,0.150981799117387,0.427457253201533,39.1838786025047,73.3788283643723,35.6500540070534,95.3093280596733,228.659238529205,127.321621453762,76.9126529598236,48.745992213726,3.74169663047791,8.62668945360184
"7341002",2005,0.765343608465397,0.866727905785666,27.7509166760445,0.831488140106201,210.574371481895,348.289594686985,176.379421720028,250.797610259533,54.1506651244163,19.8517793450356,35.4421819720268,2.18265636777878
"7341002",2006,1.14329619264603,0.333892113547503,1.76691229772568,1.14329619264603,63.4009706830978,282.705967636108,251.109418312073,180.432926403046,26.7115565009117,65.6875630683899,3.63776061296463,4.36531273555756
"7341002",2007,22.658051817894,38.5602624974251,7.37945724344253,27.6469806585312,6.02828901576996,88.9692309913635,182.511646753311,99.7785768127441,32.6359094991684,6.44403308582306,6.34009706830978,6.23616105079651
"7341002",2008,0.785346600415185,0.455108901439858,3.22201654291153,53.3191769843101,387.78528134203,107.2619700737,145.094680448532,136.675863029957,36.0657980771065,5.50860892820358,0.690652816881822,0.416838126230768
"7341002",2009,1.0379295317838,0.985939289213464,0.183728833135122,2.28659238529205,60.4907621927261,155.800090252399,106.63835396862,234.167847457409,48.9538642487526,34.9225018844605,34.0910137443542,0.688145758686506
"7341002",2010,1.14329619264603,17.1494428896904,0.255775435758201,0.944000033478722,43.9649354081154,217.122340585232,162.036251303196,67.6623474011421,22.9698598704338,0.774005452383171,3.63776061296463,0.570529833347243
"7359005",1981,2.86689749908447,2.12362777709961,26.8638913803101,101.297044967651,432.689159584045,66.2571866455078,99.0672358016968,89.1923666381836,40.7736533203125,20.8115522155762,6.26470194244385,0.246751259805092
"7359005",1982,25.2711705474854,0.267482715785037,26.970072769165,20.3868266601562,311.960920455933,264.073114082336,256.746598251343,118.286067184448,189.639960494995,53.7277827606201,2.44217194366455,0.617144079179512
"7359005",1983,8.49451110839844,1.80508361053467,0.897736777370554,21.2362777709961,81.44112525177,202.169364379883,242.41211075592,108.7297421875,36.1016722106934,9.2377808303833,6.37088333129883,0.627180553728252
"7359005",1984,0.795790035067583,5.73379499816895,12.1046783294678,39.9242022094727,279.363234077454,168.403682723999,492.256918731689,89.1923666381836,101.297044967651,105.862844688416,14.0159433288574,0.899486886933793
"7359005",1985,7.75124138641357,0.508917078202956,19.1126499938965,45.3394530410767,144.619051620483,48.737257484436,211.194782432556,16.6704780502319,55.5328663711548,113.507904685974,8.91923666381836,0.6640921449107
"7359005",1986,7.11415305328369,0.419062550942759,30.2616958236694,163.94406439209,363.458894050598,321.623426841736,53.9401455383301,139.097619400024,23.2537241592407,24.5279008255005,91.1036316375732,0.78475748102394
"7359005",1987,0.204303531327126,1.0505624607348,40.2427463760376,20.3868266601562,98.8548730239868,79.9545858078003,422.283383476257,150.777572174072,84.5203855285644,40.5612905426025,0.0940877051603732,0.753980488790336
"7359005",1988,0.88814593133331,0.331823583173987,43.428188041687,21.1300963821411,49.161983039856,246.977910476685,116.799527740479,179.340365776062,40.0303835983276,12.3170411071777,4.77816249847412,0.838879899580684
"7359005",1989,6.15852055358887,0.754986152866403,7.22033444213867,0.677285025080836,58.0812197036743,171.164398834229,149.821939674377,87.2811016387939,31.3235097122192,9.02541805267334,2.65453472137451,NA
"7359005",1990,0.0759642043454045,9.13159944152832,93.8643477478027,44.0652763748169,65.301554145813,45.8703599853516,67.9560888671875,21.767184715271,144.194326065063,27.07625415802,30.7926027679443,1.02478620005192
"7359005",1991,22.2980916595459,0.713311126206806,0.594687627765595,35.7831280441284,277.133424911499,181.676356330872,134.10709412384,23.3599055480957,74.9640605316162,70.3982608108521,9.98105055236817,82.8214833068848
"7359005",1992,0.822395399722624,1.0618138885498,43.1096438751221,78.6804091415405,458.278874298096,375.563572380066,43.8529135971069,113.295541908264,52.2412433166504,25.4835333251953,11.4675899963379,0.294617078911274
"7359005",1993,1.03573783213614,0.96522982188194,0.561227167889919,92.483989692688,165.112059669495,163.30697605896,101.297044967651,54.57723387146,6.47706472015381,36.6325791549683,20.0682824935913,11.2552272186279
"7359005",1994,0.955632499694824,0.10618138885498,0.456794908508066,87.174920249939,81.44112525177,210.239149932861,145.680865509033,17.0952036056519,59.4615777587891,17.3075663833618,1.91126499938965,10.1934133300781
"7359005",1995,0.0116265886780891,2.01744638824463,0.643662935134043,81.759669418335,34.8274955444336,139.840889122009,297.520251571655,80.6978555297852,14.4406688842773,31.2173283233643,0.145810627568138,0.00148213140824303
"7359005",1996,1.38035805511475,14.3344874954224,6.05233916473389,36.6325791549683,39.8180208206177,97.2621521911621,53.5154199829102,112.233728019714,4.77816249847412,3.71634860992432,17.3075663833618,5.83997638702393
"7359005",1997,0.212362777709961,19.6435569381714,1.0618138885498,82.2905763626099,93.6519849700928,371.634860992432,68.3808144226074,76.4505999755859,108.09265385437,108.198835243225,43.746732208252,5.415250831604
"7359005",1998,1.01044876652488,0.764024972616488,0.572254841260825,15.2901199951172,71.8848002548218,63.6026519241333,6.15852055358887,23.9969938812256,26.6515286026001,0.780399155475659,0.904220423531391,5.30906944274902
"7359005",1999,1.27417666625977,11.5737713851929,5.20288805389404,15.8210269393921,65.9386424789429,210.876238265991,67.4251819229126,109.897737464905,223.830367706299,7.00797166442871,2.33599055480957,0.318544166564941
"7359005",2000,0.706208211626417,26.6515286026001,0.780296288288961,9.45014360809326,52.0288805389404,420.159755699158,22.8289986038208,32.810049156189,249.950989364624,6.79560888671875,7.00797166442871,0.212362777709961
"7359005",2001,26.8638913803101,0.773614673517671,0.133339317605684,61.7975683135986,221.494377151489,82.0782135848999,313.447459899902,147.167404953003,19.8559197158813,14.7592130508423,19.0064686050415,0.207851977443482
"7359005",2002,0.955632499694824,73.7960652542114,76.7691441421509,29.9431516571045,226.909627983093,157.573181060791,135.062726623535,285.097029075623,75.0702419204712,75.2826046981812,9.87486916351318,4.24725555419922
"7359005",2003,37.1634860992432,0.256846557560617,0.676328360318709,11.6799527740479,79.9545858078003,140.265614677429,91.7407199707031,49.4805272064209,57.7626755371094,25.6958961029053,79.8484044189453,2.01744638824463
"7359005",2004,0.990704073695427,2.54835333251953,46.6136297073364,121.790053016663,17.7322919387817,101.827951911926,177.004375221252,86.5378319168091,69.2302655334473,57.4441313705444,27.7133424911499,30.0493330459595
"7359005",2005,0.955632499694824,1.0618138885498,38.012937210083,5.83997638702393,157.466999671936,342.541160446167,93.6519849700928,216.503851875305,34.7213141555786,10.724320274353,38.225299987793,NA
"7359005",2006,NA,7.43269721984863,1.02788965203052,40.7736533203125,55.4266849822998,227.971441871643,181.039267997742,147.379767730713,43.0034624862671,69.9735352554321,0.390088632793001,NA
"7359005",2007,14.1221247177124,56.8070430374146,24.4217194366455,25.2711705474854,21.979547492981,72.7342513656616,150.140483840942,86.7501946945191,5.62761360931396,2.01744638824463,0.3104527081376,8.28214833068848
"7359005",2008,2.44217194366455,0.969830199081792,8.81305527496338,74.5393349761963,346.682234611511,127.417666625977,181.039267997742,130.072201347351,48.3125319290161,3.61016722106934,0.645198798195276,2.12362777709961
"7359005",2009,0.693381628145473,0.458641879227029,0.423334297084807,0.697480949726801,135.912177734375,218.202754096985,96.0941569137573,160.652441337585,48.843438873291,71.6724374771118,30.5802399902344,0.124557478056619
"7359005",2010,1.0618138885498,10.618138885498,0.633294571872516,3.8225299987793,63.1779263687134,184.755616607666,117.330434684753,48.843438873291,30.2616958236694,47.2507180404663,27.07625415802,18.0508361053467
"7358008",1981,2.17090936660767,2.71363670825958,22.2518210077286,86.2936473226547,671.353721623421,86.8363746643066,129.169107313156,139.480926804543,88.4645566892624,28.7645491075516,18.4527296161652,0.414789607573215
"7358008",1982,18.4527296161652,1.62818202495575,18.9954569578171,32.0209131574631,372.310956373215,460.775513062477,318.580949549675,174.758204011917,295.786401200295,115.600923771858,18.9954569578171,0.211734410984723
"7358008",1983,8.68363746643066,10.8545468330383,0.939205227698604,38.5336412572861,129.169107313156,229.030938177109,250.197304501533,127.5409252882,58.614552898407,7.05545544147491,0.64641344847556,3.79909139156342
"7358008",1984,0.387339022950835,16.2818202495575,8.68363746643066,36.9054592323303,376.110047764778,216.548209319115,546.52643304348,118.85728782177,128.626379971504,151.963655662537,16.8245475912094,0.982095158795048
"7358008",1985,7.59818278312683,0.0149774960158342,32.563640499115,80.3236465644836,183.441841478348,66.2127356815338,263.765488042831,19.538184299469,86.8363746643066,150.335473637581,32.563640499115,0.780494906128175
"7358008",1986,0.542727341651916,0.297249242298291,29.3072764492035,141.109108829498,394.562777380943,332.149133090973,110.390741292,203.631298587799,41.2472779655457,38.5336412572861,129.386198249817,0.927396836923557
"7358008",1987,0.757571709624,2.71363670825958,63.4990989732742,7.59818278312683,101.164376483917,91.178193397522,560.854434863091,200.266389069557,137.310017437935,75.9818278312683,0.161522846799005,0.602945525418125
"7358008",1988,0.619137608476986,0.486587043034225,42.3327326488495,37.4481865739822,71.640009098053,343.003679924011,159.019111104012,217.090936660767,64.5845536565781,64.0418263149261,8.68363746643066,0.717872718127233
"7358008",1989,4.34181873321533,0.443400158085965,9.22636480808258,0.997211295850296,56.9863708734512,169.330930595398,202.980025777817,174.866749480247,37.4481865739822,31.3696403474808,2.17090936660767,39.076368598938
"7358008",1990,8.79218293476105,12.9169107313156,106.591649900436,44.0694601421356,87.0534656009674,72.3998273763657,108.328377393723,52.5360066719055,227.511301620483,57.0949163417816,41.0301870288849,0.6512728099823
"7358008",1991,2.71363670825958,0.191951832573933,0.108545468330383,71.9656455030441,372.853683714867,246.5067585783,261.051851334572,42.3327326488495,95.6285575990677,59.5914621133804,23.8800030326843,86.6192837276459
"7358008",1992,0.56244031497227,3.2563640499115,86.8363746643066,143.931291006088,395.756777532578,395.756777532578,0.884021289922127,125.044379516602,20.4065480461121,21.817639134407,16.2818202495575,2.71363670825958
"7358008",1993,4.34181873321533,0.217090936660767,0.130356029526195,98.9934671173096,245.855485768318,251.716941058159,117.771833138466,84.4483743610382,28.4389127025604,50.4736427736282,42.3327326488495,41.4643689022064
"7358008",1994,2.38800030326843,0.791723306628951,3.79909139156342,163.360929837227,79.2381918811798,244.444394680023,884.102839550972,32.563640499115,98.2336488389969,49.3881880903244,8.14091012477875,34.4089134607315
"7358008",1995,0.642908966774578,1.08545468330383,0.314179148515039,133.18528964138,54.2727341651917,240.428212351799,367.969137639999,129.169107313156,27.6790944242477,53.8385522918701,1.08545468330383,0.530585279061049
"7358008",1996,1.08545468330383,14.1109108829498,14.7621836929321,50.5821882419586,75.9818278312683,94.1089210424423,67.2981903648377,163.903657178879,5.97000075817108,9.22636480808258,35.9285500173569,7.70672825145721
"7358008",1997,1.08545468330383,18.4527296161652,0.542727341651916,150.444019105911,125.370015921593,461.318240404129,131.882744021416,121.353833593369,187.240932869911,231.201847543716,37.4481865739822,6.07854622650146
"7358008",1998,0.0849491135502527,0.108545468330383,3.2563640499115,73.2681911230087,79.2381918811798,72.1827364397049,18.4527296161652,43.9609146738052,56.9863708734512,0.99518919362082,0.0701853642698735,13.5681835412979
"7358008",1999,1.08545468330383,18.4527296161652,17.3672749328613,34.1918225240707,98.7763761806488,269.192761459351,87.3791020059586,153.483292219162,289.273673100472,15.1963655662537,0.542727341651916,0.489943675583446
"7358008",2000,0.472953028932463,59.7000075817108,0.51002461983243,11.9400015163422,69.4690997314453,599.496621588707,35.385822675705,38.6421867256165,220.672937115669,1.08545468330383,13.025456199646,0.771800506370658
"7358008",2001,66.7554630231857,0.652960561419295,2.17090936660767,78.152737197876,302.841856641769,149.792746295929,432.010963954926,227.402756152153,14.1109108829498,13.025456199646,17.9100022745132,0.822882673253755
"7358008",2002,14.6536382246017,61.8709169483185,167.16002122879,42.8754599905014,306.098220691681,214.920027294159,214.920027294159,372.310956373215,174.758204011917,129.711834654808,22.7945483493805,2.17090936660767
"7358008",2003,56.4436435317993,0.00194970728444455,0.848297525315298,21.7090936660767,84.665465297699,190.497296919823,106.374558963776,81.4091012477875,82.4945559310913,48.8454607486725,74.8963731479645,10.8545468330383
"7358008",2004,0.889078067039399,6.512728099823,28.2218217658997,205.150935144424,26.050912399292,162.818202495575,329.978223724365,66.2127356815338,112.887287063599,81.4091012477875,41.2472779655457,42.8754599905014
"7358008",2005,0.543466081198313,0.183046016477668,30.3927311325073,2.17090936660767,307.183675374985,451.549148254395,160.647293128967,289.816400442123,40.1618232822418,13.025456199646,56.4436435317993,48.8454607486725
"7358008",2006,8.14091012477875,9.22636480808258,0.747247047630512,47.2172787237167,82.4945559310913,358.200045490265,288.188218417168,225.774574127197,69.4690997314453,122.656379213333,2.71363670825958,22.7945483493805
"7358008",2007,19.538184299469,64.0418263149261,19.538184299469,42.8754599905014,17.3672749328613,104.74637693882,219.261846027374,120.485469846725,23.3372756910324,24.9654577159882,1.02719459230766,4.88454607486725
"7358008",2008,0.82424492243048,0.617435787317271,7.59818278312683,81.4091012477875,356.029136123657,166.074566545486,268.107306776047,166.617293887138,56.4436435317993,2.71363670825958,0.665879941592112,1.08545468330383
"7358008",2009,0.173458282735361,0.783154344688307,0.0634813681910123,2.17090936660767,218.17639134407,256.167305259705,140.023654146194,226.860028810501,77.6100098562241,92.8063754224777,56.9863708734512,0.920538004799181
"7358008",2010,8.68363746643066,6.512728099823,0.307230619494777,4.88454607486725,68.9263723897934,209.275662940979,198.09547970295,77.0672825145721,23.3372756910324,55.3581888484955,33.6490951824188,18.4527296161652
"7378003",1981,23.226271648407,4.20284915542603,16.0371875667572,110.601293563843,723.885466375351,144.334688100815,176.962069702148,210.142457771301,117.458573764801,41.0330799121857,27.7609246845245,0.160655772443352
"7378003",1982,9.40110995292664,0.619644962505723,31.1895647850037,45.3465303611755,418.18349096489,657.524690237045,425.593777633667,242.216832904816,379.362436923981,204.05938662529,29.8623492622375,0.673908096927511
"7378003",1983,19.3552263736725,14.9311746311188,0.995411642074585,48.6645691680908,151.523772182465,266.438516195297,318.531725463867,203.948785331726,106.730248289108,9.40110995292664,0.476593013544342,3.31803880691528
"7378003",1984,0.88763142200179,20.0188341350555,19.3552263736725,42.1390928478241,485.318476158142,291.987415008545,778.080100221634,176.962069702148,182.492134380341,131.062532873154,14.3781681632996,0.201494758178726
"7378003",1985,5.53006467819214,0.567491867045498,48.6645691680908,80.7389443016052,240.004807033539,97.3291383361816,356.357367862701,13.8251616954803,129.956519937515,201.847360754013,48.6645691680908,1.08581080686911
"7378003",1986,1.65901940345764,1.00403788005277,28.0927285652161,190.23422492981,531.992222042084,549.024821250915,159.265862731934,318.531725463867,40.1482695636749,74.9876770362854,186.141977067947,0.267573501250331
"7378003",1987,0.428094461149579,0.339433002329772,95.670118932724,7.18908408164978,153.514595466614,89.0340413188934,791.352255449295,284.245324459076,177.515076169968,88.2598322639465,1.65901940345764,11.6131358242035
"7378003",1988,0.83948208548569,0.553006467819214,49.6599808101654,53.0886209106445,80.7389443016052,482.774646406174,215.119515981674,317.425712528229,54.9688429012299,52.5356144428253,13.2721552276611,0.663607761383057
"7378003",1989,3.8710452747345,0.929923549584187,9.40110995292664,1.65901940345764,55.9642545433044,226.179645338058,258.254020471573,320.743751335144,47.5585562324524,42.0284915542603,2.76503233909607,27.0973169231415
"7378003",1990,8.84810348510742,7.18908408164978,166.123142932892,55.5218493690491,87.1538193283081,89.0340413188934,175.634854179382,73.5498602199554,283.139311523438,58.6186855888367,52.8674183235168,1.10601293563843
"7378003",1991,3.8710452747345,0.392552847238454,0.14135018304123,77.6421080818176,495.383193872452,316.31969959259,394.846618022919,63.5957437992096,131.615539340973,111.154300031662,39.8164656829834,147.320923027039
"7378003",1992,0.87713158374122,3.8710452747345,67.3561877803803,171.54260631752,673.008871335983,609.966134004593,148.537537256241,168.66697268486,93.4580930614471,43.1345044898987,9.17990736579895,0.0224817389596837
"7378003",1993,3.8710452747345,1.03010994382552,0.487707113405588,106.177241821289,346.735055322647,366.311484283447,175.85605676651,121.108416452408,25.9913039875031,58.0656791210175,38.1574462795258,41.475485086441
"7378003",1994,0.553006467819214,0.813348431130376,3.8710452747345,177.072670995712,109.495280628204,312.780458198547,459.880178638458,62.4897308635712,118.896390581131,67.4667890739441,3.8710452747345,25.7701014003754
"7378003",1995,0.444937687521072,1.10601293563843,0.544453284058136,198.750524534225,54.194633846283,381.021456327438,542.499344930649,209.589451303482,47.0055497646332,87.3750219154358,0.884810348510742,0.879904560831299
"7378003",1996,1.32721552276611,10.5071228885651,10.1753190078735,87.3750219154358,104.18641853714,157.606843328476,89.5870477867126,249.405916986465,7.74209054946899,9.40110995292664,46.452543296814,11.0601293563843
"7378003",1997,1.10601293563843,25.9913039875031,1.10601293563843,212.907490110397,201.626158166885,658.630703172684,185.257166719437,195.211283140183,248.852910518646,346.735055322647,53.6416273784637,11.0601293563843
"7378003",1998,0.499074934823727,2.76503233909607,2.76503233909607,130.509526405334,77.5315067882538,97.2185370426178,14.9311746311188,38.1574462795258,76.3148925590515,0.599149613440068,0.380288392203099,12.1661422920227
"7378003",1999,0.331803880691528,24.8852910518646,19.9082328414917,31.5213686656952,143.781681632996,387.768135234833,118.896390581131,241.663826436996,388.210540409088,27.3185195102692,1.65901940345764,2.43322845840454
"7378003",2000,0.452936839304117,86.2690089797974,0.401081393633443,29.8623492622375,78.9693236045837,910.580449911118,29.3093427944183,48.6645691680908,395.399624490738,16.8113966217041,18.8022199058533,3.31803880691528
"7378003",2001,120.002403516769,0.159240021586106,2.98623492622376,105.403032766342,371.620346374512,170.547194675446,707.848278808594,320.743751335144,20.4612393093109,25.5488988132477,11.281331943512,0.942804367274525
"7378003",2002,2.43322845840454,86.9326167411804,241.663826436996,43.6875109577179,395.952630958557,348.947081193924,272.079182167053,543.052351398468,170.325992088318,133.274558744431,47.0055497646332,11.0601293563843
"7378003",2003,97.8821448040009,0.0530721829848338,0.0414954584673324,24.8852910518646,139.910636358261,294.752447347641,138.251616954803,58.6186855888367,104.518222417831,82.9509701728821,88.4810348510742,13.2721552276611
"7378003",2004,0.230976160983307,6.63607761383057,62.4897308635712,305.701975410461,32.0743751335144,243.322845840454,389.316553344727,149.864752779007,174.197037363052,116.684364709854,45.3465303611755,41.475485086441
"7378003",2005,2.21202587127686,0.221202587127686,26.5443104553223,0.774209054946899,462.755812271118,635.183228937149,221.755593595505,443.179383310318,83.5039766407013,45.3465303611755,95.1171124649048,74.1028666877747
"7378003",2006,35.9454204082489,8.84810348510742,0.345023301142248,72.443847284317,127.191487598419,510.977976264954,432.451057834625,356.136165275574,116.131358242035,165.901940345764,4.42405174255371,22.7838664741516
"7378003",2007,11.0601293563843,53.6416273784637,22.1202587127686,27.7609246845245,42.3602954349518,191.340237865448,382.680475730896,169.219979152679,37.1620346374512,29.3093427944183,0.663607761383057,4.42405174255371
"7378003",2008,0.406227289459337,0.728654511179728,4.42405174255371,116.684364709854,496.046801633835,245.092466537476,357.242178211212,299.729505558014,68.5728020095825,8.84810348510742,0.674714485897321,2.43322845840454
"7378003",2009,0.826190122188575,0.553006467819214,0.490334237309031,2.21202587127686,298.070486154556,333.462900094986,189.349414581299,323.50878367424,100.868379730225,105.071228885651,63.2639399185181,0.762497563156205
"7378003",2010,14.8205733375549,7.18908408164978,0.705272711610461,1.10601293563843,94.0110995292664,320.190744867325,294.752447347641,123.320442323685,20.7930431900024,65.8077696704865,40.9224786186218,45.3465303611755
"7320002",1981,12.9946161460876,4.5198664855957,13.5595994567871,200.682071960449,1294.60275813675,140.906837688446,323.396447044373,455.150555099487,212.998708133698,66.1030473518372,9.03973297119141,0.204636888492958
"7320002",1982,13.5595994567871,6.32781307983398,57.6282976913452,68.9279639053345,737.868203773499,1108.49725559235,908.493163604736,455.715538410187,681.369872703552,379.21679814148,42.9387316131592,0.112996662139893
"7320002",1983,42.8257349510193,17.5144826316834,1.4689566078186,78.6456768493652,255.372456436157,467.467191272736,562.610380794525,282.491655349731,127.234241569519,20.2264025230408,0.564983310699463,0.564983310699463
"7320002",1984,1.10535036893996,9.49171961975098,18.4184559288025,50.8484979629517,698.884355335236,457.071498355865,1248.27412665939,199.89109532547,321.927490436554,274.581888999939,22.4863357658386,0.767790032121723
"7320002",1985,2.48592656707764,0.423085279477695,54.2383978271484,127.686228218079,441.47795898056,249.722623329163,533.457241962433,41.8087649917603,238.761947101593,351.871605903625,76.837730255127,0.973904405185044
"7320002",1986,2.25993324279785,1.03112524141444,36.0459352226257,378.65181483078,624.532551647186,1091.54775627136,274.016905689239,510.405922885895,69.9449338645935,147.008657444,363.510262104034,0.412772558345694
"7320002",1987,0.9874769459358,0.492903488890589,109.380768951416,14.2375794296265,341.701906311035,178.64772284317,1402.28857715607,597.639346057892,285.316571903229,299.328158008575,1.80794659423828,2.82491655349731
"7320002",1988,0.225746926486198,0.966588506213283,72.4308604316711,68.1369872703552,127.347238231659,546.90384475708,331.080220069885,685.324755878449,63.7301174468994,62.3741575012207,16.9494993209839,0.266186089956541
"7320002",1989,6.21481641769409,0.753898024091171,14.689566078186,7.34478303909302,75.3687736473084,451.421665248871,440.347992359161,427.127382888794,73.4478303909302,56.4983310699463,6.77979972839355,35.0289652633667
"7320002",1990,6.77979972839355,3.38989986419678,383.284677978516,77.854700214386,202.377021892548,131.641111392975,210.06079491806,159.212296955109,427.805362861633,62.7131474876404,93.2222462654114,0.362543703626432
"7320002",1991,12.9946161460876,0.987123751986839,0.513904133706,169.494993209839,1233.01957727051,495.038376834869,629.617401443482,96.0471628189087,192.885302272797,215.597631362915,62.4871541633606,237.857973804474
"7320002",1992,3.61589318847656,9.03973297119141,70.0579305267334,324.978400314331,1075.16324026108,859.904598884583,180.003682788849,225.541337631226,187.461462490082,57.9672876777649,28.362162197113,3.38989986419678
"7320002",1993,9.83070960617065,0.0218059575060086,0.324376180260038,177.969742870331,584.870723236084,791.993604938507,252.999526531219,210.964768215179,43.9557015724182,73.8998170394897,37.853881816864,128.138214866638
"7320002",1994,0.0891585209870029,0.927671618531497,2.93791321563721,251.304576599121,275.259868972778,483.5127172966,942.957145557404,55.2553677864075,186.105502544403,60.3402175827026,13.5595994567871,72.8828470802307
"7320002",1995,0.723044611204899,6.77979972839355,1.08865971351482,382.832691329956,109.041778964996,694.929472160339,765.891375984192,360.459352226257,90.3973297119141,73.4478303909302,1.12996662139893,0.305917476409244
"7320002",1996,2.25993324279785,2.25993324279785,47.345601436615,79.6626468086243,127.912221542358,394.358350868225,149.155594024658,466.676214637756,20.3393991851807,37.2888985061645,43.5037149238586,9.03973297119141
"7320002",1997,0.791370633214956,33.8989986419678,4.5198664855957,362.719285469055,360.459352226257,1168.61147985077,438.427049102783,370.629051818848,624.871541633606,592.102509613037,90.3973297119141,36.1589318847656
"7320002",1998,0.54731748191906,0.236249569749887,0.494526943634274,232.208140697479,142.940777606964,170.624959831238,48.5885647201538,74.5777970123291,135.595994567871,0.582831932112453,0.485391563290013,20.3393991851807
"7320002",1999,0.682666693181052,19.2094325637817,24.8592656707764,38.9838484382629,166.105093345642,577.412943534851,171.754926452637,489.275547065735,530.519328746796,23.7292990493774,10.1696995925903,0.219826245415837
"7320002",2000,0.877961421125296,183.054592666626,0.783071835488046,64.4080974197388,125.313298313141,1551.44417118073,134.466027946472,100.567029304504,593.232476234436,46.328631477356,57.6282976913452,0.36038398579271
"7320002",2001,155.257413780212,0.6818180036487,1.03372980089673,127.686228218079,545.773878135681,272.321955757141,1099.45752262115,583.062776641846,15.819532699585,30.509098777771,8.02276301193237,0.43438863870855
"7320002",2002,3.38989986419678,56.4983310699463,355.939485740662,70.0579305267334,748.037903366089,562.610380794525,515.94275933075,998.212513343811,384.188651275635,161.585226860046,48.5885647201538,15.819532699585
"7320002",2003,80.3406267814636,1.0999613400293,0.8602156369291,30.509098777771,230.513190765381,562.158394145966,228.253257522583,49.7185313415527,202.264025230408,164.975126724243,177.404759559631,17.2884893074036
"7320002",2004,0.852658044017779,10.1696995925903,91.527296333313,384.188651275635,29.3791321563721,263.28222278595,426.562399578094,181.924626045227,353.114569187164,152.997480537415,62.7131474876404,55.4813611106873
"7320002",2005,4.5198664855957,0.175125955630592,17.853472618103,0.820958378083572,903.295317146301,893.80359752655,518.315689235687,840.017186347961,89.2673630905151,62.8261441497803,148.816604038239,84.6344999427795
"7320002",2006,20.3393991851807,7.5707763633728,1.06433802915397,109.493765613556,288.254485118866,783.631851940155,836.740283145905,476.280930919647,138.985894432068,232.773124008179,3.38989986419678,35.0289652633667
"7320002",2007,4.5198664855957,76.2727469444275,21.4693658065796,37.2888985061645,42.9387316131592,289.271455078125,593.232476234436,247.462690086365,58.7582643127441,48.5885647201538,3.38989986419678,0.621558940809452
"7320002",2008,0.442486666804698,0.524676826052411,8.47474966049194,120.906428489685,1014.71002601624,364.979218711853,504.41709979248,527.694412193298,82.4875633621216,23.7292990493774,0.042042594632087,0.512246634216305
"7320002",2009,1.04826609896434,0.391298538099862,0.643802920385955,0.133401120555557,307.350921020508,561.254420848846,424.754452983856,539.559061717987,209.043824958801,196.049208812714,103.165952533722,0.112996662139893
"7320002",2010,0.516759184622975,0.2317830365648,0.673574635218737,0.263320462524072,116.951545314789,553.683644485474,378.53881816864,297.746204738617,12.4296328353882,74.0128137016296,35.0289652633667,37.2888985061645
"7357003",1981,6.82814769983292,2.41611380147934,23.2157021794319,80.046900727272,283.420653756142,30.3589951577187,64.0795399522781,64.4997336568832,49.6879055695534,15.7572639226913,9.34930992746353,0.311777548534308
"7357003",1982,29.9388014531136,0.922057299016225,19.9592009687424,16.8077481842041,270.709794191837,231.841876515865,209.15141646719,105.048426151276,168.287578694344,56.9362469739914,5.77766343832016,0.414167437643152
"7357003",1983,9.97960048437118,3.04640435838699,0.0583946637368919,16.9127966103554,98.9556174345016,236.253910414219,205.369673125744,103.367651332855,41.0739346251488,6.30290556907654,0.344494234070447,7.7735835351944
"7357003",1984,2.10096852302551,15.7572639226913,14.0764891042709,30.9892857146263,217.345193706989,129.31461259222,404.856634387016,75.6348668289185,93.8082445530891,79.6267070226669,13.0260048427582,0.551681506970408
"7357003",1985,4.93727602910996,0.414611297160643,9.76950363206863,45.3809200973511,79.3115617442131,79.7317554488182,160.198849880695,21.4298789348602,53.5746973371506,51.05353510952,8.50892251825333,0.86093421117585
"7357003",1986,5.25242130756378,1.57572639226913,32.4599636807442,130.680242132187,305.060629543304,244.132542375565,59.2473123493195,144.651682810307,20.4844430994987,27.5226876516342,106.519104117393,0.846563573175205
"7357003",1987,0.749512514909882,0.439146708126962,45.1708232450485,18.9087167072296,117.75928571558,62.6088619861603,452.233474581242,172.909709445,98.7455205821991,35.821513317585,0.943437039548134,0.807309001938521
"7357003",1988,0.292526308816665,0.184980700793905,33.3003510899544,22.5854116225243,36.2417070221901,204.844430994987,174.380387411118,163.350302665234,53.5746973371506,6.82814769983292,17.3329903149605,0.525242130756378
"7357003",1989,3.36154963684082,0.076900702588864,0.959482371331998,0.108131828441455,28.3630750608444,145.492070219517,184.359987895489,87.1901937055588,20.4844430994987,12.6058111381531,0.40546308372099,21.7450242133141
"7357003",1990,9.97960048437118,8.92911622285843,75.6348668289185,38.867917675972,61.4533292984962,37.8174334144592,96.1193099284172,38.3426755452156,106.624152543545,32.0397699761391,13.6562953996658,0.553083170844473
"7357003",1991,18.3834745764732,0.970354173038409,0.604873698161709,29.9388014531136,269.449213078022,162.825060534477,123.957142858505,35.7164648914337,100.636392252922,43.5950968527794,13.6562953996658,74.2692372889519
"7357003",1992,0.661766156009523,0.0687164541109199,40.4436440682411,71.0127360782623,460.112106542587,429.122820827961,29.9388014531136,81.937772397995,53.5746973371506,25.7368644070625,0.462690063308148,3.15145278453827
"7357003",1993,0.990823715957643,0.130959079558196,0.896469924611153,80.5721428580284,161.774576272964,236.148861988068,72.798559322834,90.341646490097,18.9087167072296,23.1106537532806,7.87863196134567,3.67669491529465
"7357003",1994,0.187887023010109,0.473409738081815,2.10096852302551,72.1682687659264,86.3498062963486,212.933159808636,103.682796611309,0.0223082991350373,71.9581719136238,28.8883171916008,2.62621065378189,27.837832930088
"7357003",1995,0.258499271764677,1.57572639226913,0.537205868905292,79.8368038749695,35.1912227606773,221.652179179192,265.247276031971,86.6649515748024,14.496682808876,34.665980629921,0.806770274531733,0.0277298305015033
"7357003",1996,0.525242130756378,16.8077481842041,8.40387409210205,65.6552663445473,39.9184019374847,79.8368038749695,84.0387409210205,110.300847458839,11.3452300243378,9.97960048437118,19.433958837986,30.4640435838699
"7357003",1997,0.0499321123433588,0.871494850226347,0.1166224740826,79.3115617442131,127.6338377738,369.245217921734,79.3115617442131,81.4125302672386,105.468619855881,162.299818403721,32.5650121068954,3.67669491529465
"7357003",1998,0.944758001402692,1.36562953996658,2.10096852302551,57.7766343832016,67.6511864414215,72.1682687659264,7.56348668289185,28.6782203392982,72.9036077489853,0.203211061860307,0.210096852302551,0.525242130756378
"7357003",1999,2.10096852302551,8.40387409210205,11.0300847458839,11.5553268766403,61.348280872345,194.024443101406,47.6919854726791,107.989782083511,180.36814770174,8.50892251825333,2.83630750608444,0.0338054815081809
"7357003",2000,1.03116194150204,34.8760774822235,0.525242130756378,9.66445520591736,42.0193704605103,442.463970949173,16.2825060534477,30.2539467315674,269.869406782627,6.09280871677399,15.7572639226913,3.25650121068954
"7357003",2001,21.0096852302551,0.0844006782630715,3.4665980629921,64.6047820830345,229.425762714386,123.5369491539,324.074394676685,122.066271187782,20.7995883779526,11.0300847458839,12.9209564166069,0.413464692073653
"7357003",2002,0.718530410510034,74.5843825674057,57.566537530899,35.1912227606773,242.13662227869,108.199878935814,132.886259081364,288.042784506798,100.531343826771,90.8668886208534,12.8159079904556,1.05048426151276
"7357003",2003,16.1774576272964,0.610531999477352,0.00529508242684263,8.92911622285843,90.341646490097,164.190690074444,62.503813560009,47.271791768074,60.4028450369835,22.2702663440704,74.0591404366493,4.20193704605103
"7357003",2004,0.220289257935163,3.67669491529465,52.5242130756378,108.72512106657,30.4640435838699,100.741440679073,184.359987895489,91.1820338993072,49.3727602910995,39.8133535113335,23.635895884037,14.7067796611786
"7357003",2005,0.221241550325829,1.15553268766403,27.3125907993317,5.25242130756378,180.053002423286,309.052469737053,137.823535110474,183.309503633976,49.3727602910995,25.0015254240036,37.2921912837028,22.0601694917679
"7357003",2006,15.232021791935,7.14329297828674,0.246366532279753,57.566537530899,42.0193704605103,241.086138017178,164.610883779049,122.381416466236,28.8883171916008,72.1682687659264,2.10096852302551,22.5854116225243
"7357003",2007,4.7271791768074,54.6251815986633,13.6562953996658,32.5650121068954,8.92911622285843,69.8572033905983,165.451271188259,69.8572033905983,22.0601694917679,22.0601694917679,0.224103859973633,13.4461985473633
"7357003",2008,0.525242130756378,0.573888068070141,4.20193704605103,88.7659200978279,302.014225184917,131.835774819851,148.643523004055,111.351331720352,38.3426755452156,9.45435835361481,0.0589218489364004,3.15145278453827
"7357003",2009,0.0601443431007106,0.655097500776623,0.347099027341832,0.210096852302551,119.229963681698,156.522154965401,95.5940677976608,194.864830510616,36.977046005249,50.9484866833687,24.3712348670959,0.667246763930028
"7357003",2010,0.525242130756378,5.77766343832016,0.482902207251727,1.05048426151276,49.6879055695534,166.501755449772,111.351331720352,52.5242130756378,28.8883171916008,42.5446125912666,26.2621065378189,11.5553268766403
"7358007",1981,5.32849245071411,3.19709547042847,40.1768330783844,80.2470963077545,435.550972921371,76.0908721961975,113.283749502182,101.02821686554,67.0324350299835,39.643983833313,14.3869296169281,0.958222941524631
"7358007",1982,30.585546667099,4.47593365859985,17.2643155403137,27.8147305927277,263.760376310349,319.070127948761,253.529670804977,163.158438840866,201.736724184036,76.6237214412689,4.47593365859985,0.33103590740897
"7358007",1983,13.0015215797424,5.22192260169983,0.571164183490391,31.4381054592133,138.753943416595,263.334096914291,225.501800514221,111.685201766968,66.6061556339264,20.2482713127136,3.19709547042847,3.72994471549988
"7358007",1984,1.06569849014282,13.0015215797424,13.4278009757996,39.0045647392273,388.97994890213,197.047650827408,481.589147695541,97.1917023010254,140.032781604767,85.1493093624115,12.7883818817139,0.150576413620785
"7358007",1985,10.1241356563568,0.114944699629634,20.8876904067993,67.9915636711121,200.564455844879,134.491149456024,242.979255752563,14.2803597679138,101.561066110611,149.091218770981,14.1737899188995,0.0193075107743688
"7358007",1986,8.84529746818543,1.49197788619995,40.6031124744415,152.075174543381,359.779810272217,84.2967505702972,101.987345506668,185.005257888794,34.2089215335846,34.741770778656,106.996128410339,0.740019873212142
"7358007",1987,0.553009713418904,0.636374242877339,53.7112039031982,26.2161828575134,114.456017841339,84.2967505702972,452.708718612671,168.060651895523,158.043086088181,68.737552614212,0.890182322965315,0.84858851176024
"7358007",1988,1.0315478018953,0.705067186280504,47.8498622074127,25.4701939144134,47.956432056427,300.526974220276,153.886861976624,194.703114149094,56.8017295246124,23.1256572360992,4.68907335662842,3.72994471549988
"7358007",1989,3.19709547042847,0.141296747925601,5.64820199775696,0.641111136535784,66.4995857849121,187.562934265137,177.119089061737,126.498410779953,19.7154220676422,25.5767637634277,3.72994471549988,45.2921858310699
"7358007",1990,14.4934994659424,13.214661277771,65.5404571437836,48.9155606975555,78.0091294784546,61.7039425792694,114.882297237396,64.1550491065979,188.735202604294,39.5374139842987,24.4044954242706,0.214431580278194
"7358007",1991,17.2643155403137,0.0100668300907422,0.550937778051518,62.0236521263123,347.41770778656,212.926558330536,203.974691013336,44.0133476428986,86.2150078525543,65.1141777477264,19.1825728225708,84.4033204193115
"7358007",1992,0.555972285973429,2.13139698028564,53.3914943561554,110.939212823868,531.996686279297,417.434098588943,42.30823005867,91.6500701522827,60.7448139381409,34.1023516845703,26.6424622535706,3.72994471549988
"7358007",1993,1.06569849014282,0.0297419337168573,0.208965661420002,102.839904298782,280.704982303619,265.678633592606,116.800554519653,87.2807063426971,16.8380361442566,52.7520752620697,19.7154220676422,21.1008301048279
"7358007",1994,4.90221305465698,0.181770563768873,3.41023516845703,112.964039955139,74.9186038570404,229.125175380707,211.860859840393,30.9052562141418,108.168396749496,37.5125868530273,9.5912864112854,10.8701245994568
"7358007",1995,0.666959538093458,12.2555326366425,1.00146308780511,100.495367620468,53.604634054184,230.830292964935,230.830292964935,118.399102254868,27.3884511966705,46.1447446231842,0.898617447812345,1.02490692475662
"7358007",1996,0.532849245071411,21.9533888969421,13.960650220871,61.917082277298,53.7112039031982,115.308576633453,61.171093334198,157.403666994095,NA,8.20587837409973,30.2658371200562,6.50076078987122
"7358007",1997,2.45110652732849,19.1825728225708,0.0882714314828056,106.569849014282,104.651591732025,346.67171884346,94.7405957736969,88.7726842288971,106.996128410339,135.237138399124,39.0045647392273,1.91825728225708
"7358007",1998,0.102710119083589,1.59854773521423,2.02482713127136,41.3491014175415,91.756640001297,75.877732498169,11.0832642974854,44.4396270389557,64.9010380496979,0.0567963417197408,0.593727264674979,0.957445338961374
"7358007",1999,1.06569849014282,20.6745507087708,5.86134169578552,20.781120557785,75.4514531021118,226.247789457321,62.5565013713837,110.619503276825,215.27109500885,9.05843716621399,0.532849245071411,0.0622415216048357
"7358007",2000,0.122205760198712,64.581328502655,0.00234682241397897,14.4934994659424,68.2047033691406,482.121996940613,55.4163214874268,48.9155606975555,232.002561304092,9.05843716621399,8.4190180721283,2.9839557723999
"7358007",2001,27.7081607437134,0.784230169558215,2.77081607437134,71.4017988395691,282.942949132919,99.0033897342682,347.524277635574,154.632850919723,19.2891426715851,14.2803597679138,18.4365838794708,0.81624860344451
"7358007",2002,1.02385419669647,105.504150524139,81.2062249488831,31.9709547042847,257.472755218506,124.793293195724,182.980430757523,364.149174081802,89.8383827190399,119.891080141068,22.273098443985,4.04965426254272
"7358007",2003,21.1008301048279,0.00686923858611997,0.532849245071411,22.5928079910278,78.8616882705688,156.977387598038,75.3448832530975,53.9243436012268,73.3200561218262,26.8556019515991,73.0003465747833,6.07448139381409
"7358007",2004,0.49995498471445,9.27157686424255,62.0236521263123,155.485409711838,24.6176351222992,184.89868803978,190.546890037537,109.447234937668,87.0675666446686,54.4571928462982,39.0045647392273,23.8716461791992
"7358007",2005,0.95912864112854,1.06569849014282,29.839557723999,7.45988943099976,205.253529201508,395.161000144959,180.742463928223,211.008301048279,54.7769023933411,18.862863275528,39.7505536823273,24.1913557262421
"7358007",2006,12.468672334671,9.5912864112854,0.0921050922697377,72.7872068767548,71.4017988395691,299.780985277176,224.755811571121,162.732159444809,56.1623104305267,97.5114118480682,0.836613591434892,33.0366531944275
"7358007",2007,23.1256572360992,67.6718541240692,17.1577456912994,39.7505536823273,24.0847858772278,89.3055334739685,181.595022720337,100.069088224411,13.214661277771,34.4220612316132,0.755465398231597,19.9285617656708
"7358007",2008,2.66424622535706,0.395095853994768,0.426279396057129,94.8471656227112,336.654153036118,133.105741418839,178.397927249908,138.540803718567,50.1943988857269,8.73872761917114,0.183488064969652,0.95912864112854
"7358007",2009,0.753013998611578,1.59854773521423,0.940793592370371,1.27883818817139,179.67676543808,201.310444787979,118.71881180191,196.621371431351,39.4308441352844,65.8601666908264,35.2746200237274,1.06438975305468
"7358007",2010,0.852558792114258,7.45988943099976,0.581367458764378,4.7956432056427,62.8762109184265,229.658024625778,147.599240884781,69.0572621612549,27.3884511966705,42.8410793037415,29.7329878749847,18.116874332428
"7317001",1981,13.0480918893814,0.111522152900696,17.1744115467072,168.844539491653,1196.74422277737,139.960301890373,211.780568358421,331.109271962166,160.703422329903,52.0808454046249,10.3715602197647,0.90445692546307
"7317001",1982,19.4048546047211,15.0554906415939,42.6014624080658,44.4973390073776,626.866021454811,888.831558618546,678.389256094933,356.759367129326,485.56745372963,NA,53.7536776981354,0.71457869924906
"7317001",1983,42.0438516435623,18.2896330757141,0.557610764503479,63.0100163888931,210.330780370712,487.24028602314,388.766225011826,263.415325151443,91.6712096843719,10.7061266784668,5.13001903343201,0.223044305801392
"7317001",1984,9.14481653785706,10.4830823726654,9.81394945526123,39.9249307384491,578.57692924881,413.858709414482,1027.56511682701,179.55066617012,281.481913921356,230.627812198639,19.7394210634232,2.7880538225174
"7317001",1985,0.207992506271521,0.836019612505042,28.5496711425781,104.273212962151,359.547420951843,187.022650414467,454.452773070335,28.4381489896774,163.714520458221,NA,NA,0.430017454131548
"7317001",1986,3.34566458702087,7.80655070304871,35.6870889282227,343.711275239944,871.211058460236,957.083116193771,199.067042927742,404.267804265022,53.8651998510361,102.60038066864,356.090234211922,1.67283229351044
"7317001",1987,1.11475938755331,0.602194361785549,85.2029248161316,17.2859336996078,291.518907682419,149.885773498535,1269.34514431572,474.41523843956,240.330239500999,38.6981870565414,0.446088611602783,12.82504758358
"7317001",1988,0.797323179740689,2.6765316696167,58.660652425766,54.980421380043,77.6194184188843,581.81107168293,335.01254731369,612.368141577721,53.9767220039368,52.8615004749298,13.3826583480835,0.285876056391308
"7317001",1989,3.90327535152435,0.275712354236589,9.59090514945984,3.45718673992157,97.8049280939102,381.294240767479,357.763066505432,353.748269001007,65.7980702114105,49.5158358879089,5.57610764503479,36.2446996927261
"7317001",1990,8.58720577335358,1.56131014060974,240.887850265503,141.521612030983,166.72561858654,82.5263931465149,171.855637619972,140.629434807777,425.457013316154,53.9767220039368,66.5787252817154,10.5946045255661
"7317001",1991,8.69872792625427,0.519640619382993,0.111522152900696,148.212941205025,1427.2605128231,462.816934537888,381.740329379082,66.8017695875168,191.037447918892,176.093479430199,47.7314814414978,224.717138094902
"7317001",1992,1.00369937610626,14.1633134183884,70.370478480339,316.276825626373,1063.25220575523,786.231177949905,174.532169289589,207.096637936592,147.320763981819,58.9952188844681,39.2557978210449,5.57610764503479
"7317001",1993,6.13371840953827,0.178336589208368,1.05071430222188,147.209241828918,594.747641419411,853.813602607727,211.55752405262,209.99621391201,49.7388801937103,61.5602284011841,41.4862408790588,129.923308129311
"7317001",1994,0.223044305801392,9.92547160816193,2.6765316696167,264.41902452755,221.817562119484,469.954352323532,821.360656113625,44.720383313179,178.993055405617,63.1215385417938,9.70242730236053,60.5565290250778
"7317001",1995,0.710723110701156,4.79545257472992,0.880894299623047,309.473974299431,94.57078565979,630.434730347633,684.076885892868,355.978712059021,86.5411906509399,91.6712096843719,3.90327535152435,0.000631718734676423
"7317001",1996,1.67283229351044,17.2859336996078,27.3229274606705,85.8720577335358,118.54804853344,379.286842015266,132.265273340225,348.283683508873,8.69872792625427,26.3192280845642,35.575566775322,7.80655070304871
"7317001",1997,2.565009516716,23.4196521091461,1.89587659931183,468.281520030022,241.891549641609,981.617989831924,306.797442629814,303.451778042793,493.039437973976,438.951193817139,72.0433107738495,3.90327535152435
"7317001",1998,1.03465740292103,0.557610764503479,0.807615262917022,181.446542769432,123.789589719772,131.37309611702,22.8620413446426,59.2182631902695,130.480918893814,0.233672362940114,2.34196521091461,36.0216553869247
"7317001",1999,1.00369937610626,12.2674368190765,18.1781109228134,32.0068578824997,194.271590353012,480.437434696197,159.142112189293,402.818016277313,607.126600391388,12.2674368190765,1.89587659931183,0.146524058247271
"7317001",2000,0.79244703757943,189.476137778282,0.760858024420629,52.3038897104263,155.350358990669,1507.1103743,145.536409535408,146.205542452812,501.403599441528,26.8768388490677,40.1479750442505,1.67283229351044
"7317001",2001,156.465580519676,2.45348736381531,11.9328703603744,95.4629628829956,577.238663414002,250.478755414963,1091.24426613331,467.500864959717,24.0887850265503,18.8472438402176,15.390057100296,1.05444748810813
"7317001",2002,1.56131014060974,61.225661942482,313.934860415459,79.6268171710968,583.260859670639,454.787339529037,448.319054660797,1074.0698545866,273.117752453804,222.486695036888,0.0381410108232525,0.446088611602783
"7317001",2003,NA,NA,NA,NA,NA,NA,NA,NA,NA,NA,NA,NA
"7317001",2004,NA,NA,NA,NA,NA,NA,NA,NA,NA,NA,NA,NA
"7317001",2005,NA,NA,NA,NA,NA,NA,NA,NA,NA,NA,NA,NA
"7317001",2006,NA,NA,NA,NA,NA,NA,NA,NA,NA,NA,NA,NA
"7317001",2007,NA,NA,NA,NA,NA,NA,NA,NA,NA,NA,NA,NA
"7317001",2008,NA,NA,NA,NA,NA,NA,NA,NA,NA,NA,NA,NA
"7317001",2009,NA,NA,NA,NA,NA,NA,NA,NA,NA,NA,NA,NA
"7317001",2010,NA,NA,NA,NA,NA,NA,NA,NA,NA,NA,NA,NA
"7355006",1981,16.0187044143677,0.598865964199938,26.5137176513672,211.225950622559,1267.57665138245,148.587292671204,229.122710037231,348.655387115479,136.435172080994,56.1207023620605,22.0947647094727,0.434903716516501
"7355006",1982,18.6700761795044,22.6471338272095,46.0675844192505,64.8481344223023,708.689578056335,920.90979309082,832.972629547119,406.433196830749,553.805277442932,324.240672111511,59.3244432449341,0.816895270058405
"7355006",1983,41.4276838302612,17.1234426498413,1.01635708280775,93.1294332504272,283.475831222534,481.997292137146,486.305771255493,297.837428283691,101.194022369385,9.39027500152588,3.3142147064209,0.702091681935367
"7355006",1984,0.669444133386805,22.6471338272095,20.4376573562622,46.7304273605347,532.815250968933,395.717235946655,968.965906333923,192.224452972412,251.438422393799,200.28904209137,21.5423955917358,0.663323589259791
"7355006",1985,1.10473823547363,0.576788174500156,46.7304273605347,120.637415313721,446.2037733078,239.949144744873,477.688813018799,39.6601026535034,190.23592414856,353.737182998657,54.6845426559448,0.0748715174033432
"7355006",1986,2.20947647094727,7.73316764831543,45.2942676544189,195.317720031738,534.030463027954,704.381098937988,214.761112976074,423.777587127686,49.1608514785767,137.539910316467,362.354141235352,0.538376321077865
"7355006",1987,0.36372886710629,0.863268469006938,73.4650926589966,31.4850397109985,297.174585342407,158.088041496277,1365.45645904541,497.242679786682,269.887550926209,321.699774169922,0.678839692391288,11.0473823547363
"7355006",1988,0.558628945594648,13.2568588256836,77.8840456008911,97.2169647216797,114.892776489258,581.313259506226,281.487302398682,609.042189216614,81.198260307312,53.5798044204712,11.0473823547363,0.695371472582717
"7355006",1989,5.52369117736816,1.07367197934994,9.9426441192627,4.97132205963135,88.3790588378906,395.93818359375,403.781825065613,397.153395652771,60.7606029510498,46.3990058898926,9.9426441192627,35.3516235351562
"7355006",1990,13.8092279434204,1.10473823547363,213.766848564148,120.416467666626,251.769843864441,94.4551191329956,177.862855911255,208.795526504517,399.362872123718,34.2468852996826,66.8366632461548,5.52369117736816
"7355006",1991,7.73316764831543,0.359791989381105,0.615156794389036,211.557372093201,1313.31281433105,439.022974777222,484.206768608093,37.0087308883667,217.081063270569,143.615970611572,54.6845426559448,197.74814414978
"7355006",1992,0.859816369800907,25.4089794158936,84.2915273666382,273.201765632629,990.176880455017,743.599306297302,143.615970611572,194.433929443359,162.396520614624,72.3603544235229,32.5897779464722,6.6284294128418
"7355006",1993,4.41895294189453,1.0646979165588,0.950243625661743,191.340662384033,573.248670387268,890.75043926239,183.607494735718,240.611987686157,65.7319250106812,77.3316764831543,43.0847911834717,128.149635314941
"7355006",1994,0.540707886176626,7.73316764831543,0.228493611431103,267.015231513977,357.603766822815,440.680082130432,784.032725715637,63.5224485397339,174.548641204834,62.9700794219971,11.0473823547363,67.9414014816284
"7355006",1995,0.385142419331803,9.9426441192627,0.16250425990301,321.810247993469,98.3217029571533,663.726731872559,526.960138320923,301.26211681366,85.0648441314697,94.4551191329956,0.98777163160874,0.194530826888587
"7355006",1996,0.764813912315878,0.789182714810125,26.5137176513672,97.2169647216797,125.387789726257,391.408756828308,131.463850021362,372.849154472351,12.7044897079468,28.7231941223145,0.770237889889081,7.73316764831543
"7355006",1997,1.10473823547363,33.6945161819458,0.114767794331659,372.849154472351,286.679572105408,1184.16891460419,309.879075050354,288.336679458618,553.252908325195,418.14342212677,74.0174617767334,0.176153346087362
"7355006",1998,0.754736524257912,0.271770786065281,0.511548947489014,313.193289756775,133.120957374573,195.538667678833,28.1708250045776,51.3703279495239,102.188286781311,0.451020220514009,4.97132205963135,35.3516235351562
"7355006",1999,0.739851613943687,34.2468852996826,18.2281808853149,25.9613485336304,NA,503.20826625824,146.930185317993,381.68706035614,528.838193321228,2.20947647094727,0.655676399470248,5.52369117736816
"7355006",2000,0.909275333967162,175.653379440308,0.421643479803063,25.9613485336304,139.52843914032,1540.11557407379,144.389287376404,131.684797668457,534.361884498596,24.3042411804199,34.2468852996826,1.03875795187064
"7355006",2001,56.8940191268921,0.736896494083928,9.9426441192627,129.254373550415,597.663385391235,263.811490631104,972.501068687439,478.683077430725,22.8680814743042,19.3329191207886,7.62269382476807,1.03691242282453
"7355006",2002,0.0410003043973188,68.4937705993652,296.069847106934,104.397763252258,650.138451576233,384.22795829773,355.615237998962,984.874136924744,271.213236808777,215.976325035095,37.5611000061035,30.9326705932617
"7355006",2003,109.36908531189,1.04263292828763,0.065350669840357,30.2698276519775,246.35662651062,542.978842735291,245.251888275146,71.8079853057861,178.967594146729,162.948889732361,124.835420608521,18.2281808853149
"7355006",2004,0.643454454585075,9.9426441192627,99.8683364868164,297.726954460144,35.3516235351562,360.697033882141,388.867858886719,162.396520614624,295.848899459839,194.986298561096,74.5698308944702,63.5224485397339
"7355006",2005,4.41895294189453,1.05320033334443,28.7231941223145,0.632585512081752,857.055923080444,900.693083381653,476.473600959778,747.686837768555,99.2054935455322,50.8179588317871,98.8740720748901,90.0361661911011
"7355006",2006,33.6945161819458,23.1995029449463,1.02735558161262,132.568588256836,253.537425041199,776.630979537964,990.950197219849,457.361629486084,139.749386787415,219.842908859253,0.960261061086858,32.0374088287354
"7355006",2007,22.4261861801147,71.8079853057861,30.9326705932617,64.0748176574707,39.7705764770508,229.785552978516,445.209508895874,266.794283866882,77.3316764831543,37.5611000061035,14.3615970611572,12.7044897079468
"7355006",2008,2.20947647094727,0.9204281356557,4.41895294189453,129.254373550415,1319.05745315552,314.850397109985,426.428958892822,457.913998603821,107.159608840942,26.5137176513672,2.20947647094727,8.83790588378906
"7355006",2009,0.888271232229674,0.946147869935635,0.421971142514372,8.28553676605225,319.821719169617,471.170857429504,366.220725059509,497.684575080872,200.509989738464,170.682057380676,128.702004432678,0.911589496283926
"7355006",2010,11.5997514724731,14.913966178894,0.747476569388712,0.302271964407391,123.730682373047,475.037441253662,265.689545631409,199.405251502991,18.4491285324097,67.9414014816284,30.9326705932617,23.7518720626831
"7337002",1981,25.8380290360451,11.2709097852707,21.1595381817818,82.8305539879799,507.509928349972,49.1241539697647,113.772391228676,92.4001943717003,49.2304833073616,9.99495773410797,2.12658675193787,0.95696403837204
"7337002",1982,0.191364104902084,5.74178423023224,23.1797955961227,17.3316820282936,282.091732644558,327.919677148819,230.203015897274,177.676323124409,190.542172973633,73.3672429418564,17.6506700410843,0.83876537371915
"7337002",1983,21.5848555321693,0.355978621029385,2.65823343992233,24.1367596344948,113.98504990387,231.478967948437,198.623202630997,90.2736076197624,66.9874826860428,8.93166435813904,0.8958973396881,0.528276619201644
"7337002",1984,7.974700319767,15.4177539515495,2.12658675193787,17.0126940155029,285.706930122852,106.43566693449,350.674155394554,57.2051836271286,146.84081522131,81.8735899496078,6.06077224302292,0.892408337107754
"7337002",1985,11.8025564732552,0.436078730876006,11.1645804476738,40.830465637207,203.408022822857,121.959750223637,156.729443617821,20.0962448058128,53.5899861488342,71.1343268523216,32.7494359798431,0.45390944419416
"7337002",1986,3.29620946550369,0.174090003043685,13.2911671996117,142.800300392628,400.010968039513,417.661638080597,86.0204341158867,178.526957825184,34.2380467061996,15.6304126267433,117.174930031776,0.969091878351842
"7337002",1987,0.496417143460339,0.225610846188229,46.7849085426331,30.941837240696,NA,90.2736076197624,538.02644824028,245.195452498436,138.547126888752,75.0685123434067,0.0306302586381656,0.98255474306652
"7337002",1988,0.127061894065145,0.382566501826947,34.876022731781,25.3063823480606,91.5495596709251,217.656154060841,233.286566687584,262.420805189133,69.1140694379806,4.35950284147263,22.6481489081383,2.23291608953476
"7337002",1989,0.982573475739981,0.597871209245843,12.3342031612396,0.350561887043845,32.7494359798431,209.362465728283,249.342296664715,140.886372315884,30.941837240696,15.3114246139526,14.1418019003868,17.3316820282936
"7337002",1990,0.512561125189587,0.730893449988621,88.1470208678246,56.8861956143379,71.9849615530968,48.1671899313927,117.493918044567,48.2735192689896,100.800212041855,33.6000706806183,7.65571230697632,0.424882327290268
"7337002",1991,17.4380113658905,0.63028247631194,0.528519267568455,0.246577878975882,375.980537742615,134.719270735264,217.656154060841,41.2557829875946,111.645804476738,73.1545842666626,17.3316820282936,39.0228668980598
"7337002",1992,0.860472200177313,9.03799369573593,54.3342915120125,65.6052012972832,508.041575037956,275.286655038357,63.6912732205391,117.06860069418,86.8710688166618,0.235279928242775,8.82533502054214,8.93166435813904
"7337002",1993,0.100176278457482,0.288802104792756,1.00776026411652,96.9723558883667,251.57521275425,326.218407747269,106.860984284878,83.8938473639488,6.59241893100739,18.8202927546501,9.14432303333282,5.63545489263535
"7337002",1994,0.165193963440634,0.418032759787455,8.71900568294525,124.93697167635,100.374894691467,169.382634791851,234.45618940115,12.4405324988365,91.655889008522,27.3266397624016,2.23291608953476,18.6076340794563
"7337002",1995,0.812027914503306,0.0725495117679088,0.271912846767993,98.673625289917,9.14432303333282,210.213100429058,301.762660099983,127.382546441078,20.7342208313942,30.941837240696,0.201600089540695,0.729102526738648
"7337002",1996,0.490092476276677,5.52912555503845,93.8888050980568,38.8102082228661,39.9798309364319,203.727010835648,122.916714262009,147.691449922085,10.6329337596893,7.44305363178253,21.3721968569756,19.1392807674408
"7337002",1997,0.0419170225485404,13.0785085244179,0.0300128357417441,169.807952142239,180.01556855154,477.206067134857,114.091379241467,85.2761287527084,95.8027331748009,88.7849968934059,57.4178423023224,0.246102239346762
"7337002",1998,0.463681767003847,0.305137877389822,0.851407722480506,49.9747886705399,91.2305716581345,76.4507937321663,10.6329337596893,46.6785792050362,48.9114952945709,0.36272107582478,2.65823343992233,0.875450147439505
"7337002",1999,0.455099768229869,2.65823343992233,25.7316996984482,6.48608959341049,102.926798793793,209.362465728283,104.309080182552,184.268742055416,244.02582978487,1.03130974696912,3.61519747829437,0.151675221057636
"7337002",2000,0.774087557516807,63.797602558136,0.812609873386708,0.302222241622819,62.0963331565857,592.573398427486,38.5975495476723,36.2583041205406,189.26622092247,5.52912555503845,4.57216151666641,0.603212395599875
"7337002",2001,16.2683886523247,1.06329337596893,0.511835750827801,25.0937236728668,361.838735842228,148.54208462286,420.63885953331,151.731964750767,49.0178246321678,0.339627773565436,5.74178423023224,0.400553000570255
"7337002",2002,0.345719714878915,71.0279975147247,89.741960931778,44.1266751027107,226.056171730995,211.17006446743,114.197708579063,360.562783791065,82.6178953127861,125.681277039528,19.9899154682159,17.4380113658905
"7337002",2003,11.6962271356583,0.32232014688853,0.132153584836505,3.72152681589127,109.5192177248,267.099296043396,67.4128000364304,60.6077224302292,68.0507760620117,43.9140164275169,74.4305363178253,3.29620946550369
"7337002",2004,0.839841879440066,0.822034318614042,49.2304833073616,91.8685476837158,47.5292139058113,158.643371694565,273.904373649597,116.536954006195,64.5419079213142,43.7013577523232,35.3013400821686,19.3519394426346
"7337002",2005,2.65823343992233,0.158468794535507,12.2278738236427,6.59241893100739,299.529744010448,328.5576531744,256.253703608513,264.972709291458,57.2051836271286,28.2836038007736,33.4937413430214,10.2076164093018
"7337002",2006,12.2278738236427,6.91140694379806,0.876151638738114,96.5470385379791,121.747091548443,272.841080273628,347.37794592905,159.706665070534,44.5519924530983,54.0153034992218,3.29620946550369,33.1747533302307
"7337002",2007,5.74178423023224,48.1671899313927,4.7848201918602,4.7848201918602,80.703967236042,85.1697994151115,178.31429914999,106.223008259296,37.4279268341065,5.74178423023224,0.743355664092454,9.14432303333282
"7337002",2008,0.601202407984992,0.124487523605984,0.715487610408548,57.0988542895317,551.317615439892,139.716749602318,163.959838574409,179.802909876347,39.4481842484474,9.4633110461235,0.075824713263741,5.52912555503845
"7337002",2009,0.394578018210097,0.665685237225919,NA,0.514334282268766,67.731788049221,187.458622183323,122.810384924412,288.684151575565,74.2178776426315,49.2304833073616,25.4127116856575,1.04823316952624
"7337002",2010,0.547622118976845,32.4304479670525,0.155491822736771,0.527608584392972,37.853244184494,197.028262567043,175.23074835968,119.301516783714,7.974700319767,47.848201918602,0.153532020228145,15.7367419643402
"7355007",1981,21.142514295578,2.22552782058716,39.5031188154221,104.599807567596,907.458968844414,105.71257147789,131.083588632584,231.454893341064,145.772072248459,55.638195514679,15.244865571022,0.747067868163367
"7355007",1982,23.0342129430771,20.5861323404312,41.3948174629211,56.6396830339432,463.243615855217,717.621445748329,510.647358433723,320.809835337639,416.062426058769,285.646495772362,32.4927061805725,0.55638195514679
"7355007",1983,20.3635795583725,2.78190977573395,0.624865134166326,81.2317654514313,211.536419346809,239.244240713119,388.910986647606,186.499231365204,33.7167464818954,19.9184739942551,5.00743759632111,1.11276391029358
"7355007",1984,0.408444864600363,22.2552782058716,20.5861323404312,56.7509594249725,525.669671222687,316.470056087494,825.559545046806,164.57778233242,219.993425065041,135.20081510067,24.7033588085175,0.897732964900019
"7355007",1985,6.00892511558533,0.121988623118021,32.2701533985138,116.06127584362,319.363242254257,127.522744119644,366.655708441734,47.8488481426239,169.473943537712,271.959499675751,56.1945774698257,0.754565996118258
"7355007",1986,1.44659308338165,1.89169864749908,33.9392992639542,227.337666872978,595.885073962212,656.196877900124,208.643233180046,286.759259682655,36.9437618217468,101.372792227745,238.799135149002,0.59858063072314
"7355007",1987,0.609320555065842,0.849660057959609,82.9009113168716,19.4733684301376,159.681621127129,111.165114638329,756.011800653458,345.735746928215,250.928261771202,197.960699641228,2.22552782058716,5.22999037837982
"7355007",1988,0.765543469772212,0.895840836534077,67.3222165727615,72.8860361242294,66.209452662468,541.693471530914,284.867561035156,377.338241980553,82.2332529706955,63.9839248418808,12.2404030132294,4.33977925014496
"7355007",1989,11.6840210580826,0.651695684215596,5.5638195514679,0.0306571812571504,87.4632433490753,275.742896970749,334.941936998367,282.308204041481,60.0892511558533,34.495681219101,7.6780709810257,55.1930899505615
"7355007",1990,8.90211128234863,7.78934737205505,131.862523369789,68.5462568740845,141.988674953461,111.832772984505,176.039250608444,121.958924568176,326.484931280136,61.7583970212936,63.9839248418808,3.89467368602753
"7355007",1991,7.78934737205505,1.08486770256587,0.643781342858243,170.809260230064,674.334929637909,368.213577916145,401.262666051865,80.6753834962845,168.13862684536,128.858060811996,57.8637233352661,134.533156754494
"7355007",1992,1.09011683592191,14.4659308338165,99.5923699712753,206.1951525774,789.172165180206,589.31976689148,155.564394659042,139.651870741844,114.725959151268,87.351966958046,13.9095488786697,2.78190977573395
"7355007",1993,2.78190977573395,0.0354662637867687,0.00145102487498092,141.321016607285,421.403692828178,538.466456191063,210.868761000633,163.576294813156,43.3977925014496,78.5611320667267,40.3933299436569,102.930661702156
"7355007",1994,5.00743759632111,5.00743759632111,7.23296541690826,191.395392570496,204.41473032093,458.903836605072,550.818135595322,72.9973125152588,156.343329396248,79.7851723680496,19.2508156480789,57.8637233352661
"7355007",1995,0.750301959865464,0.55638195514679,0.886534297486624,235.349567027092,78.4498556756973,492.398030304909,534.126676940918,234.793185071945,56.9735122070313,72.9973125152588,2.44808060264587,0.0352465602873376
"7355007",1996,1.44659308338165,31.6024950523376,14.3546544427872,67.2109401817322,112.61170772171,232.567657251358,72.3296541690826,296.885411266327,24.2582532444,34.9407867832184,44.8443855848312,8.34572932720184
"7355007",1997,3.89467368602753,37.8339729499817,2.44808060264587,328.821735491753,191.506668961525,826.115927001953,281.863098477364,164.355229550362,328.376629927635,404.823510564804,74.5551819896698,31.2686658792496
"7355007",1998,0.393001773968444,2.22552782058716,5.00743759632111,146.328454203606,111.944049375534,159.236515563011,31.6024950523376,67.6560457458496,64.3177540149689,0.263291587528018,3.33829173088074,20.2523031673431
"7355007",1999,1.66914586544037,40.6158827257156,20.2523031673431,30.9348367061615,142.767609690666,398.146927103043,129.636995549202,320.809835337639,448.221303066254,27.5965449752808,6.12020150661469,1.66914586544037
"7355007",2000,0.492277220667111,171.365642185211,2.00297503852844,36.7212090396881,141.321016607285,1033.98022544479,155.119289094925,100.705133881569,389.133539429665,26.1499518918991,35.8309979114533,1.66914586544037
"7355007",2001,137.315066530228,0.984004299103961,6.78785985279083,114.503406369209,411.500094026566,189.058588358879,752.784785313606,386.129076871872,31.713771443367,25.0371879816055,26.5950574560165,0.0259757364403094
"7355007",2002,4.45105564117432,114.614682760239,227.894048828125,75.4453931179047,414.615832975388,364.875286185265,410.053500943184,754.453931179047,234.793185071945,219.214490327835,60.0892511558533,24.4808060264587
"7355007",2003,65.6530707073212,0.937343376216146,0.822352185556666,23.0342129430771,121.958924568176,348.962762268066,239.578069886208,90.1338767337799,151.892273755074,98.4796060609818,122.070200959206,8.90211128234863
"7355007",2004,0.132440802140185,17.2478406095505,69.7702971754074,327.708971581459,37.2775909948349,273.294816368103,319.140689472199,108.828310426712,229.785747475624,170.475431056976,71.7732722139359,46.7360842323303
"7355007",2005,2.78190977573395,0.667658346176147,34.2731284370422,3.89467368602753,504.972262491226,611.463768706322,320.142176991463,580.083826436043,66.7658346176147,40.0595007705688,100.037475535393,58.3088288993835
"7355007",2006,27.8190977573395,15.0223127889633,0.0551759455139663,91.8030225992203,157.456093306541,547.479843864441,537.353692280769,411.833923199654,144.881861120224,198.628357987404,3.33829173088074,34.495681219101
"7355007",2007,41.1722646808624,66.7658346176147,35.6084451293945,58.4201052904129,33.3829173088074,181.936899333,368.881236262321,209.310891526222,48.9616120529175,23.924424071312,5.00743759632111,22.8116601610184
"7355007",2008,6.23147789764404,0.458878678655705,4.45105564117432,119.065738401413,641.508394284248,212.983012430191,382.345679576874,338.725334293365,106.268953433037,18.1380517377853,8.34572932720184,2.22552782058716
"7355007",2009,0.476989955477189,0.333829173088074,0.418433433889096,3.33829173088074,351.7446720438,362.761034755707,224.333204315186,340.839585722923,95.9202490673065,174.036275569916,81.6768710155487,0.277640627815619
"7355007",2010,14.4659308338165,12.7967849683762,0.55638195514679,4.33977925014496,109.273415990829,366.321879268646,307.122839241028,144.325479165077,10.9050863208771,65.9868998804092,61.4245678482056,38.5016312961578
"7352003",1981,3.68917983055115,4.74323121070862,29.6188437824249,63.1376776714325,493.296045913696,89.9105827274322,156.526629953384,78.2106124076843,86.9592388629913,14.2296936321259,33.2026184749603,2.74053358840942
"7352003",1982,29.9350591964722,16.3377963924408,15.4945552883148,30.9891105766296,236.529129707336,354.266668870926,189.623843290329,91.7024700737,184.986017217636,80.1079048919678,13.7026679420471,0.849254894217783
"7352003",1983,3.16215414047241,2.21350789833069,0.16861546071775,28.5647924022675,137.237489696503,340.564000928879,238.848042743683,129.648319759369,84.3241104125977,16.8648220825195,0.540400008613721,8.74862645530701
"7352003",1984,0.556501355040911,17.3918477725983,10.6459189395905,34.3620749931335,357.428823011398,182.034673353195,402.858437496185,147.250977807999,140.399643836975,84.3241104125977,38.0512548236847,0.353463089764729
"7352003",1985,9.48646242141724,0.708260138950511,15.2837450122833,67.2484780540466,242.221007160187,128.910483793259,201.218408472061,20.9756224651337,100.451096529007,82.2160076522827,24.8756125717163,0.696916849323276
"7352003",1986,17.918873462677,1.05405138015747,34.7836955451965,127.540216999054,371.553111505508,284.910088056564,83.2700590324402,166.118497512817,34.7836955451965,36.3647726154327,140.715859251022,0.57909270180729
"7352003",1987,0.765129673079373,6.32430828094482,54.8106717681885,17.918873462677,35.837746925354,54.8106717681885,479.06635228157,157.053655643463,116.472677507401,54.2836460781097,0.141040628570712,0.223399317314773
"7352003",1988,0.0785326018212354,0.071595564703124,40.8971935501099,21.0810276031494,45.3242093467712,347.73155031395,114.048359333038,210.810276031494,81.688981962204,17.918873462677,8.43241104125977,0.406675512142077
"7352003",1989,0.527025690078735,1.01780814776065,0.527025690078735,0.537725292499582,35.837746925354,175.499554796219,212.918378791809,132.810473899841,20.0269762229919,16.8648220825195,0.418449236437693,32.1485670948029
"7352003",1990,4.21620552062988,10.013488111496,86.5376183109283,79.159258649826,118.053754577637,66.9322626399994,139.872618146896,38.9999010658264,179.715760316849,34.7836955451965,22.1350789833069,0.537252736439334
"7352003",1991,20.5540019130707,0.630036132101499,0.122659181820358,49.5404148674011,257.188536758423,183.931965837479,132.283448209763,53.756620388031,105.932163705826,60.0809286689758,17.3918477725983,79.0538535118103
"7352003",1992,0.161492943993138,6.32430828094482,58.6052567367554,103.402440393448,555.063456790924,437.115107351303,75.8916993713379,108.040266466141,99.607855424881,44.2701579666138,25.824258813858,0.194638602809804
"7352003",1993,0.781723204140819,0.666195558554105,0.92225707653426,87.3808594150543,287.966837059021,383.569297239304,107.513240776062,152.310424432755,0.226872654606412,65.3511855697632,21.6080532932281,15.8107707023621
"7352003",1994,1.05405138015747,10.1188932495117,4.74323121070862,113.732143918991,118.053754577637,297.453299480438,240.534524951935,45.007993932724,124.90508854866,58.4998515987396,7.90538535118103,44.2701579666138
"7352003",1995,0.589521990632056,6.85133397102356,0.637716165264902,123.324011478424,70.6214424705505,314.634336977005,359.220710357666,183.615750423431,39.5269267559052,91.7024700737,0.244968138843795,0.15609581526996
"7352003",1996,0.993608153691956,26.3512845039368,30.0404643344879,106.459189395905,102.559199289322,132.283448209763,75.3646736812591,159.161758403778,3.68917983055115,15.8107707023621,28.9864129543304,0.885782054142565
"7352003",1997,2.10810276031494,23.7161560535431,1.0185093053781,108.567292156219,129.12129406929,442.174553976059,139.134782180786,105.0889226017,157.053655643463,192.891402568817,52.1755433177948,9.48646242141724
"7352003",1998,0.447718032363424,0.739738917793376,4.21620552062988,36.4701777534485,108.251076742172,114.891600437164,30.0404643344879,58.4998515987396,70.6214424705505,0.230256390713134,0.461489993889099,0.209061624558571
"7352003",1999,3.16215414047241,15.8107707023621,7.3783596611023,15.8107707023621,83.2700590324402,215.026481552124,74.3106223011017,105.932163705826,254.553408308029,14.2296936321259,0.197502003410952,1.01760641870563
"7352003",2000,0.414968457903853,98.5538040447235,0.0311493191389534,9.48646242141724,128.067242689133,488.552814702988,70.0944167804718,56.9187745285034,199.110305711746,17.918873462677,12.1215908718109,6.32430828094482
"7352003",2001,59.0268772888184,0.292528589401735,4.21620552062988,76.9457507514954,296.399248100281,176.553606176376,360.485572013855,173.918477725983,26.3512845039368,16.3377963924408,26.3512845039368,0.50562085221596
"7352003",2002,0.211536978649811,97.499752664566,88.5403159332275,53.2295946979523,228.729149494171,130.175345449448,163.904989614487,354.16126373291,132.494258485794,142.823962011337,35.7323417873383,4.74323121070862
"7352003",2003,16.3377963924408,0.650653822205006,0.757247180995366,10.5405138015747,77.9998021316528,212.39135310173,85.3781617927551,73.2565709209442,83.7970847225189,30.5674900245667,59.0268772888184,6.32430828094482
"7352003",2004,0.266022650798479,7.90538535118103,53.6512152500153,169.175246515274,34.2566698551178,154.945552883148,207.648121891022,122.796985788345,70.0944167804718,84.3241104125977,48.4863634872437,23.1891303634644
"7352003",2005,0.0187846942939326,0.527902157040555,36.3647726154327,14.7567193222046,198.794090297699,351.736945558548,180.769811697006,225.77780562973,60.6079543590546,20.5540019130707,45.85123503685,26.8783101940155
"7352003",2006,21.0810276031494,13.1756422519684,0.114078112662476,81.7943871002197,77.4727764415741,296.188437824249,293.553309373856,171.810374965668,NA,92.2294957637787,0.258963461079497,47.9593377971649
"7352003",2007,9.48646242141724,52.1755433177948,15.2837450122833,41.1080038261414,16.232391254425,70.6214424705505,197.634633779526,93.8105728340149,22.1350789833069,21.6080532932281,1.03420874570262,25.824258813858
"7352003",2008,2.63512845039368,0.11255005047186,4.21620552062988,99.2916400108337,311.999208526611,128.067242689133,194.472479639053,157.580681333542,48.4863634872437,17.918873462677,0.556725218361801,3.37296441650391
"7352003",2009,5.27025690078735,0.622598354920735,0.945886999936243,4.74323121070862,161.796886854172,208.702173271179,118.053754577637,226.621046733856,50.5944662475586,81.688981962204,38.9999010658264,0.629720713597789
"7352003",2010,0.527025690078735,15.2837450122833,0.0738611678441581,1.05405138015747,72.6241400928497,187.094119977951,131.229396829605,76.4187250614166,21.8188635692596,54.2836460781097,21.0810276031494,18.4458991527557
"7335004",1981,15.4398659706116,0.702483469492421,30.5709346218109,91.0952092266083,388.569960260391,32.9383807373047,76.6846676540375,45.2902735137939,44.7756113147736,4.11729759216309,16.4691903686523,0.591066052245969
"7335004",1982,0.380810953027748,22.1304745578766,18.0131769657135,0.80115046205674,266.080356893539,250.640490922928,205.350217409134,120.43095457077,153.369335308075,56.098179693222,0.963794152921807,0.0384288354148586
"7335004",1983,15.4398659706116,2.57331099510193,0.928356212116016,28.3064209461212,94.1831824207306,209.982177200317,134.326833944321,79.2579786491394,40.6583137226105,5.14662199020386,0.979036734502171,0.632895585435898
"7335004",1984,4.63195979118347,2.57331099510193,12.8665549755096,25.2184477519989,247.037855529785,180.646431856155,265.565694694519,64.3327748775482,113.740345983505,78.743316450119,23.1597989559174,0.689860075192811
"7335004",1985,0.241923958980724,0.370207923412916,7.2052707862854,48.8929089069366,129.694874153137,104.991088600159,85.9485872364044,21.6158123588562,51.980882101059,47.8635845088959,27.7917587471008,0.548606236519998
"7335004",1986,24.7037855529785,0.354212808418709,28.3064209461212,97.2711556148529,311.267697967529,240.861909141541,61.2448016834259,106.53507519722,33.9677051353455,24.1891233539581,102.932439804077,0.147613676816535
"7335004",1987,1.00742637399019,0.226916612050283,45.5990708332062,25.5272450714111,156.045578742981,56.098179693222,307.459197694778,122.69546824646,105.505750799179,43.1286922779083,0.243310678244726,0.0322331346613584
"7335004",1988,7.71993298530579,0.0953129255766266,18.5278391647339,16.6750552482605,64.3327748775482,76.4788027744293,102.211912725449,180.131769657135,55.6864499340057,4.83782467079163,20.071825761795,0.300788615457288
"7335004",1989,9.77858178138733,0.485024971236198,1.54398659706116,0.392619734514903,37.8791378479004,147.708051118851,182.190418453217,83.4782086811066,23.4685962753296,13.8958793735504,0.860812791341161,6.99940590667725
"7335004",1990,0.308797319412231,6.69060858726501,68.1412751502991,57.0245716514587,107.564399595261,30.673867061615,87.9043035926819,33.9677051353455,129.180211954117,28.9240155849457,7.2052707862854,0.275895837820305
"7335004",1991,30.3650697422028,0.261809982419873,1.54398659706116,41.0700434818268,245.802666252136,112.196359386444,101.800182966232,43.2316247177124,106.020412998199,11.8372305774689,17.4985147666931,42.716962518692
"7335004",1992,0.969586314936618,6.69060858726501,75.1406810569763,75.1406810569763,516.206185617447,258.360423908234,24.7037855529785,107.04973739624,80.2873030471802,16.9838525676727,12.3518927764893,12.2489603366852
"7335004",1993,2.05864879608154,0.776298432555433,3.08797319412231,90.5805470275879,196.600960025787,226.45136756897,108.593723993301,77.1993298530579,40.1436515235901,9.26391958236694,13.8958793735504,6.69060858726501
"7335004",1994,0.352464928467534,0.453365483310035,5.14662199020386,48.3782467079163,66.9060858726502,66.9060858726502,169.632660797119,0.275305713860613,102.932439804077,29.8504075431824,0.101686261992646,0.136746817965894
"7335004",1995,0.125193986709524,1.02932439804077,0.93859767889711,85.433925037384,21.6158123588562,169.323863477707,239.8325847435,108.079061794281,3.08797319412231,71.1263159046173,0.131723552991407,0.987886686936755
"7335004",1996,0.28695551899822,13.1753522949219,30.8797319412231,54.0395308971405,52.4955443000793,136.385482740402,97.7858178138733,153.369335308075,7.71993298530579,6.69060858726501,13.8958793735504,10.6020412998199
"7335004",1997,9.77858178138733,13.38121717453,0.1314379788425,82.3459518432617,136.797212499619,286.975642173767,21.6158123588562,84.9192628383637,60.7301394844055,149.252037715912,79.2579786491394,1.13225683784485
"7335004",1998,0.962351256323213,0.943920586919124,0.728937942328533,19.8659608821869,85.9485872364044,54.1424633369446,22.1304745578766,46.8342601108551,45.8049357128143,0.0793235544719873,4.11729759216309,0.754638551407788
"7335004",1999,4.63195979118347,4.63195979118347,8.23459518432617,5.66128418922424,78.743316450119,204.835555210114,62.7887882804871,83.8899384403229,156.457308502197,1.02932439804077,6.17594638824463,0.640445387724267
"7335004",2000,0.0474363605205491,46.8342601108551,0.719132454907805,15.954528169632,45.2902735137939,418.935030002594,19.5571635627747,32.7325158576965,174.985147666931,10.2932439804077,8.23459518432617,2.57331099510193
"7335004",2001,11.3225683784485,0.951798124277531,1.02932439804077,66.0826263542175,218.216772384644,79.7726408481598,239.8325847435,100.873791007996,42.2023003196716,12.3518927764893,13.38121717453,0.637206993234739
"7335004",2002,0.121874411578575,65.8767614746094,57.2304365310669,27.997623626709,186.204783605576,155.839713863373,86.1544521160126,247.140787969589,63.3034504795074,104.991088600159,21.1011501598358,11.3225683784485
"7335004",2003,9.88151422119141,0.799859922206836,1.01256952465509,0.58446120834532,68.4500724697113,183.219742851257,33.9677051353455,30.5709346218109,7.2052707862854,26.7624343490601,54.5541930961609,0.935782370153447
"7335004",2004,0.90731037713647,5.66128418922424,54.5541930961609,94.1831824207306,19.5571635627747,75.6553432559967,187.954635082245,83.8899384403229,36.5410161304474,73.5966944599152,34.9970295333862,15.4398659706116
"7335004",2005,2.05864879608154,0.34256575192171,11.3225683784485,4.11729759216309,172.92649887085,261.139599782944,151.825348711014,158.515957298279,34.9970295333862,13.8958793735504,23.1597989559174,20.5864879608154
"7335004",2006,12.8665549755096,9.26391958236694,0.894785009776499,36.5410161304474,110.652372789383,213.07015039444,213.07015039444,112.196359386444,32.9383807373047,58.3626933689117,3.08797319412231,10.2932439804077
"7335004",2007,2.05864879608154,24.7037855529785,5.24955443000793,52.083814540863,23.6744611549377,70.5087212657928,115.798994779587,55.5835174942017,17.4985147666931,10.8079061794281,2.05864879608154,9.88151422119141
"7335004",2008,0.733215908213476,0.667181671834911,0.284516513030047,59.1861528873444,271.226978883743,97.2711556148529,126.092238759995,128.665549755096,25.2184477519989,9.36685202217102,0.787115196837834,2.05864879608154
"7335004",2009,0.0131643890345419,0.514662199020386,0.514662199020386,1.54398659706116,68.4500724697113,189.08689192009,69.9940590667725,170.867850074768,25.7331099510193,75.9641405754089,27.7917587471008,1.02932439804077
"7335004",2010,7.2052707862854,21.6158123588562,0.556864421658187,0.237839736909073,49.407571105957,108.181994234085,75.6553432559967,44.2609491157532,20.5864879608154,44.7756113147736,1.02932439804077,8.44046006393433
"7345001",1981,10.9109118423462,8.39300910949707,41.4404824781418,93.3722263431549,473.890276844978,93.2673137292862,131.875155632973,72.0749657278061,63.2623061628342,27.2772796058655,23.9200759620667,1.99333966350555
"7345001",1982,61.3738791131973,18.8842704963684,11.330562297821,33.0474733686447,248.957632710457,352.401469985008,261.022583305359,169.433871397972,214.231557519913,95.0508281650543,23.1856876649857,0.676846037442642
"7345001",1983,18.0449695854187,2.62281534671783,0.734388297080994,37.348890537262,119.915117651939,246.020079522133,195.766937479019,91.1690614519119,72.3897035694122,14.1632028722763,4.51124239635468,6.2947568321228
"7345001",1984,5.98001899051666,19.3039209518433,12.1698632087708,38.7127545175552,339.707043706894,185.90515177536,340.86108245945,81.0974505205154,144.569581911087,114.774399572372,10.8059992284775,0.297298082370742
"7345001",1985,12.4846010503769,0.628127632427595,6.08493160438538,55.9184231920242,177.092492210388,136.071660187721,151.70363965416,31.5786967744827,77.5304216489792,87.2872947387695,29.3755318832397,0.625795945630961
"7345001",1986,21.5070858430862,3.67194148540497,42.4896086168289,166.286492981911,464.7628794384,335.825276993752,94.0017020263672,146.248183732986,32.4179976854324,34.3064247350693,163.244027179718,1.01567820528308
"7345001",1987,0.329429700039476,0.524563069343567,52.5612195482254,24.1299011898041,210.454703420639,108.584555354118,407.375679652214,176.672841754913,150.549600901604,78.0549847183228,0.524563069343567,0.0191714283197599
"7345001",1988,3.1473784160614,0.00625546089025712,45.1124239635468,23.6053381204605,61.3738791131973,228.394760392189,156.214882050514,195.242374409676,60.4296655883789,17.3105812883377,25.1790273284912,5.4554559211731
"7345001",1989,5.87510637664795,7.13405774307251,3.1473784160614,0.837571768190095,30.8443084774017,192.40973383522,192.724471676826,134.288145751953,31.0541337051392,20.7726975460053,0.305526576899909,28.7460562000275
"7345001",1990,9.4421352481842,20.6677849321365,109.214031037331,72.9142666387558,99.4571579475403,64.9409079847336,119.915117651939,59.0658016080856,176.987579596519,39.1324049730301,18.5695326547623,0.456813926971509
"7345001",1991,19.9333966350555,0.263352661532713,0.839300910949707,61.5837043409348,320.612947982788,175.30897777462,133.658670068741,50.4629672708511,146.77274680233,62.0033547964096,20.4579597043991,86.028343372345
"7345001",1992,0.529645682063726,3.56702887153625,62.1082674102783,118.026690602303,632.098498558998,368.662925134659,66.1998593511581,132.294806088448,88.2315082635879,47.1057636270523,19.6186587934494,13.0091641197205
"7345001",1993,1.25895136642456,0.116374217929611,1.5736892080307,79.8384991540909,218.113324233055,389.120884839058,116.348088780403,87.0774695110321,26.0183282394409,72.3897035694122,33.5720364379883,15.736892080307
"7345001",1994,0.524563069343567,9.54704786205292,5.87510637664795,157.998396486282,95.0508281650543,191.990083379745,228.28984777832,24.6544642591476,102.184885908127,53.085782617569,10.4912613868713,41.4404824781418
"7345001",1995,0.18212588171546,6.08493160438538,1.04912613868713,94.1066146402359,33.676949051857,260.812758077621,271.094194236755,104.912613868713,32.8376481409073,50.7777051124573,0.814864948391096,0.379541773119282
"7345001",1996,1.5736892080307,18.8842704963684,36.2997643985748,71.7602278862,64.7310827569962,138.169912465096,74.6977810745239,155.270668525696,8.49792172336578,20.143221862793,34.3064247350693,9.96669831752777
"7345001",1997,16.471280377388,26.3330660810471,1.67860182189941,147.192397257805,146.877659416199,426.679600604057,119.285641968727,65.6752962818146,79.5237613124847,185.275676092148,66.1998593511581,4.7210676240921
"7345001",1998,0.666965294674878,8.18318388175964,12.064950594902,50.9875303401947,120.020030265808,54.554559211731,23.2906002788544,72.2847909555435,50.3580546569824,0.0218313416745452,3.77685409927368,4.40632978248596
"7345001",1999,3.46211625766754,19.408833565712,11.0158244562149,26.8576291503906,94.8410029373169,266.268213998795,78.2648099460602,117.607040146828,239.515497462273,21.2972606153488,5.77019376277924,0.209825227737427
"7345001",2000,0.256676159545258,74.2781306190491,2.09825227737427,9.23231002044678,66.7244224205017,520.156739561081,43.2239969139099,83.6153532533646,265.743650929451,33.4671238241196,10.5961740007401,10.7010866146088
"7345001",2001,28.1165805168152,0.857056873934855,0.524563069343567,67.9833737869263,286.516348475456,138.799388148308,371.075915253639,164.293153318405,37.348890537262,21.4021732292175,20.877610159874,0.227546731393093
"7345001",2002,0.743734733498377,148.766086465836,127.259000622749,54.1349087562561,262.491359899521,173.420550724983,117.39721491909,363.102556599617,78.9991982431412,152.333115337372,49.0991032905579,9.75687308979034
"7345001",2003,23.0807750511169,0.873709332680696,5.77019376277924,13.6386398029327,79.3139360847473,199.963442033768,68.9275873117447,60.0100151329041,68.4030242424011,48.7843654489517,87.497119966507,6.50458205986023
"7345001",2004,0.243759389204492,9.23231002044678,59.2756268358231,119.600379810333,29.3755318832397,151.493814426422,248.957632710457,84.3497415504456,78.3697225599289,71.025839589119,50.0433168153763,13.3239019613266
"7345001",2005,0.524563069343567,0.31473784160614,24.6544642591476,13.1140767335892,202.900995222092,337.084228360176,195.452199637413,218.113324233055,40.4962689533234,19.408833565712,36.7194148540497,25.0741147146225
"7345001",2006,19.9333966350555,11.8551253671646,2.41299011898041,89.7002848577499,146.877659416199,297.951823387146,292.181629624367,153.172416248322,76.5862081241608,67.6686359453201,0.715836942400549,37.7685409927368
"7345001",2007,4.7210676240921,51.9317438650131,12.064950594902,65.5703836679459,32.3130850715637,84.9792172336578,208.77610159874,94.3164398679733,25.8085030117035,26.3330660810471,0.0247423390848685,22.5562119817734
"7345001",2008,1.04912613868713,0.00389935674868916,3.1473784160614,75.5370819854736,504.629672708511,151.283989198685,190.626219399452,200.278179875374,43.3289095277786,22.346386754036,0.302749437279325,9.96669831752777
"7345001",2009,0.839300910949707,0.31473784160614,1.67860182189941,12.799338891983,137.435524168015,293.440580990791,109.843506720543,239.515497462273,47.7352393102646,91.6936245212555,35.9850265569687,1.04912613868713
"7345001",2010,6.2947568321228,22.346386754036,1.04912613868713,2.41299011898041,68.7177620840073,189.577093260765,184.226549953461,83.825178481102,39.9717058839798,69.2423251533508,17.8351443576813,18.8842704963684
"7331002",1981,22.0543333172798,5.37910568714142,49.8105186629295,90.0462292027474,752.429303517342,142.223554368019,184.933653523922,188.376281163692,187.408042140007,61.9672975158691,27.7561853456497,5.59426991462708
"7331002",1982,47.9816227293015,34.6414406251907,30.0154097342491,59.0625804448128,360.184916810989,558.243588211536,377.182890782356,232.162201457024,337.162344470024,224.523871381283,31.5215593266487,0.417607188856258
"7331002",1983,31.1988129854202,3.22746341228485,0.550534444997177,55.5123706912994,189.774848642349,331.890820896626,301.660246934891,159.974603135586,123.61184869051,32.8125446915626,5.16394145965576,11.1885398292542
"7331002",1984,7.74591218948364,41.9570243597031,28.7244243693352,50.5635934591293,440.118427321911,271.537255086899,504.129784998894,163.739977116585,231.086380319595,121.890534870625,17.4283024263382,1.07582113742828
"7331002",1985,18.826869904995,0.984145672207946,22.8074081134796,129.851611287594,314.247354242802,213.550495779514,345.984077796936,57.018520283699,142.331136481762,197.735925059319,50.5635934591293,0.609992040026218
"7331002",1986,20.9785121798515,4.9487772321701,50.3484292316437,172.776874670982,546.947466268539,457.546729748249,153.627258424759,212.367092528343,46.4754731369019,64.6568503594399,230.656051864624,1.61373170614243
"7331002",1987,0.00531436969744634,1.5061495923996,82.8382275819778,33.4580373740196,143.299375505447,119.308564140797,492.618498828411,219.037183580399,212.2595104146,164.493051912785,3.22746341228485,10.7582113742828
"7331002",1988,11.8340325117111,0.681401953121587,63.90377556324,69.3904633641243,67.7767316579819,360.615245265961,232.377365684509,297.894872953892,84.9898698568344,51.6394145965576,15.061495923996,6.99283739328384
"7331002",1989,5.27152357339859,7.53074796199799,6.4549268245697,0.508077884034761,51.1015040278435,256.36817704916,272.397911996841,232.162201457024,53.5758926439285,35.5020975351334,5.48668780088425,66.1629999518395
"7331002",1990,10.2203008055687,18.6117056775093,100.481694235802,107.582113742828,180.30762263298,100.05136578083,179.877294178009,85.9581088805199,313.386697332859,57.664012966156,30.8760666441917,1.93647804737091
"7331002",1991,17.7510487675667,0.0530572438806292,0.886127551601762,114.144622681141,532.423880913258,281.434809551239,210.860942935944,75.5226438474655,193.21747628212,144.267614529133,28.5092601418495,114.252204794884
"7331002",1992,0.675103751654884,15.061495923996,95.6404991173744,172.346546216011,793.525670967102,548.88394431591,128.453043808937,150.399795012474,104.569814558029,100.05136578083,27.1106926631927,12.3719430804253
"7331002",1993,1.82889593362808,0.837796827490634,2.15164227485657,139.641583638191,424.088692374229,637.424023926258,193.862968964577,194.831207988262,60.4611479234695,121.460206415653,30.5533203029633,50.3484292316437
"7331002",1994,5.80943414211273,8.17624064445496,7.10041950702667,211.614017732143,145.343435666561,303.381560754776,370.190053389072,61.6445511746407,174.928516945839,92.9509462738037,7.85349430322647,45.6148162269592
"7331002",1995,0.488280808115944,5.27152357339859,0.567488261553273,161.588334841728,67.9918958854675,462.495506980419,463.033417549133,207.633479523659,54.8668780088425,70.4662845015526,1.61373170614243,0.948631366268791
"7331002",1996,10.1127186918259,37.6537398099899,33.6732016015053,106.613874719143,120.922295846939,248.299518518448,79.7183462834358,192.249237258434,17.8586308813095,19.5799447011948,36.4703365588188,14.2008390140533
"7331002",1997,11.1885398292542,31.6291414403915,1.29098536491394,194.616043760777,194.938790102005,629.678111736774,203.222612860203,131.680507221222,174.60577060461,271.752419314384,55.5123706912994,33.8883658289909
"7331002",1998,0.79841108395805,7.31558373451233,19.3647804737091,81.0093316483498,168.366008007526,94.8874243211746,50.5635934591293,111.132323496342,68.314642226696,0.350119066174675,5.80943414211273,29.477499165535
"7331002",1999,6.67009105205536,41.9570243597031,9.03689755439758,31.3063950991631,151.798362491131,367.608082659245,101.234769032001,242.597666490078,353.084497303963,47.4437121605873,4.9487772321701,6.77767316579819
"7331002",2000,0.0911352794161197,133.616985268593,2.68955284357071,25.066632502079,140.824986889362,758.238737659454,142.438718595505,126.086237306595,423.765946033001,29.6926633930206,23.8832292509079,11.5112861704826
"7331002",2001,78.319778804779,3.76537398099899,0.968239023685455,106.075964150429,621.932199547291,210.000286026001,626.45064832449,302.090575389862,40.3432926535606,34.3186942839622,45.8299804544449,0.806926548631693
"7331002",2002,0.0332152448858964,191.71132668972,177.61806978941,90.90688611269,350.825272915363,249.590503883362,233.022858366966,572.229262998104,150.937705581188,264.544417693615,69.1752991366386,21.5164227485657
"7331002",2003,24.3135577058792,0.9863970025087,0.840182193351123,13.5553463315964,100.80444057703,359.539424128532,128.453043808937,105.107725126743,143.514539732933,82.3003170132637,81.8699885582924,32.1670520091057
"7331002",2004,0.341325627992533,19.3647804737091,91.5523787951469,263.145850214958,32.1670520091057,259.918386802673,312.741204650402,145.343435666561,139.856747865677,121.675370643139,99.9437836670876,38.1916503787041
"7331002",2005,1.61373170614243,0.64549268245697,21.7315869760513,14.0932569003105,380.840682649612,517.254802875519,358.463602991104,399.237224099636,71.5421056389809,36.7930829000473,86.8187657904625,40.6660389947891
"7331002",2006,50.778757686615,15.3842422652245,5.37910568714142,140.609822661877,155.886482813358,447.971921625137,435.815142772198,271.96758354187,147.495077941418,150.077048671246,2.68955284357071,53.7910568714142
"7331002",2007,23.6680650234222,98.9755446434021,18.7192877912521,87.5718405866623,40.0205463123322,116.511429183483,270.138687608242,152.766601514816,39.5902178573608,40.8812032222748,0.101241451809865,20.4406016111374
"7331002",2008,14.416003241539,0.626916614564256,5.91701625585556,106.936621060371,629.032619054317,188.483863277435,296.173559134006,283.586451826096,85.850526766777,31.4139772129059,0.860656909942627,6.23976259708405
"7331002",2009,0.0791115094998905,2.15164227485657,1.07582113742828,26.6803642082214,285.092601418495,330.814999759197,145.451017780304,357.280199739933,58.0943414211273,143.299375505447,80.7941674208641,0.113391259327627
"7331002",2010,9.89755446434021,21.5164227485657,0.448874785638849,2.90471707105637,104.354650330544,329.846760735512,246.685786812305,144.590360870361,24.5287219333649,90.1538113164902,43.3555918383598,37.6537398099899
"7350006",1981,43.6888030729294,9.26071885585785,85.3075631074905,157.432220549583,1216.42265912533,201.338922889709,304.514225907326,302.988931036949,230.64637432766,91.6266418561935,33.9922856826782,13.0739560317993
"7350006",1982,51.533176692009,71.0351611061096,46.7393928136826,95.5488286657333,401.806248710632,812.873216277123,586.475877659798,399.409356771469,503.783105758667,376.094135181427,59.3775503110886,1.30739560317993
"7350006",1983,57.9612050743103,6.53697801589966,1.1984459695816,104.591648254395,257.012185658455,504.981551728249,447.782994089127,200.576275454521,162.008105160713,50.3347307224274,0.451215977357718,9.36966848945618
"7350006",1984,7.0817261838913,53.1674211959839,23.8599697580338,59.0507014102936,629.837831831932,371.627200203896,791.954886626244,236.420704908371,325.10570665741,179.222147269249,18.0856391773224,2.61479120635986
"7350006",1985,18.7393369789124,0.114185928927046,36.0623287210464,199.268879851341,415.098104009628,201.121023622513,477.853092962265,74.1947004804611,186.194923819542,291.767118776321,92.1713900241852,0.504551221827885
"7350006",1986,5.88328021430969,7.95332325267792,64.7160823574066,277.712616042137,777.246686090469,752.841968164444,257.230084925652,293.619262547493,62.7549889526367,125.07417937088,338.724410857201,1.74319413757324
"7350006",1987,1.03839818088644,3.26848900794983,98.0546702384949,44.560400141716,182.163787376404,201.447872523308,768.639665036201,296.887751555443,294.055061081886,239.689193916321,10.6770640926361,9.15176922225952
"7350006",1988,19.0661858797073,0.335700044593025,87.3776061458588,94.1324834289551,128.34266837883,643.456536031723,288.498629768372,455.954216609001,94.5682819633484,92.1713900241852,22.7704734220505,20.5914807500839
"7350006",1989,10.3502151918411,14.9260998029709,5.88328021430969,0.878741744943949,83.782268237114,321.292469481468,384.701156235695,365.526020722389,71.6888589076996,48.3736373176575,11.5486611614227,74.8483982820511
"7350006",1990,23.5331208572388,26.6926602315903,135.969142730713,162.117054794312,237.945999778748,163.860248931885,229.556877991676,133.57225079155,460.530101220131,66.8950750293732,87.3776061458588,7.73542398548126
"7350006",1991,19.8288333148956,0.89611338896406,0.871597068786621,166.257140871048,903.846160331726,371.518250570297,373.152495074272,86.6149587106705,253.41684774971,174.210464123726,47.6109898824692,166.039241603851
"7350006",1992,0.256633232324265,16.2334954061508,172.794118886948,232.716417366028,849.480293166161,692.48387115097,198.07043388176,156.669573114395,165.603443069458,183.906981513977,49.4631336536407,17.9766895437241
"7350006",1993,1.85214377117157,0.542113066468332,2.61479120635986,176.716305696487,624.390350152016,971.939681330681,285.33909039402,302.444182868958,105.463245323181,170.506176581383,51.3152774248123,92.9340374593735
"7350006",1994,10.7860137262344,15.7976968717575,7.51752471828461,224.872043746948,163.642349664688,436.343282561302,553.899937213898,90.3192462530136,214.194979654312,125.72787717247,19.3930347805023,67.7666720981598
"7350006",1995,0.234423138059578,10.6770640926361,0.326848900794983,237.401251610756,115.922410148621,799.36346171093,675.051929775238,333.167979543686,116.031359782219,129.759013615608,1.63424450397491,0.623425445953102
"7350006",1996,17.4319413757324,58.6149028759003,46.1946446456909,138.692883570671,153.72793300724,298.957794593811,83.455419336319,275.315724102974,48.3736373176575,34.1012353162766,60.2491473798752,20.1556822156906
"7350006",1997,15.6887472381592,42.8172060041428,6.86382691669464,387.098048174858,250.366258008957,940.453237220764,332.078483207703,198.07043388176,305.385822976112,349.074626049042,80.5137792291641,54.4748167991638
"7350006",1998,0.767755404475938,0.871597068786621,15.9066465053558,92.8250878257752,196.327239744186,141.416624410629,117.556654652596,183.471182979584,77.136340587616,0.689369012582469,10.0233662910461,34.5370338506699
"7350006",1999,6.319078748703,42.7082563705444,14.1634523677826,37.2607746906281,179.440046536446,448.109842989922,134.008049325943,339.160209391594,482.320027939796,46.3035942792892,7.0817261838913,8.06227288627625
"7350006",2000,0.947357458537121,49.0273351192474,2.28794230556488,33.0117389802933,184.560679315567,1230.47716185951,282.288500653267,241.977136221886,510.10218450737,61.6654926166534,40.3113644313812,15.0350494365692
"7350006",2001,153.401084106445,2.72374083995819,1.30739560317993,136.078092364311,786.943203480721,334.693274414063,1012.03314649487,486.67801328373,53.9300686311722,41.5098104009628,73.1052041444778,0.61166675933179
"7350006",2002,0.653697801589966,177.587902765274,235.875956740379,116.140309415817,417.60394558239,377.728379685402,347.440381545067,836.297387500763,207.984850539207,398.428810069084,111.019676636696,36.7160265226364
"7350006",2003,49.1362847528458,0.881701379076433,0.871597068786621,22.2257252540588,140.653976975441,581.464194514275,222.475151807785,133.57225079155,223.45569851017,138.366034669876,127.144222409248,39.9845155305862
"7350006",2004,0.566574395402457,30.2879981403351,105.027446788788,435.471685492516,74.1947004804611,390.475486816406,425.993067369461,141.743473311424,234.895410037994,200.358376187325,119.299848790169,58.9417517766953
"7350006",2005,2.72374083995819,0.544748167991638,25.7121135292053,15.6887472381592,645.526579070091,796.312871970177,471.534014213562,688.452734707832,102.848454116821,45.9767453784943,116.576107950211,62.8639385862351
"7350006",2006,66.4592764949799,19.7198836812973,4.68483424472809,160.91860882473,226.179439350128,736.608472758293,702.28933817482,451.378331997871,243.720330359459,233.479064801216,6.75487728309631,76.809491686821
"7350006",2007,45.7588461112976,108.404885430336,25.7121135292053,102.085806681633,71.3620100069046,188.591815758705,499.098271513939,240.887639885902,78.1168872900009,55.3464138679504,2.28794230556488,23.6420704908371
"7350006",2008,13.7276538333893,2.83269047355652,11.4397115278244,146.864106090546,860.702105426788,263.331264407158,457.479511479378,534.1800535326,158.30381761837,31.4864441099167,4.35798534393311,10.8949633598328
"7350006",2009,0.435798534393311,5.99222984790802,0.871597068786621,45.540946844101,498.008775177956,365.090222187996,278.911062011719,464.561237663269,121.587791095734,241.214488786697,113.961316743851,0.777710950277316
"7350006",2010,12.8560567646027,29.7432499723434,0.24221766195072,14.1634523677826,142.288221479416,443.969756913185,414.444406208038,235.984906373978,26.4747609643936,90.2102966194153,62.3191904182434,60.4670466470718
"7332003",1981,24.2209806203842,3.76770809650421,57.0538654613495,120.028415074348,687.337605605125,107.110558743477,167.932132301331,60.2833295440674,155.014275970459,9.68839224815369,38.2153249788284,11.8413683032989
"7332003",1982,126.487343239784,63.5127936267853,73.201185874939,43.5977651166916,365.467685360908,504.872884931564,338.555484671593,262.663078727722,316.487480106354,187.847160811424,28.5269327306747,0.915219963615076
"7332003",1983,42.521277089119,2.69122006893158,0.0437184583925007,59.2068415164947,187.201267994881,380.538517746925,276.11917907238,117.337195005417,71.0482098197937,29.0651767444611,7.53541619300842,8.61190422058105
"7332003",1984,5.92068415164947,37.6770809650421,31.7563968133926,72.1246978473663,456.969167704582,292.804743499756,443.513067359924,129.178563308716,202.379749183655,146.940615763664,11.8413683032989,10.22663626194
"7332003",1985,14.5325883722305,1.00190959476708,22.6062485790253,176.544036521912,182.357071870804,188.923648838997,285.269327306747,31.2181527996063,200.22677312851,192.153112921715,80.7366020679474,0.512834956581387
"7332003",1986,23.6827366065979,16.1473204135895,76.6459475631714,209.484570165634,770.765427742004,447.280775456429,166.317400259972,277.195667099953,69.9717217922211,30.67990878582,274.504447031021,0.0540313265606513
"7332003",1987,1.00424930203989,18.8385404825211,74.2776739025116,40.3683010339737,199.150285100937,92.5779703712463,459.122143759727,184.07945271492,276.657423086166,111.954754867554,5.38244013786316,0.027186115867958
"7332003",1988,13.4561003446579,1.03663353094313,60.8215735578537,55.9773774337769,61.35981757164,346.413847272873,255.6659065485,315.949236092567,93.1162143850326,55.4391334199905,33.1558312492371,22.068004565239
"7332003",1989,5.59773774337769,23.1444925928116,5.92068415164947,0.674843951961865,50.0566932821274,257.280638589859,259.971858658791,251.898198451996,46.2889851856232,48.4419612407684,0.921908720898229,54.2549965896606
"7332003",1990,12.3796123170853,31.2181527996063,124.872611198425,146.940615763664,135.099247460365,100.113386564255,181.926476659775,115.722462964058,345.552656850815,57.0538654613495,47.9037172269821,0.351177650136372
"7332003",1991,22.6062485790253,0.452770571726022,1.07416555501691,139.943443584442,510.793569083214,272.351470975876,237.903854093552,50.5949372959137,244.362782258987,96.8839224815369,41.9830330753326,137.252223515511
"7332003",1992,5.38244013786316,11.3031242895126,129.178563308716,142.096419639587,588.83895108223,702.946682004929,200.765017142296,157.705496039391,97.9604105091095,106.572314729691,56.5156214475632,12.3796123170853
"7332003",1993,3.76770809650421,0.362207453009977,2.69122006893158,126.487343239784,373.003101553917,424.674526877403,105.495826702118,153.937787942886,45.2124971580505,86.1190422058105,16.1473204135895,36.6005929374695
"7332003",1994,4.30595211029053,0.815348243191692,15.6090763998032,240.595074162483,92.5779703712463,230.90668191433,36.6005929374695,44.6742531442642,195.920821018219,61.8980615854263,8.61190422058105,5.92068415164947
"7332003",1995,0.203879716804168,0.936658251081669,2.69122006893158,163.62618019104,91.5014823436737,400.453546257019,391.303398022652,198.934987495422,68.1416921453476,80.5213044624329,2.36827366065979,0.278761984967038
"7332003",1996,3.87535689926147,32.6175872354507,73.631781085968,98.0680593118667,108.402344376564,222.725372904778,83.9660661506653,229.076652267456,20.1303261156082,29.6034207582474,34.6629144878387,10.6572314729691
"7332003",1997,17.8697012577057,52.5326157455444,3.01416647720337,267.399626049042,220.141801638603,645.139274924278,226.600729804039,103.342850646973,164.056775402069,280.640428788185,85.5807981920242,22.3909509735107
"7332003",1998,0.968839224815369,1.83002964687347,10.0113386564255,67.8187457370758,196.136118623733,92.3626727657318,80.6289532651901,142.204068442345,70.7252634115219,0.979222778457588,13.4561003446579,10.22663626194
"7332003",1999,2.47592246341705,51.1331813097,6.45892816543579,40.6912474422455,142.849961258888,410.141938505173,88.4873158664703,193.767844963074,366.651822191238,41.4447890615463,1.07648802757263,8.07366020679474
"7332003",2000,0.820108799987424,117.337195005417,3.76770809650421,29.6034207582474,111.416510853767,801.445336527824,119.705468666077,154.476031956673,447.280775456429,39.2918130064011,12.3796123170853,18.8385404825211
"7332003",2001,119.490171060562,2.15297605514526,0.32294640827179,64.2663352460861,606.601003537178,209.376921362877,615.105258955002,321.869920244217,46.8272291994095,44.1360091304779,36.6005929374695,0.378317547096349
"7332003",2002,0.107648802757263,199.150285100937,219.065313611031,86.1190422058105,363.85295331955,269.122006893158,247.592246341705,575.382850737572,151.892460690498,319.178700175285,104.419338674545,13.4561003446579
"7332003",2003,40.3683010339737,0.338217698054009,1.61473204135895,15.6090763998032,110.878266839981,410.141938505173,163.087936177254,112.49299888134,139.943443584442,98.4986545228958,117.875439019203,40.90654504776
"7332003",2004,0.986150270270849,12.9178563308716,93.654458398819,301.954891734123,49.5184492683411,324.022896299362,343.937924809456,151.246567873955,160.934960122108,141.019931612015,109.801778812408,25.8357126617432
"7332003",2005,3.01416647720337,0.32294640827179,21.3144629459381,17.7620524549484,448.357263484001,627.592520074844,362.776465291977,408.527206463814,71.0482098197937,31.2181527996063,71.58645383358,54.3626453924179
"7332003",2006,56.5156214475632,13.4561003446579,10.22663626194,179.77350060463,210.991653404236,469.348780021667,509.178837041855,289.575279417038,147.478859777451,152.861299915314,4.84419612407684,76.9688939714432
"7332003",2007,16.1473204135895,99.0368985366821,15.6090763998032,100.113386564255,29.0651767444611,183.002964687347,375.694321622849,175.359899691582,33.3711288547516,43.5977651166916,2.15297605514526,26.9122006893158
"7332003",2008,12.9178563308716,0.0831940416348771,3.76770809650421,109.263534798622,716.618079955101,196.997309045792,311.643283982277,338.017240657806,86.6572862195969,27.0198494920731,3.2294640827179,8.07366020679474
"7332003",2009,1.61473204135895,2.15297605514526,0.861190422058105,25.6204150562286,347.70563290596,398.300570201874,208.838677349091,368.697149443626,102.2663626194,145.325883722305,87.7337742471695,1.07648802757263
"7332003",2010,10.7648802757263,33.1558312492371,0.538244013786316,0.107648802757263,84.3966613616943,310.028551940918,261.58659070015,139.943443584442,27.4504447031021,97.4221664953232,33.9093728685379,30.1416647720337
"8141002",1981,55.0532375335693,7.41101274490356,32.8201992988586,94.2257334709168,433.014887523651,41.289928150177,169.394577026367,66.6991147041321,22.2330382347107,20.1156060218811,1.05871610641479,0.138354987562697
"8141002",1982,30.7027670860291,14.8220254898071,1.05871610641479,6.35229663848877,281.618484306335,356.787327861786,318.673548030853,164.100996494293,158.807415962219,125.987216663361,25.4091865539551,0.09408568106405
"8141002",1983,15.8807415962219,6.35229663848877,0.205928866110489,33.8789154052734,103.75417842865,268.913891029358,192.686331367493,91.0495851516724,66.6991147041321,14.8220254898071,0.126434531882902,7.41101274490356
"8141002",1984,5.29358053207397,24.3504704475403,3.17614831924438,35.996347618103,244.563420581818,153.513835430145,257.268013858795,62.4642502784729,135.515661621094,143.985390472412,0.650204077647552,0.641020177193987
"8141002",1985,17.9981738090515,0.155880264404485,13.7633093833923,50.8183731079102,247.739568901062,116.458771705627,205.39092464447,26.4679026603699,45.5247925758362,51.877089214325,35.996347618103,0.907895325569186
"8141002",1986,0.195845431698526,7.41101274490356,24.3504704475403,135.515661621094,237.258279447556,277.383619880676,61.4055341720581,118.576203918457,44.4660764694214,15.8807415962219,140.809242153168,0.132371580195812
"8141002",1987,1.02748055545417,2.11743221282959,45.5247925758362,37.0550637245178,100.578030109406,68.8165469169617,346.200166797638,201.156060218811,81.5211401939392,53.9945214271545,3.17614831924438,0.949675243948298
"8141002",1988,7.41101274490356,0.246374902963618,17.9981738090515,40.2312120437622,65.6403985977173,214.919369602203,205.39092464447,235.034975624084,78.4508634853363,19.0568899154663,1.00079104035515,8.46972885131836
"8141002",1989,0.162323305714714,1.0546570410257,22.2330382347107,0.465185155593486,28.5853348731995,212.801937389374,208.567072963715,123.340426397324,21.1743221282959,16.9394577026367,0.812159783978071,32.8201992988586
"8141002",1990,2.11743221282959,2.11743221282959,55.0532375335693,52.9358053207397,52.9358053207397,61.9348922252655,73.0514113426209,88.9321529388428,131.280797195435,34.9376315116882,10.5871610641479,0.181079139012729
"8141002",1991,10.5871610641479,0.835469812585582,0.257472048388083,79.8271944236755,151.290531606674,106.61271191597,236.305434951782,59.2881019592285,36.5257056713104,37.3726785564423,27.5266187667847,78.3449918746948
"8141002",1992,0.695278887129376,8.99908690452576,37.0550637245178,97.9312398433685,539.945214271545,313.379967498779,55.2649807548523,101.848489437103,89.9908690452576,21.7036801815033,9.52844495773315,0.0613484687747397
"8141002",1993,4.23486442565918,0.810172094305807,0.371179613663165,71.9926952362061,249.539386281967,299.08730006218,187.392750835419,81.5211401939392,20.1156060218811,35.996347618103,8.46972885131836,3.70550637245178
"8141002",1994,0.856512852936766,0.529358053207397,0.271514169798942,111.165191173553,49.230298948288,180.511096143723,149.278971004486,9.52844495773315,148.220254898071,52.9358053207397,5.29358053207397,17.9981738090515
"8141002",1995,2.11743221282959,0.775531828405783,2.11743221282959,70.9339791297913,23.2917543411255,188.027980499268,266.267100763321,87.873436832428,35.3611179542541,66.4873714828491,1.02587360271284,0.939619508176286
"8141002",1996,0.578774635778851,9.52844495773315,48.7009408950806,46.583508682251,57.7000277996063,150.337687110901,63.5229663848877,111.694549226761,12.7045932769775,1.05871610641479,7.41101274490356,14.2926674365997
"8141002",1997,0.469222113983848,9.52844495773315,0.473790213952918,166.853658370972,169.394577026367,244.457548971176,185.487061843872,19.0568899154663,152.878605766296,152.45511932373,75.1688435554504,0.527540969971138
"8141002",1998,0.870896544893387,0.0341755742378267,1.05871610641479,19.5862479686737,60.3468180656433,121.964095458984,21.1743221282959,76.7569177150726,60.3468180656433,0.0716486268586604,12.7045932769775,4.23486442565918
"8141002",1999,7.41101274490356,4.23486442565918,6.35229663848877,9.52844495773315,118.04684586525,248.268926954269,122.811068344116,262.985080833435,219.154234027863,10.0578030109406,7.09339791297913,0.950365132280317
"8141002",2000,0.587062789277369,84.3796736812592,0.944869896095006,48.1715828418732,82.368113079071,592.881019592285,64.2640676593781,117.411616201401,124.187399282455,24.5622136688232,10.5871610641479,4.6583508682251
"8141002",2001,60.8761761188507,9.74018817901611,50.2890150547028,10.7989042854309,382.196514415741,174.899900779724,307.451157302856,149.173099393845,33.6671721839905,1.58807415962219,10.4812894535065,0.573623323982627
"8141002",2002,0.636279119903607,53.1475485420227,70.0870062446594,48.5950692844391,219.154234027863,133.292357797623,175.429258832932,283.206558465958,79.5095795917511,143.985390472412,65.4286553764343,19.1627615261078
"8141002",2003,11.5400055599213,0.345219709388844,2.96440509796143,12.9163364982605,62.9936083316803,266.267100763321,127.257675991058,41.1840565395355,103.648306818008,76.3334312725067,79.8271944236755,0.61453090837065
"8141002",2004,0.622714286384277,8.99908690452576,19.0568899154663,124.081527671814,43.1956171417236,244.245805749893,223.177355232239,79.5095795917511,76.7569177150726,61.4055341720581,35.4669895648956,27.8442335987091
"8141002",2005,3.70550637245178,1.05416967269968,9.52844495773315,6.14055341720581,251.233332052231,429.626995983124,187.922108888626,240.857914209366,24.8798285007477,19.5862479686737,7.94037079811096,50.8183731079102
"8141002",2006,13.8691809940338,7.19926952362061,0.657474439300366,27.9501052093506,81.5211401939392,318.46180480957,454.189209651947,249.75112950325,69.8752630233765,60.8761761188507,19.0568899154663,12.7045932769775
"8141002",2007,3.70550637245178,37.5844217777252,0.832903130946241,99.3075707817078,64.475810880661,97.0842669582367,136.362634506226,91.5789432048798,31.4438683605194,11.1165191173553,1.58807415962219,7.94037079811096
"8141002",2008,0.529358053207397,0.507456744736714,0.247011890090457,58.9704871273041,379.126237707138,89.3556393814087,172.570725345612,36.208090839386,55.5825955867767,20.1156060218811,0.529358053207397,0.246318499710881
"8141002",2009,1.05871610641479,0.512273241608724,1.05871610641479,4.6583508682251,96.8725237369537,302.792806434631,124.928500556946,208.461201353073,75.1688435554504,56.2178252506256,12.5987216663361,2.64679026603699
"8141002",2010,4.76422247886658,1.05871610641479,3.17614831924438,3.70550637245178,25.9385446071625,197.662297067642,202.320647935867,121.540609016418,19.5862479686737,28.7970780944824,9.52844495773315,9.52844495773315
"8210002",1981,73.8172121429443,16.4038249206543,38.959084186554,34.8581279563904,466.996390709877,90.2210370635986,200.946855278015,65.3077279653549,55.3629091072083,32.8076498413086,6.15143434524536,26.6562154960632
"8210002",1982,73.8172121429443,25.6309764385223,NA,NA,305.521239147186,355.75795296669,242.981656637192,181.467313184738,174.49568759346,115.852013502121,61.5143434524536,0.847413743804678
"8210002",1983,25.6309764385223,8.20191246032715,6.15143434524536,55.3629091072083,133.281077480316,195.820659990311,172.24016166687,137.38203371048,77.9181683731079,37.9338451290131,0.801384590243259,20.5047811508179
"8210002",1984,7.17667340278626,20.5047811508179,22.5552592658997,32.8076498413086,363.959865427017,148.65966334343,262.461198730469,113.801535387039,111.751057271957,155.836336746216,10.2523905754089,0.929606038050611
"8210002",1985,66.6405387401581,3.07571717262268,25.6309764385223,82.0191246032715,218.37591925621,145.583946170807,245.032134752274,29.7319326686859,108.675340099335,143.533468055725,35.8833670139313,4.10095623016357
"8210002",1986,11.2776296329498,20.5047811508179,51.2619528770447,148.65966334343,272.713589305878,205.047811508179,79.9686464881897,205.047811508179,71.7667340278626,22.5552592658997,160.244864693642,1.02523905754089
"8210002",1987,0.61520717752366,6.35648215675354,50.1341899137497,41.4196579246521,120.158017543793,114.006583198547,357.295811553001,247.492708490372,124.464021585464,67.4607299861908,36.8060821657181,5.94638653373718
"8210002",1988,10.9700579156876,0.947742485835296,23.7855461349487,42.444896982193,82.634268037796,197.358518576622,254.259286270142,254.46433408165,118.620158957481,54.4401939554214,15.1735380516052,17.6341117897034
"8210002",1989,4.30600404167175,4.10095623016357,38.959084186554,4.30600404167175,55.4654330129623,254.874429704666,199.511520597458,158.296910484314,20.4022572450638,32.1925064067841,2.05047811508179,69.6137320070267
"8210002",1990,5.33124309921265,16.096253203392,81.3014572629929,59.66891314888,80.6863138284683,94.9371367282867,143.225896338463,149.68490240097,140.560274788857,64.0774410963058,19.8896377162933,4.92114747619629
"8210002",1991,NA,NA,NA,NA,NA,NA,NA,NA,NA,NA,NA,NA
"8210002",1992,0.0545950104289614,17.224016166687,51.3644767827988,92.3740390844345,395.024608870506,181.672360996246,90.1185131578445,142.200657280922,121.900923941612,72.9970208969116,NA,60.0790087718964
"8210002",1993,NA,NA,NA,88.8882262887955,262.358674824715,279.78773880291,172.547733384132,89.8109414405823,31.4748390665054,33.320269370079,20.709828962326,30.1420282917023
"8210002",1994,3.58833670139313,0.871986532185301,5.12619528770447,110.213198685646,51.4670006885529,228.935881548882,155.631288934708,12.0978208789825,142.918324621201,52.799811463356,15.2760619573593,49.4165225734711
"8210002",1995,4.61357575893402,0.915438178846603,10.5599622926712,136.151746841431,43.0600404167175,213.762343497276,249.95328222847,143.225896338463,16.7113966379166,48.0837117986679,1.02523905754089,0.277667945290245
"8210002",1996,0.562505020345274,13.738203371048,41.8297535476685,94.5270411052704,79.3535030536652,125.591784548759,75.9702141637802,107.445053230286,18.351779129982,20.4022572450638,31.7824107837677,NA
"8210002",1997,21.5300202083588,14.3533468055725,1.53785858631134,231.704027004242,120.875684884071,340.379367103577,219.913777842522,77.4055488443375,106.112242455482,57.41338722229,34.3455084276199,13.3281077480316
"8210002",1998,0.180881083618004,0.221635883450661,1.53785858631134,35.8833670139313,128.154882192612,150.710141458511,62.3345346984863,114.82677444458,78.4307879018784,0.0868314847457875,25.6309764385223,15.3785858631134
"8210002",1999,0.652038634745867,6.25395825099945,16.9164444494247,19.479542093277,179.724406786919,284.708886279106,96.372471408844,174.290639781952,141.995609469414,14.3533468055725,7.6892929315567,3.58833670139313
"8210002",2000,2.56309764385223,68.1783973264694,0.451565050611103,38.959084186554,37.9338451290131,510.979146278381,87.6579394197464,207.610909152031,182.390028336525,NA,5.12619528770447,4.61357575893402
"8210002",2001,48.186235704422,10.2523905754089,18.4543030357361,58.9512458086014,349.196422998428,153.273239102364,304.496000089645,103.54914481163,14.865966334343,27.4764067420959,31.7824107837677,0.62714386752786
"8210002",2002,0.377125288833996,57.8234828453064,67.3582060804367,64.4875367193222,157.886814861298,91.75889564991,140.252703071594,263.99905731678,70.2288754415512,155.323717217445,59.4638653373718,15.8912053918839
"8210002",2003,16.7113966379166,0.0472917189362778,4.61357575893402,35.8833670139313,68.6910168552399,273.738828363419,105.599622926712,66.6405387401581,116.877252559662,111.751057271957,79.9686464881897,20.5047811508179
"8210002",2004,0.70878193671229,11.2776296329498,40.7019905843735,143.533468055725,67.665777797699,263.48643778801,127.437214852333,107.137481513023,73.3045926141739,110.725818214417,54.4401939554214,21.0174006795883
"8210002",2005,3.07571717262268,0.794447622677706,32.8076498413086,2.35804983234405,231.39645528698,391.333748263359,110.725818214417,253.234047212601,46.9559488353729,36.2934626369476,30.2445521974564,16.4038249206543
"8210002",2006,38.5489885635376,4.10095623016357,9.02210370635986,81.506505074501,95.4497562570572,285.324029713631,290.552748907089,144.66123101902,50.2367138195038,110.725818214417,0.628719147518729,74.8424512004852
"8210002",2007,21.5300202083588,31.7824107837677,11.2776296329498,80.9938855457306,125.079165019989,114.621726633072,192.744942817688,101.498666696548,52.2871919345856,52.2871919345856,4.30600404167175,2.25552592658997
"8210002",2008,4.10095623016357,5.12619528770447,10.2523905754089,50.2367138195038,262.153627013206,113.801535387039,245.032134752274,168.139205436707,67.665777797699,26.6562154960632,23.5804983234406,5.12619528770447
"8210002",2009,6.15143434524536,5.12619528770447,12.3028686904907,19.479542093277,143.533468055725,270.663111190796,196.845899047852,225.552592658997,32.8076498413086,71.7667340278626,45.1105185317993,5.12619528770447
"8210002",2010,12.3028686904907,56.3881481647491,4.61357575893402,7.17667340278626,12.8154882192612,274.353971797943,282.453360352516,133.281077480316,21.5300202083588,53.3124309921265,25.6309764385223,12.3028686904907
"8106003",1981,82.0771942901611,14.3221949768066,165.25609588623,226.180509902954,1314.33681594849,219.570266067505,430.767556610107,297.460972595215,216.485485610962,105.763901367188,46.2717068481445,28.6443899536133
"8106003",1982,65.000731048584,83.7297552490234,87.034877166748,77.1195114135742,684.160236968994,907.806820068359,851.619747467041,477.039263458252,622.464627838135,408.733410491943,78.2212187194824,2.20341461181641
"8106003",1983,98.0519502258301,14.3221949768066,0.431223774966719,105.763901367188,348.690362319946,716.880943954468,601.532189025879,329.410484466553,289.198167800903,57.2887799072266,17.6273168945313,7.71195114135742
"8106003",1984,22.0341461181641,137.713413238525,84.2806089019775,98.6028038787842,725.25391947937,372.377069396973,910.891600524902,260.002924194336,264.189411956787,182.442729858398,11.017073059082,0.769251251273136
"8106003",1985,57.2887799072266,0.957633895993902,45.390341003418,127.467535293579,354.970093963623,262.206338806152,266.613168029785,38.5597557067871,168.561217803955,320.596826019287,76.017804107666,0.803490256977204
"8106003",1986,31.3986582183838,30.8478045654297,60.2633896331787,220.341461181641,784.415601806641,547.548531036377,211.527802734375,292.503289718628,66.6532920074463,96.9502429199219,377.33475227356,2.20341461181641
"8106003",1987,0.561166290034201,2.20341461181641,146.527071685791,44.6191458892822,237.968778076172,208.22268081665,861.535113220215,342.630972137451,255.596094970703,192.247924880981,23.1358534240723,NA
"8106003",1988,7.71195114135742,0.514752749521312,61.1447554779053,55.0853652954102,82.0771942901611,402.453678848267,271.901363098145,459.962800216675,78.2212187194824,82.6280479431152,22.0341461181641,28.6443899536133
"8106003",1989,5.50853652954102,29.1952436065674,4.40682922363281,1.87290242004395,47.0429019622803,344.614045288086,424.597995697021,246.231582870483,88.6874381256104,30.8478045654297,NA,92.5434136962891
"8106003",1990,NA,NA,NA,NA,NA,NA,NA,NA,NA,NA,NA,NA
"8106003",1991,36.3563410949707,0.436525700562388,0.116924777342023,133.747266937256,660.363359161377,271.35050944519,352.325996429443,119.975925613403,245.680729217529,148.950827758789,49.5768287658691,130.552315750122
"8106003",1992,0.0853588045330011,19.8307315063477,77.6703650665283,154.45936428833,791.02584564209,553.057067565918,134.959144973755,193.900485839844,37.4580484008789,127.247193832397,42.4157312774658,57.2887799072266
"8106003",1993,5.50853652954102,0.55735516533152,20.3815851593018,219.239753875732,416.445361633301,629.295213134766,12.1187803649902,219.239753875732,51.7802433776855,124.492925567627,35.2546337890625,68.3058529663086
"8106003",1994,21.5934631958008,0.723685694533026,36.3563410949707,273.223411865234,208.663363739014,350.893776931763,460.954336791992,61.6956091308594,203.815851593018,112.924998855591,22.5849997711182,45.7208531951904
"8106003",1995,0.731378819784372,14.3221949768066,4.40682922363281,237.528095153809,49.5768287658691,609.244140167236,423.05560546875,256.146948623657,67.7549993133545,99.7045111846924,11.5679267120361,0.525096657884383
"8106003",1996,0.870780882046806,41.8648776245117,101.577413604736,76.017804107666,82.6280479431152,209.54472958374,119.53524269104,271.019997253418,35.8054874420166,24.7884143829346,60.0430481719971,23.1358534240723
"8106003",1997,33.0512191772461,40.7631703186035,5.50853652954102,315.088289489746,224.748290405273,642.515700805664,259.452070541382,114.577559814453,254.494387664795,96.9502429199219,96.9502429199219,34.7037801361084
"8106003",1998,4.40682922363281,1.06734960964048,23.6867070770264,24.8985851135254,235.765363464355,141.01853515625,90.3399990844727,98.6028038787842,68.3058529663086,0.888726486853644,22.0341461181641,8.81365844726563
"8106003",1999,8.48314625549316,31.9495118713379,9.91536575317383,34.7037801361084,213.180363693237,399.368898391724,104.111340408325,309.028899307251,397.165483779907,26.4409753417969,12.1187803649902,0.871452813190615
"8106003",2000,0.328924231406005,132.315047439575,7.71195114135742,125.594632873535,116.78097442627,853.823162078857,155.78141305542,163.603534927368,516.700726470947,50.1276824188232,44.0682922363281,18.7290242004395
"8106003",2001,134.408291320801,7.71195114135742,3.30512191772461,85.9331698608398,602.633896331787,184.535973739624,820.221089248657,335.910557571411,46.2717068481445,60.3735603637695,53.9836579895019,0.606720249132468
"8106003",2002,0.446589273198597,255.596094970703,156.442437438965,127.798047485352,488.056336517334,306.27463104248,256.697802276611,584.896408706665,169.883266571045,363.012557296753,49.025975112915,38.5597557067871
"8106003",2003,46.2717068481445,0.119313676605067,1.1017073059082,20.9324388122559,186.73938835144,524.963531265259,207.671827163696,130.001462097168,164.815412963867,154.239022827148,144.323657073975,53.9836579895019
"8106003",2004,0.211156109040126,12.1187803649902,137.713413238525,288.647314147949,72.1618285369873,398.81804473877,311.783167572022,176.824022598267,147.077925338745,186.188534698486,127.798047485352,93.6451210021973
"8106003",2005,11.5679267120361,0.356497282314578,40.7631703186035,16.525609588623,488.607190170288,537.743336013794,315.6391431427,452.801702728271,66.1024383544922,40.7631703186035,77.6703650665283,52.8819506835938
"8106003",2006,60.0430481719971,12.1187803649902,19.2798778533936,130.001462097168,165.806949539185,478.691824417114,491.912312088013,307.376338348389,170.764632415771,185.086827392578,2.75426826477051,78.2212187194824
"8106003",2007,15.4239022827148,51.2293897247314,17.6273168945313,103.670657485962,55.0853652954102,143.221949768066,225.739826980591,118.984389038086,67.7549993133545,53.4328043365479,3.85597557067871,24.2375607299805
"8106003",2008,0.845635270699233,1.1017073059082,1.1017073059082,82.6280479431152,598.227067108154,192.798778533936,278.731948394775,264.409753417969,79.3229260253906,16.525609588623,11.5679267120361,1.6525609588623
"8106003",2009,3.30512191772461,18.7290242004395,0.451707321290496,45.7208531951904,269.91828994751,430.216702957153,198.307315063477,438.479507751465,88.1365844726563,127.798047485352,58.3904872131348,11.1272437896729
"8106003",2010,7.71195114135742,51.2293897247314,2.20341461181641,8.81365844726563,34.1529264831543,318.393411407471,228.604265975952,103.780828216553,24.2375607299805,91.992560043335,34.1529264831543,48.4751214599609
"8117002",1981,62.3920493364334,16.777693939209,34.0796908140182,102.239072442055,469.251127362251,73.4024109840393,54.5275053024292,99.6175577640533,68.6836845636368,12.5832704544067,0.422635937892181,9.96175577640533
"8117002",1982,54.0032023668289,17.3019968748093,8.38884696960449,37.7498113632202,330.835152363777,380.643931245804,238.977278046608,149.42633664608,174.907459316254,184.030330395699,0.187854488539936,0.59369269523657
"8117002",1983,26.7394497156143,7.34024109840393,0.428082168231999,48.550451836586,128.454219222069,329.157382969856,187.910172119141,121.638281059265,69.7322904348373,26.215146780014,1.57290880680084,10.2763375377655
"8117002",1984,13.8415974998474,44.880331287384,19.7137903785706,40.3713260412216,374.14257484436,206.470496039391,307.136659674644,95.6328554534912,127.615334525108,131.704897422791,9.12287107944488,1.02655390073007
"8117002",1985,37.7498113632202,0.314581761360168,19.0846268558502,90.0752443361282,203.010096664429,104.336284184456,173.439411096573,45.0900524616241,91.438431968689,102.448793616295,33.555387878418,0.883399455317112
"8117002",1986,10.4860587120056,4.92844759464264,60.9240011167526,199.130254940987,309.653313765526,296.755461549759,54.5275053024292,159.912395358086,55.2615294122696,38.9032778215408,169.664429960251,2.20207232952118
"8117002",1987,11.0103616476059,1.04860587120056,103.811981248856,33.8699696397781,167.14777586937,109.789034714699,364.075958480835,215.173924770355,99.7224183511734,87.5585902452469,3.98470231056213,0.350550633939743
"8117002",1988,11.0103616476059,0.578097593758819,45.5094948101044,32.8213637685776,54.5275053024292,231.532176361084,204.478144884109,264.563261303902,99.0932548284531,30.1998490905762,34.8137149238586,13.7367369127274
"8117002",1989,11.8492463445663,4.40414465904236,12.4784098672867,1.57290880680084,59.6656740713119,266.241030697823,211.398943634033,134.221551513672,49.5990577077866,22.5450262308121,1.04860587120056,49.8087788820267
"8117002",1990,5.45275053024292,16.882554526329,105.909192991257,51.8011300373077,74.2412956809998,99.9321395254135,90.1801049232483,114.822342896461,174.697738142014,57.6733229160309,15.7290880680084,0.94021455449817
"8117002",1991,16.1485304164886,2.6215146780014,5.76733229160309,106.748077688217,403.084096889496,202.380933141708,168.51096350193,64.0698187303543,108.740428843498,71.9343627643585,27.2637526512146,70.7808963060379
"8117002",1992,0.63077682268165,42.992840719223,33.2408061170578,125.832704544067,749.019173798561,263.409794845581,79.1697432756424,130.02712802887,89.1314990520477,42.4685377836227,16.2533910036087,31.9824790716171
"8117002",1993,2.09721174240112,0.0469783941622341,21.7061415338516,89.9703837490082,305.878332629204,356.735717382431,177.319252820015,131.704897422791,37.5400901889801,55.5761111736298,25.1665409088135,9.96175577640533
"8117002",1994,11.9541069316864,3.98470231056213,0.314581761360168,142.505537896156,59.770534658432,247.470985603333,184.030330395699,15.0999245452881,127.405613350868,94.7939707565308,6.81593816280365,33.555387878418
"8117002",1995,0.646711990243207,4.19442348480225,8.70342873096466,116.709833464622,47.7115671396256,242.01823507309,358.098905014992,129.712546267509,31.2484549617767,51.1719665145874,2.09721174240112,0.33903243058132
"8117002",1996,1.0234474904617,17.4068574619293,88.0828931808472,68.9982663249969,87.6634508323669,153.096457195282,66.0621698856354,193.677504410744,23.0693291664124,37.2255084276199,35.442878446579,16.4631121778488
"8117002",1997,5.24302935600281,37.5400901889801,0.927255461460908,242.75225918293,156.766577744484,300.949885034561,137.367369127274,71.0954780673981,96.6814613246918,232.371061058044,65.0135640144348,8.17912579536438
"8117002",1998,0.419345121980105,0.799915744875886,9.96175577640533,41.000489563942,135.165296797752,97.8349277830124,50.1233606433868,89.2363596391678,63.1260734462738,0.882735732796643,20.7623962497711,4.50900524616241
"8117002",1999,7.96940462112427,24.6422379732132,13.107573390007,14.890203371048,195.460134391785,295.916576852798,113.354294676781,230.168988728523,227.757195224762,8.70342873096466,9.43745284080505,0.416488257638811
"8117002",2000,0.911110176097406,119.541069316864,2.09721174240112,59.770534658432,74.4510168552399,471.977502627373,80.0086279726028,144.393028464317,228.491219334602,23.3839109277725,11.0103616476059,17.3019968748093
"8117002",2001,57.4636017417908,4.40414465904236,7.02565933704376,57.6733229160309,442.511677646637,147.643706665039,441.463071775436,178.787301039696,31.9824790716171,24.1179350376129,33.4505272912979,0.808607701464423
"8117002",2002,0.874357510242973,171.971362876892,70.7808963060379,56.6247170448303,275.783344125748,205.52675075531,172.495665812492,316.88869427681,120.589675188065,221.989862933159,58.4073470258713,7.34024109840393
"8117002",2003,12.7929916286468,0.119884402890233,17.8262998104095,30.9338732004166,81.2669550180435,232.790503406525,89.7606625747681,69.5225692605972,93.8502254724503,49.2844759464264,67.1107757568359,11.5346645832062
"8117002",2004,0.438664936007509,8.38884696960449,45.5094948101044,175.641483426094,31.667897310257,249.043894410133,213.391294789314,93.8502254724503,67.1107757568359,85.9856814384461,37.2255084276199,41.9442348480225
"8117002",2005,0.0905949447542904,0.220230679870041,19.0846268558502,11.3249434089661,308.604707894325,440.414465904236,187.700450944901,229.434964618683,32.4019214200974,18.8749056816101,15.6242274808884,38.2741142988205
"8117002",2006,26.215146780014,3.14581761360168,14.6804821968079,75.4996227264404,79.6940462112427,363.656516132355,383.789748859406,173.649132270813,52.1157117986679,75.4996227264404,2.09721174240112,80.9523732566834
"8117002",2007,5.45275053024292,37.8546719503403,11.3249434089661,55.2615294122696,64.2795399045944,100.875884809494,222.514165868759,95.5279948663711,35.2331572723389,32.2970608329773,0.209721174240112,16.882554526329
"8117002",2008,0.314581761360168,0.893706689364701,1.57290880680084,63.9649581432343,461.386583328247,108.530707669258,191.160850319862,179.206743388176,45.0900524616241,18.5603239202499,11.0103616476059,11.5346645832062
"8117002",2009,3.14581761360168,10.4860587120056,4.71872642040253,3.3555387878418,162.533910036087,322.970608329773,101.505048332214,201.961490793228,80.9523732566834,84.098190870285,65.0135640144348,3.67012054920197
"8117002",2010,9.75203460216522,66.0621698856354,4.50900524616241,11.5346645832062,60.5045587682724,229.434964618683,170.398454070091,95.4231342792511,30.4095702648163,57.9879046773911,27.2637526512146,16.777693939209
"8113001",1981,45.5481469802857,10.3326814908981,56.5134416236877,147.18799348259,671.940603484631,102.167024129391,215.299342902184,125.995452873707,90.7799873843193,59.5710718607903,29.6273826422691,11.5979077959061
"8113001",1982,88.4604058251381,62.1015244708061,33.106754981041,45.5481469802857,352.260090419292,636.197960368156,381.043988858223,218.356973139286,351.627477266789,247.984355781555,58.833023182869,0.845472960349823
"8113001",1983,64.2102349791527,4.85003416919708,0.948919728755951,88.6712768759727,165.533774905205,487.112127428055,294.586858016014,168.802276193142,112.183399044037,25.8317037272453,8.11853545713425,8.64571308422089
"8113001",1984,9.17289071130753,55.9862639966011,43.3340009465218,66.8461231145859,438.084608108997,287.311806762218,386.526636179924,117.98235294199,169.224018294811,189.362203649521,16.4479419651031,10.9652946434021
"8113001",1985,45.969889081955,0.210871050834656,21.0871050834656,128.420469958305,335.812148454189,211.925406088829,284.781354152203,62.5232665724754,146.76625138092,172.808826159,55.5645218949318,0.0767727087765242
"8113001",1986,21.6142827105522,9.91093938922882,77.9168532834053,211.609099512577,536.24508227253,427.119313465595,126.944372602463,202.857950902939,82.8723229780197,56.9351837253571,322.000094624519,4.5337275929451
"8113001",1987,0.868582059529795,11.8087788467407,76.2298848767281,36.9024338960648,249.882195239067,132.637890974998,396.964753196239,197.375303581238,206.653629817963,122.516080534935,13.81205382967,9.91093938922882
"8113001",1988,23.5121221680641,0.125792261021234,76.9679335546493,45.020969353199,93.6267465705872,338.342601064205,239.338642697334,286.257451508045,83.7158071813583,61.6797823691368,34.6882878623009,28.2567208118439
"8113001",1989,19.611007727623,15.8153288125992,13.9174893550873,2.31958155918121,57.251490301609,298.277101405621,257.473553069115,186.831751039505,51.8742785053253,43.0176943702698,5.48264732170105,40.8035483365059
"8113001",1990,11.4924722704887,38.6948378281593,134.219423856258,114.81928717947,154.463044736385,103.959428061485,150.772801346779,148.874961889267,239.865820324421,64.5265415554047,41.2252904381752,0.923605490412104
"8113001",1991,31.841528676033,2.84675918626785,8.3294065079689,175.339278769016,536.666824374199,252.201776798248,229.111396731853,84.559291384697,157.520674973488,100.163749146461,23.1958155918121,113.870367450714
"8113001",1992,0.620668092505627,8.43484203338623,73.8048677921295,187.253493141174,768.097802665234,462.861956582069,121.039983179092,146.344509279251,134.430294907093,100.163749146461,62.7341376233101,42.5959522686005
"8113001",1993,4.85003416919708,0.20968518471225,18.4512169480324,152.565205278873,324.846853810787,541.727729594231,221.941781003475,232.80164012146,63.0504441995621,110.918172739029,40.3818062348366,33.8448036589622
"8113001",1994,6.00982494878769,3.7956789150238,16.8696840667725,246.824565001965,85.2973400626183,375.772212587357,284.359612050533,47.3405509123802,179.978441887379,101.112668875217,17.0805551176071,61.6797823691368
"8113001",1995,0.316306576251984,3.69024338960648,12.4413919992447,182.087152395725,91.0962939605713,395.066913738728,464.338053937912,185.144782632828,47.3405509123802,62.4178310470581,2.84675918626785,0.576317835559292
"8113001",1996,1.05435525417328,26.358881354332,100.374620197296,101.218104400635,101.112668875217,243.556063714027,83.294065079689,245.981080798626,16.3425064396858,36.9024338960648,76.54619145298,21.1925406088829
"8113001",1997,15.6044577617645,36.3752562689781,2.84675918626785,260.214876729965,198.956836462498,497.761115495205,184.933911581993,160.261998634338,142.127088262558,214.034116597176,99.3202649431229,18.0294748463631
"8113001",1998,1.58153288125992,0.640466525100962,15.2881511855125,81.3962256221771,178.924086633205,114.186674026966,88.0386637234688,118.298659518242,74.8592230463028,0.268596807641955,20.5599274563789,11.2816012196541
"8113001",1999,6.85330915212631,51.2416653528214,8.96201966047287,38.3785312519073,241.974530832767,366.283015299797,91.2017294859886,220.043941545963,301.756473744392,35.5317720656395,4.21742101669312,1.37066183042526
"8113001",2000,0.901393516667821,121.250854229927,7.27505125379562,87.0897439947128,95.4191505026817,745.74547127676,134.746601483345,186.726315514088,344.985039165497,57.4623613524437,28.9947694897652,18.2403458971977
"8113001",2001,88.5658413505554,6.32613152503967,7.27505125379562,113.870367450714,590.438942337036,234.488608528137,725.501850396633,236.597319036484,34.4774168114662,38.589402302742,40.9089838619232,0.85167144670944
"8113001",2002,0.829923080060046,318.942464387417,154.568480261803,79.6038216900826,323.15988540411,240.70930452776,199.905756191254,373.347195502758,105.857267518997,342.981764182568,98.6876517906189,25.8317037272453
"8113001",2003,31.9469642014503,0.527177627086639,6.32613152503967,15.8153288125992,147.082557957172,457.801051362038,116.506255586147,104.908347790241,138.647715923786,89.0930189776421,87.6169216217995,42.2796456923485
"8113001",2004,0.519611748400986,16.3425064396858,55.8808284711838,301.018425066471,34.3719812860489,333.387131369591,328.747968251228,136.53900541544,132.848762025833,111.550785891533,87.5114860963821,32.157835252285
"8113001",2005,1.05435525417328,0.781296377437261,23.1958155918121,22.1414603376389,377.670052044868,502.189407562733,346.777443097591,422.796456923485,59.0438942337036,28.4675918626785,41.8579035906792,40.2763707094193
"8113001",2006,46.3916311836243,8.22397098255157,30.6817378964424,144.235798770905,154.67391578722,448.839031701565,424.272554279327,169.329453820229,154.779351312637,155.622835515976,8.22397098255157,96.5789412822723
"8113001",2007,10.7544235925674,57.0406192507744,18.2403458971977,108.598591179848,81.1853545713425,143.919492194653,301.545602693558,126.311759449959,65.1591547079086,56.1971350474358,0.520166340296289,25.409961625576
"8113001",2008,5.27177627086639,0.527177627086639,16.8696840667725,85.9299532151222,523.381948171616,93.4158755197525,214.034116597176,250.303937340736,72.1178993854523,32.3687063031197,6.85330915212631,13.7066183042526
"8113001",2009,0.99599682362198,8.96201966047287,12.863134100914,25.5153971509933,340.029569470882,297.433617202282,159.734821007252,323.581627505779,91.3071650114059,95.7354570789337,116.611691111565,0.324721561355374
"8113001",2010,13.0740051517487,67.6896073179245,9.27832623672485,6.95874467754364,84.9810334863663,270.652993746281,251.463728120327,98.2659096889496,25.409961625576,90.7799873843193,41.5415970144272,25.3045261001587
"8105004",1981,NA,NA,NA,NA,NA,NA,NA,NA,NA,NA,NA,NA
"8105004",1982,NA,NA,NA,NA,NA,NA,NA,NA,NA,NA,NA,NA
"8105004",1983,NA,NA,NA,NA,NA,NA,NA,NA,NA,NA,NA,NA
"8105004",1984,NA,NA,NA,NA,NA,NA,NA,NA,NA,NA,NA,NA
"8105004",1985,NA,NA,NA,NA,NA,NA,NA,NA,NA,NA,NA,NA
"8105004",1986,NA,NA,NA,NA,NA,NA,NA,NA,NA,NA,NA,NA
"8105004",1987,NA,NA,NA,NA,NA,NA,NA,NA,NA,NA,NA,NA
"8105004",1988,13.2139124679565,0.208184476396112,84.12857604599,92.9378510246277,100.315618819237,565.004873942375,358.867839442253,629.31258128643,95.2502857065201,100.866198505402,30.612230550766,36.7787230358124
"8105004",1989,9.58008653926849,27.5289843082428,8.91939091587067,0.188824599930229,103.619096936226,445.529082044601,416.56859055233,334.752449188232,85.8904310417175,87.2118222885132,27.0885205593109,94.0390103969574
"8105004",1990,20.4815643253326,30.8324624252319,170.12912302494,187.857788919449,313.610189239502,142.490022779465,213.624918231964,248.421554397583,440.904212680817,74.5484895067215,78.2924313726425,0.782763963586156
"8105004",1991,35.2370999145508,7.70811560630798,6.38672435951233,254.477930945396,1156.8780365696,483.408964452744,538.356817131996,118.925212211609,396.747721850395,213.074338545799,79.8340544939041,256.019554066658
"8105004",1992,1.65173905849457,51.5342586250305,98.6638797607422,416.56859055233,1014.49812972736,756.496488790512,245.558540029526,243.356221284866,210.321440114975,144.251877775192,72.676518573761,73.7776779460907
"8105004",1993,25.3266655635834,0.333177486509558,22.1333033838272,308.324624252319,597.04861167717,780.721994981766,350.168680400848,340.808825736046,95.470517580986,225.737671327591,73.7776779460907,151.9599933815
"8105004",1994,6.60695623397827,17.9488977689743,25.3266655635834,340.258246049881,294.009552412033,595.506988555908,574.254612669945,106.922575053215,366.796186923027,180.039557375908,60.7839973526001,144.251877775192
"8105004",1995,1.03887907457564,21.4726077604294,9.91043435096741,297.313030529022,166.825644907951,823.667210502624,801.64402305603,470.195051984787,104.059560685158,114.080110973358,13.2139124679565,1.07531365187353
"8105004",1996,28.0795639944077,39.0911577177048,73.2270982599258,169.578543338776,207.89888949585,498.604963790894,159.668108987808,346.644970409393,78.1823154354095,52.6354179973602,125.201820633888,14.7555355892181
"8105004",1997,37.4394186592102,43.8261430187225,11.6722893466949,476.581776344299,233.335670996666,1025.72995532513,454.558588897705,276.941582140923,408.42001119709,547.826787734032,173.983180828094,64.4178232812882
"8105004",1998,0.220231874465942,9.35985466480255,20.9220280742645,114.52057472229,247.21027908802,201.512165136337,169.578543338776,177.286658945084,77.9620835609436,0.550579686164856,37.8798824081421,41.5137083368301
"8105004",1999,9.69020247650147,50.1027514410019,11.2318255977631,40.9631286506653,325.39259452343,650.124493423462,149.867790574074,505.542267836571,524.04174529171,45.5879980144501,4.40463748931885,12.8835646562576
"8105004",2000,1.10115937232971,276.391002454758,3.30347811698914,106.592227241516,179.599093626976,1389.3327800684,400.822011528015,373.95372284317,633.056523152351,92.4973872756958,88.6433294725418,39.4215055294037
"8105004",2001,200.631237638473,14.0948399658203,13.9847240285873,180.810368936539,925.634568380356,379.349403767586,1277.56510377693,495.741949422836,82.5869529247284,45.698113951683,98.1133000745773,0.628335408950679
"8105004",2002,0.330347811698914,236.749265050888,401.923170900345,121.898342516899,563.132903009415,437.270386752129,451.475342655182,766.957502827644,279.584364634514,557.4068742733,215.386773227692,78.6227791843414
"8105004",2003,48.5611283197403,0.113709395383167,6.05637654781342,25.3266655635834,285.090161496162,932.131408677101,340.808825736046,172.3314417696,195.015324839592,215.937352913857,167.045876782417,78.7328951215744
"8105004",2004,0.842985367347968,31.0526942996979,146.454196519852,563.903714570046,30.502114613533,480.32571821022,378.798824081421,266.48056810379,290.816190232277,256.019554066658,164.292978351593,127.734487190247
"8105004",2005,11.0115937232971,1.03889946143397,40.6327808389664,21.6928396348953,640.103943135261,715.863707951546,465.460066683769,765.30576376915,121.898342516899,64.968402967453,190.280339538574,74.6586054439545
"8105004",2006,117.49370502758,32.9246652326584,14.3150718402863,169.027963652611,351.049607898712,200.300889826775,812.985964591026,470.855747608185,307.884160503387,307.22346487999,8.25869529247284,97.6728363256454
"8105004",2007,34.6865202283859,148.105935578346,33.6954767932892,112.538487852097,37.4394186592102,152.400457130432,176.075383635521,80.384634180069,72.676518573761,70.9146635780335,11.562173409462,30.502114613533
"8105004",2008,35.6775636634827,8.91939091587067,36.8888389730454,169.138079589844,939.949640220642,304.030102700233,473.058066352844,452.576502027512,103.729212873459,91.9468075895309,31.3830421113968,24.7760858774185
"8105004",2009,1.5416231212616,24.2255061912537,6.60695623397827,106.261879429817,518.646064367294,575.025424230576,307.443696754456,500.366818786621,173.43260114193,267.031147789955,156.584862745285,14.8656515264511
"8105004",2010,21.1422599487305,39.3113895921707,20.5916802625656,16.9578543338776,112.978951601028,517.544904994965,397.078069662094,244.016916908264,29.4009552412033,115.952081906319,80.0542863683701,60.0131857919693
"8135003",1981,35.465277466774,13.7626449871063,25.9372924757004,79.9292074251175,484.868569545746,67.2252274370193,129.686462378502,114.865152392387,24.8786274766922,38.1119399642944,1.58799749851227,5.29332499504089
"8135003",1982,49.2279224538803,13.7626449871063,9.52798499107361,23.2906299781799,316.011502203941,301.719524717331,275.252899742126,135.509119873047,163.563742346764,124.393137383461,49.7572549533844,0.642696780930016
"8135003",1983,26.9959574747086,9.52798499107361,2.11732999801636,60.3439049434662,111.159824895859,250.903604764938,176.797054834366,111.689157395363,83.6345349216461,17.4679724836349,0.0363573451100117,2.11732999801636
"8135003",1984,7.93998749256134,42.3465999603271,12.7039799880981,41.287934961319,338.772799682617,160.387747349739,290.074209728241,88.3985274171829,107.45449739933,136.567784872055,5.82265749454498,0.167522466686671
"8135003",1985,22.2319649791718,0.759387338424744,26.9959574747086,58.2265749454498,191.61836482048,123.863804883957,140.802444868088,29.7484864721298,65.2137639389038,107.983829898834,39.6999374628067,0.387495792276322
"8135003",1986,8.46931999206543,2.64666249752045,34.9359449672699,178.385052332878,321.834159698486,284.251552233696,87.3398624181747,149.271764860153,48.6985899543762,29.1132874727249,143.449107365608,0.529332499504089
"8135003",1987,0.431326416508878,2.64666249752045,68.8132249355316,34.9359449672699,138.685114870071,105.337167401314,360.157832662582,215.332460798264,104.172635902405,83.2110689220428,5.08159199523926,0.231428315501891
"8135003",1988,8.57518649196625,0.145627878557715,15.0330429859161,36.629808965683,52.298050951004,221.790317292213,238.728957276344,265.089715751648,82.5758699226379,20.1146349811554,28.5839549732208,17.4679724836349
"8135003",1989,2.11732999801636,0.806826416383664,24.3492949771881,10.5866499900818,66.8017614374161,234.388430780411,201.463949311256,141.331777367592,36.5239424657822,25.9372924757004,2.11732999801636,52.9332499504089
"8135003",1990,0.530499840485755,10.5866499900818,24.3492949771881,52.9332499504089,110.101159896851,86.2811974191666,118.147013889313,93.1625199127197,136.567784872055,42.3465999603271,22.2319649791718,0.108213647190993
"8135003",1991,19.0559699821472,0.272108249830585,6.88132249355316,94.9622504110336,319.822696200371,150.224563359261,214.379662299156,77.3884114274979,80.9878724241257,43.9345974588394,22.2319649791718,75.1652149295807
"8135003",1992,0.571010641255648,23.2906299781799,29.642619972229,132.333124876022,596.981192940712,277.158496740341,90.092391415596,136.885384371758,86.8105299186707,39.6999374628067,8.46931999206543,25.4079599761963
"8135003",1993,2.32906299781799,0.398344722303066,8.99865249156952,72.5185524320602,272.182771245003,320.140295700073,154.353356855392,115.923817391396,30.1719524717331,51.3452524518967,24.8786274766922,6.88132249355316
"8135003",1994,2.64666249752045,0.533572525534517,0.690437574548852,149.906963859558,63.3081669406891,242.963617272377,212.474065300941,19.161836482048,139.74377986908,53.462582449913,7.93998749256134,25.9372924757004
"8135003",1995,0.417439798280814,0.577521743826863,8.46931999206543,51.8745849514008,46.1577939567566,243.069483772278,316.540834703445,154.353356855392,21.1732999801636,47.110592455864,0.789276960431107,0.506634091608481
"8135003",1996,0.784253864872497,14.8213099861145,22.7612974786758,0.35848248905233,5.71679099464417,83.6345349216461,79.3998749256134,NA,12.2805139884949,35.9946099662781,37.0532749652863,13.7626449871063
"8135003",1997,0.85038453940297,14.8213099861145,6.35198999404907,228.671639785767,185.583974326134,336.337870184898,179.337850831985,57.3796429462433,100.149708906174,106.925164899826,62.8847009410858,8.36345349216461
"8135003",1998,0.176151036158228,4.23465999603271,3.70532749652863,32.0775494699478,165.363472845077,115.500351391792,29.5367534723282,83.3169354219437,76.8590789279938,1.05464681637696,16.83277348423,0.317599499702454
"8135003",1999,7.62238799285889,15.0330429859161,24.4551614770889,18.9501034822464,176.161855834961,292.50913922596,131.697925876617,191.61836482048,195.747158316612,3.81119399642944,3.07012849712372,0.380108752242231
"8135003",2000,0.357009598264194,94.2211849117279,0.135544469228299,20.7498339805603,60.9791039428711,508.900265023231,66.3782954378128,148.530699360847,171.715462839127,20.1146349811554,9.42211849117279,2.85839549732208
"8135003",2001,57.4855094461441,1.7997304983139,14.1861109867096,48.1692574548721,396.787641628265,181.878646829605,316.540834703445,161.975744848251,30.3836854715347,25.9372924757004,34.4066124677658,1.05231298357048
"8135003",2002,0.413054255851211,128.839530379295,60.8732374429703,41.287934961319,263.078252253532,174.150392336845,184.207709827423,357.828769664764,98.4558449077606,178.914384832382,80.4585399246216,18.5266374826431
"8135003",2003,39.1706049633026,0.82396608082299,8.46931999206543,21.1732999801636,101.631839904785,285.310217232704,134.450454874039,98.4558449077606,152.447759857178,73.0478849315643,83.6345349216461,10.5866499900818
"8135003",2004,0.0771780526374856,0.0824214793812795,72.5185524320602,158.270417351723,24.3492949771881,287.427547230721,233.964964780807,82.5758699226379,95.2798499107361,72.3068194322586,44.781529458046,28.5839549732208
"8135003",2005,0.130970793570942,0.182023060568952,10.5866499900818,11.1159824895859,347.559719174385,419.231339607239,221.260984792709,199.558352313042,61.4025699424744,21.1732999801636,25.4079599761963,62.4612349414825
"8135003",2006,32.8186149692535,2.11732999801636,3.17599499702454,103.749169902802,125.451802382469,325.010154695511,327.127484693527,183.149044828415,69.8718899345398,83.6345349216461,8.46931999206543,52.9332499504089
"8135003",2007,12.7039799880981,41.287934961319,11.64531498909,88.927859916687,55.0505799484253,97.3971799087524,188.442369823456,103.749169902802,39.1706049633026,21.1732999801636,0.889673672625158,14.8213099861145
"8135003",2008,0.6036665742429,0.325140923896779,0.136369960858234,74.1065499305725,338.772799682617,109.042494897842,178.914384832382,174.679724836349,50.8159199523926,28.5839549732208,0.777810882428311,0.197610855484423
"8135003",2009,2.11732999801636,9.52798499107361,8.46931999206543,9.52798499107361,177.855719833374,353.064777169228,133.391789875031,204.322344808578,67.7545599365234,85.7518649196625,43.4052649593353,0.28021960513318
"8135003",2010,10.0573174905777,41.287934961319,0.389736380018936,0.314386995912146,63.5198999404907,123.863804883957,145.989903363228,107.983829898834,30.7012849712372,47.639924955368,15.8799749851227,10.5866499900818
"8133003",1981,95.4600909662247,13.6371558523178,17.8332038068771,90.2150310230255,515.064886422157,71.3328152275085,132.175510568619,139.518594489098,38.8134435796738,26.2252997159958,10.4901198863983,18.882215795517
"8133003",1982,69.2347912502289,9.44110789775848,8.91660190343857,24.651781733036,373.44826795578,378.693327898979,260.154973182678,152.106738352776,197.214253864288,89.1660190343857,32.5193716478348,0.208545221609212
"8133003",1983,20.9802397727966,7.34308392047882,0.657223774871363,45.1075155115128,96.5091029548645,261.203985171318,197.214253864288,127.45495661974,68.185779261589,16.7841918182373,4.19604795455933,11.5391318750381
"8133003",1984,11.5391318750381,35.6664076137543,8.39209590911865,39.3379495739937,381.840363864899,188.29765196085,300.017428750992,93.362066988945,149.484208381176,176.234014091492,29.3723356819153,0.60998663932098
"8133003",1985,25.176287727356,0.845286328966928,18.882215795517,52.4505994319916,198.158364654064,136.371558523178,200.885795824528,22.5537577557564,101.754162898064,113.817800767422,37.239925596714,0.782528776537778
"8133003",1986,18.882215795517,4.19604795455933,37.239925596714,157.771403091431,491.462116677761,334.634824376106,105.425704858303,173.191879324436,70.8083092331886,24.651781733036,185.67512198925,2.93723356819153
"8133003",1987,0.616935566485175,3.35683836364746,78.0464919548035,57.6956593751907,127.664759017468,232.146353085995,424.01064580822,241.272757387161,155.673379114151,97.0336089491844,7.34308392047882,0.959600459158594
"8133003",1988,14.2665630455017,0.399382667281905,23.6027697443962,38.8134435796738,47.7300454831123,239.699239404202,260.154973182678,325.193716478348,92.8375609946251,23.6027697443962,28.8478296875954,11.0146258807182
"8133003",1989,4.72055394887924,0.705721602845692,18.567512198925,0.107816321673006,53.4996114206314,247.04232332468,197.214253864288,139.518594489098,39.8624555683136,29.3723356819153,0.965794605092557,46.1565275001526
"8133003",1990,4.40585035228729,20.9802397727966,108.572740824223,46.1565275001526,83.9209590911865,81.8229351139069,115.391318750381,120.636378693581,143.085235250473,44.0585035228729,26.7498057103157,0.880981538574757
"8133003",1991,18.3577098011971,0.0861269944463058,6.81857792615891,86.0189830684662,365.056172046661,200.780894625664,221.866035597324,76.5778751707077,104.376692869663,51.4015874433517,21.5047457671165,72.9063332104683
"8133003",1992,0.347505809432448,8.91660190343857,32.5193716478348,92.3130550003052,734.308392047882,303.164464716911,105.425704858303,98.6071269321442,105.950210852623,35.6664076137543,8.39209590911865,23.6027697443962
"8133003",1993,2.62252997159958,0.773883344958797,14.1616618466377,115.915824744701,289.002802870274,357.188582131863,174.135990114212,114.342306761742,23.6027697443962,59.2691773581505,9.44110789775848,6.29407193183899
"8133003",1994,3.67154196023941,0.516872206831604,0.711454277442681,178.332038068771,73.9553451991081,257.532443211079,214.522951676846,13.6371558523178,99.1316329264641,62.41621332407,6.29407193183899,20.9802397727966
"8133003",1995,5.76956593751907,0.216820696204621,0.891025908511792,56.122141392231,26.2252997159958,191.969193921089,286.904778892994,106.999222841263,24.1272757387161,56.122141392231,0.746484216899678,0.346533919657372
"8133003",1996,0.333896603147656,11.0146258807182,66.6122612786293,77.1023811650276,60.3181893467903,194.067217898369,92.3130550003052,169.939942159653,14.6861678409576,37.7644315910339,26.7498057103157,17.8332038068771
"8133003",1997,22.5537577557564,11.0146258807182,0.135290601083594,247.566829319,189.34666394949,325.718222472668,196.689747869968,51.9260934376717,127.979462614059,134.273534545898,70.8083092331886,5.76956593751907
"8133003",1998,0.184842204672898,0.447236429230727,5.76956593751907,43.533997528553,183.157493216515,99.656138920784,37.7644315910339,63.9897313070297,95.4600909662247,0.324641485310547,16.2596858239174,3.67154196023941
"8133003",1999,2.62252997159958,11.0146258807182,22.0292517614365,36.7154196023941,188.82215795517,284.806754915714,132.175510568619,208.753385739326,226.586589546204,0.591391605463626,0.301996413446721,5.76956593751907
"8133003",2000,0.587737516688892,68.185779261589,0.171794978295162,25.7007937216759,65.0387432956696,690.249888525009,56.122141392231,164.170376222134,239.909041801929,32.5193716478348,13.6371558523178,0.327920569105233
"8133003",2001,59.7936833524704,0.380486648466397,28.8478296875954,31.4703596591949,452.124167103767,154.204762330055,455.795709064007,181.479074034691,28.3233236932755,31.9948656535149,31.260557261467,1.01405425106626
"8133003",2002,0.840177017943471,114.342306761742,88.6415130400658,63.9897313070297,267.498057103157,219.243505625725,216.620975654125,414.884241507053,88.6415130400658,137.420570511818,75.2141595854759,16.2596858239174
"8133003",2003,33.5683836364746,0.788119481729284,9.44110789775848,9.9656138920784,101.229656903744,245.468805341721,118.538354716301,104.376692869663,158.925316278934,65.5632492899895,40.9114675569534,11.0146258807182
"8133003",2004,0.821987276068062,6.81857792615891,38.2889375853538,120.636378693581,20.4557337784767,258.581455199718,217.250382847309,103.747285676479,79.7249111366272,90.7395370173454,45.1075155115128,36.7154196023941
"8133003",2005,0.527428690491411,0.552727819775926,5.24505994319916,11.5391318750381,356.664076137543,495.133658638,216.201370858669,190.395675938129,41.4359735512733,31.4703596591949,18.3577098011971,1.02362410567078
"8133003",2006,15.2106738352776,1.04901198863983,7.86758991479874,99.656138920784,131.651004574299,358.237594120502,337.781860342026,188.29765196085,39.3379495739937,90.7395370173454,5.76956593751907,57.6956593751907
"8133003",2007,7.34308392047882,35.1419016194344,10.4901198863983,93.362066988945,59.2691773581505,92.8375609946251,179.905556051731,113.293294773102,52.4505994319916,27.2743117046356,4.72055394887924,14.1616618466377
"8133003",2008,1.57351798295975,8.91660190343857,0.391097639155325,69.2347912502289,531.849078240395,134.798040540218,194.067217898369,210.326903722286,40.8065663580894,22.5537577557564,0.859851701450773,NA
"8133003",2009,0.134444438856164,16.2596858239174,4.72055394887924,NA,90.0052286252975,264.351021137238,156.827292301655,261.623589966774,70.2838032388687,61.3672013354301,47.7300454831123,0.337417779259572
"8133003",2010,2.72743117046356,47.7300454831123,0.516799650552835,14.1616618466377,58.7446713638306,239.174733409882,261.728491165638,128.503968608379,32.5193716478348,43.533997528553,18.882215795517,11.5391318750381
"8130006",1981,73.2528564548492,20.7731980991364,92.495397851944,143.007069019318,925.063311141014,230.145168414116,243.15575038147,214.073273042679,130.105819673538,79.1568180198669,33.3464495801926,31.7064602565765
"8130006",1982,89.1060865831375,84.7327817201614,72.5968607254028,69.4262146997452,464.663641691208,710.11537712574,582.305542505264,363.858964599609,462.367656638145,420.383929953575,59.586278758049,0.623931105263605
"8130006",1983,82.5461292886734,14.7599039125443,3.27997864723206,120.265883731842,277.048863069534,325.264549183846,483.796850466728,247.091724758148,193.300074943542,43.1863855218887,6.0132941865921,21.8665243148804
"8130006",1984,17.2745542087555,96.2127069854736,38.8130806589127,83.6394555044174,561.969674892426,358.720331385612,614.012002761841,202.484015155792,289.62211455059,308.536658082962,39.6877416315079,6.55995729446411
"8130006",1985,54.2289803009033,5.13863321399689,45.3730379533768,194.284068537712,536.713839308739,222.601217525482,368.122936841011,108.567293223381,234.081142790794,374.354896270752,93.3700588245392,0.323312032506871
"8130006",1986,7.32528564548492,38.1570849294662,105.068649333,244.139743975639,878.378281728744,573.340267536163,175.041527140617,335.104485125542,116.329909355164,124.639188594818,364.733625572205,11.4799252653122
"8130006",1987,0.796069423407011,22.4131874227524,126.825841026306,49.4183449516296,258.462317401886,209.918633422852,695.136807970047,410.871991876602,310.72331051445,182.038814921379,51.3863321399689,5.02930059242249
"8130006",1988,30.0664709329605,0.739555444653188,111.737939249039,90.9647411499024,69.9728778076172,470.6769358778,332.699167450905,471.66092947197,103.209994766235,102.007335928917,34.1117779312134,38.3757501726151
"8130006",1989,25.1465029621124,21.8665243148804,28.7544794740677,5.57596370029449,80.6874747219086,485.983502898216,376.760213945389,296.619402331352,77.4074960746765,88.3407582321167,21.4291938285828,74.1275174274445
"8130006",1990,19.8985371265411,36.8450934705734,191.660085619926,177.446844815254,199.969364859581,187.614778621674,279.344848122597,211.339957503319,390.317459020615,88.7780887184143,72.8155259685516,11.5892578868866
"8130006",1991,26.5678270425797,6.99728778076172,10.8239295358658,240.750432706833,840.330529420853,363.530966734886,385.72548891449,107.036636521339,228.177181225777,174.166866168022,38.8130806589127,200.734693210602
"8130006",1992,0.652875025150072,28.6451468524933,105.724645062447,224.022541605949,974.153658227921,529.388553663254,188.489439594269,170.558889656067,199.094703886986,149.348361070633,97.5246984443665,81.7808009376526
"8130006",1993,21.757191693306,0.0563599545185181,75.1115110216141,233.643812304497,534.308521634102,872.474320163727,334.120491531372,360.032322844505,86.2634384222031,143.663064748764,60.679604973793,87.6847625026703
"8130006",1994,24.7091724758148,31.4877950134277,13.9945755615234,305.147346814156,204.889332830429,653.699744393349,526.108575016022,39.6877416315079,329.09119093895,169.90289392662,46.3570315475464,61.5542659463882
"8130006",1995,0.546663107872009,24.8185050973892,19.5705392618179,265.240939939499,116.111244112015,594.441463500023,670.099637629509,410.543994011879,85.0607795848846,125.295184324265,13.9945755615234,0.617235455549603
"8130006",1996,3.49864389038086,35.5331020116806,136.665776968002,144.537725721359,153.393668068886,406.936017499924,141.148414452553,333.901826288223,38.8130806589127,63.5222531347275,87.2474320163727,30.2851361761093
"8130006",1997,28.6451468524933,57.8369568128586,7.32528564548492,395.237426991463,291.262103874207,784.570892417908,277.048863069534,178.758836274147,282.952824634552,302.632696517944,195.814725239754,20.0078697481155
"8130006",1998,3.93597437667847,4.70130272769928,38.0477523078918,155.470987878799,173.729535681725,150.660352529526,152.847004961014,167.278911008835,96.9780353364944,0.421822904501848,27.4424880151749,58.3836199207306
"8130006",1999,12.9012493457794,58.492952542305,3.49864389038086,44.607709602356,387.146812994957,447.389087482452,121.687207812309,407.810678472519,387.146812994957,47.887688249588,11.8079231300354,13.7759103183746
"8130006",2000,1.02087874663494,239.001110761642,6.23195942974091,117.313902949333,184.006802109718,1133.45128786182,218.446577905655,339.477789988518,544.148457575798,84.1861186122894,50.5116711673737,69.9728778076172
"8130006",2001,129.777821808815,18.0398825597763,25.9118313131332,150.551019907951,649.545104773521,308.755323326111,1121.31536686707,408.904004688263,59.4769461364746,69.3168820781708,88.7780887184143,0.624495045692427
"8130006",2002,0.582696302854055,338.931126880646,243.921078732491,91.4020716361999,453.839712155342,456.02636458683,368.888265192032,671.958292196274,194.940064267159,476.14356695652,136.447111724854,53.1356540851593
"8130006",2003,42.0930593061447,0.279366785039348,4.81063534927368,29.8478056898117,227.52118549633,629.64656764698,272.238227720261,173.729535681725,203.140010885239,158.422968661308,108.676625844955,61.5542659463882
"8130006",2004,0.0570824170005723,15.5252322635651,104.303320981979,342.539103392601,75.9861719942093,425.085232681274,465.975633150101,184.116134731293,244.795739705086,206.966652640343,156.345648851395,69.7542125644684
"8130006",2005,6.34129205131531,0.781115530762317,48.6530166006088,24.9278377189636,736.792536789894,633.035878915787,442.469119511604,683.110219596863,99.2740203895569,46.6850294122696,99.3833530111313,67.7862253761292
"8130006",2006,67.458227511406,17.3838868303299,43.6237160081863,197.673379806519,245.123737569809,707.272728964806,675.128938221931,391.301452614784,217.57191693306,218.555910527229,9.83993594169617,182.585478029251
"8130006",2007,4.37330486297607,87.6847625026703,30.2851361761093,147.599039125443,102.553999036789,230.691831521988,449.685072535515,260.867635076523,88.4500908536911,98.7273572816849,10.605264292717,40.6717352256775
"8130006",2008,7.10662040233612,17.0558889656067,12.791916724205,116.439241976738,839.127870583534,206.63865477562,342.75776863575,422.023919277191,121.905873055458,55.9783022460938,50.074340681076,9.07460759067535
"8130006",2009,12.5732514810562,18.9145435323715,7.10662040233612,81.0154725866318,529.169888420105,459.74367372036,244.358409218788,472.863588309288,120.812546839714,156.345648851395,165.857586928368,37.1730913352966
"8130006",2010,23.7251788816452,54.1196476793289,20.2265349912643,8.74660972595215,105.505979819298,418.634608008385,414.589301010132,269.395579559326,43.8423812513351,103.428660009384,54.1196476793289,79.4848158845901
"8130004",1981,111.254266657829,28.0057630777359,117.075072317123,188.462311534882,1129.8952570343,252.930479874611,179.676189785004,186.705087184906,125.202234935761,120.809174060822,28.5548956871033,41.7340783119202
"8130004",1982,54.9132609367371,96.0982066392899,95.5490740299225,89.3987888050079,579.005423316956,833.034168410301,794.704712276459,414.045987462997,515.086387586594,487.629757118225,87.8612174987793,5.49132609367371
"8130004",1983,119.710908842087,17.0231108903885,0.564586660623644,166.936313247681,274.017172074318,573.294444179535,464.566187524796,278.959365558624,NA,79.0750957489014,4.39306087493897,10.9826521873474
"8130004",1984,15.3757130622864,114.219582748413,72.4855044364929,103.236930561066,645.23081600666,372.311909151077,354.739665651321,119.161776232719,271.271509027481,303.231026892662,33.4970891714096,15.3757130622864
"8130004",1985,47.6647104930878,8.56646870613098,42.0635578775406,215.809115481377,640.837755131721,277.86110033989,300.046057758331,95.8785535955429,233.9304915905,393.069121785164,100.820747079849,0.991123560392961
"8130004",1986,14.7167539310455,53.4855161523819,104.664675345421,343.757013463974,1024.90110212326,790.531304445267,244.583664212227,372.09225610733,NA,164.190650200844,442.051750540733,19.219641327858
"8130004",1987,0.256736488217055,5.82080565929413,137.612631907463,31.8496913433075,259.959377274513,221.849574184418,813.045741429329,395.375478744507,136.734019732475,213.942064609528,64.0288622522354,10.1040400123596
"8130004",1988,29.653160905838,0.575760099947022,86.3236461925507,103.346757082939,117.514378404617,552.427405023575,222.398706793785,489.716461033821,108.838083176613,104.994154911041,19.7687739372253,52.9363835430145
"8130004",1989,NA,NA,NA,NA,NA,NA,NA,NA,NA,NA,NA,NA
"8130004",1990,31.8496913433075,48.3236696243286,352.543135213852,228.439165496826,165.179088897705,226.35246158123,138.930550169945,293.785946011543,416.791650509834,30.8612526464462,80.5028405332565,187.803352403641
"8130004",1991,33.4970891714096,17.0231108903885,27.4566304683685,330.248351273537,1105.29411613464,248.757072043419,466.103758831024,66.2253926897049,356.27723695755,119.710908842087,61.393025727272,NA
"8130004",1992,1.02087756352812,NA,111.58374622345,217.456513309479,1091.67562742233,341.560483026505,258.092326402664,127.39876537323,130.693561029434,214.161717653275,88.959482717514,84.5664218425751
"8130004",1993,41.7340783119202,0.583036718848767,58.2080565929413,331.676096057892,845.664218425751,738.034226989746,371.213643932343,303.121200370789,109.167562742233,215.259982872009,62.6011174678803,98.8438696861267
"8130004",1994,24.1618348121643,15.3757130622864,1.03643956395407,310.809056901932,273.468039464951,521.675978899002,531.560365867615,112.023052310944,217.456513309479,154.745569319725,63.699382686615,96.6473392486572
"8130004",1995,0.00189945047867467,16.4739782810211,49.9710674524307,277.86110033989,154.855395841599,707.831933474541,499.710674524307,197.138606762886,88.959482717514,154.855395841599,13.1791826248169,0.332228741598232
"8130004",1996,7.68785653114319,42.8323435306549,166.936313247681,179.017230653763,127.838071460724,303.121200370789,218.554778528213,262.485387277603,37.3410174369812,60.4045870304108,91.1560131549835,65.8959131240845
"8130004",1997,19.7687739372253,54.9132609367371,13.1791826248169,338.2656873703,188.901617622375,588.779983763695,228.439165496826,200.982535028458,328.381300401688,233.9304915905,170.231108903885,53.8149957180023
"8130004",1998,25.260100030899,13.1791826248169,18.6705087184906,113.121317529678,118.942123188972,331.676096057892,30.2022935152054,158.150191497803,142.774478435516,8.78612174987793,61.5028522491455,58.2080565929413
"8130004",1999,8.78612174987793,52.7167304992676,10.9826521873474,133.988356685638,268.525845980644,626.56030728817,91.1560131549835,569.011209826469,699.59494433403,33.4970891714096,16.1444987154007,0.802723604969181
"8130004",2000,0.611853392660598,312.566281251907,2.19653043746948,109.826521873474,170.231108903885,1212.59462800503,180.115495872498,377.803235244751,418.439048337936,91.1560131549835,21.9653043746948,81.2716261863709
"8130004",2001,142.774478435516,28.5548956871033,5.49132609367371,124.103969717026,751.213409614563,513.988122367859,1214.68133192062,303.121200370789,75.7803000926971,39.5375478744507,76.8785653114319,0.932397451012522
"8130004",2002,0.522412540589692,193.294678497314,174.624169778824,159.248456716537,544.300242404938,362.976654791832,133.988356685638,795.144018363953,117.514378404617,481.040165805817,123.554837107658,72.4855044364929
"8130004",2003,51.6184652805328,0.0618584516079129,1.09826521873474,34.046221780777,104.884328389168,602.947605085373,259.190591621399,213.283105478287,297.629874277115,248.207939434052,142.774478435516,35.1444869995117
"8130004",2004,0.515808360208911,26.3583652496338,174.624169778824,247.109674215317,133.988356685638,583.727963757515,482.138431024551,139.479682779312,124.653102326393,236.127022027969,186.705087184906,107.629991436005
"8130004",2005,10.9826521873474,0.155545012758576,47.2254044055939,13.1791826248169,328.381300401688,608.438931179047,420.635578775406,713.872392177582,62.2716379022598,42.8323435306549,95.5490740299225,49.4219348430634
"8130004",2006,44.2600883150101,24.1618348121643,9.88438696861267,166.936313247681,356.936196088791,896.184418487549,583.178831148148,129.595295810699,251.502735090256,200.982535028458,5.49132609367371,175.173302388191
"8130004",2007,25.260100030899,121.907439279556,49.4219348430634,154.855395841599,75.7803000926971,159.687762804031,335.73967736721,96.0982066392899,83.4681566238403,123.554837107658,25.260100030899,45.5780065774918
"8130004",2008,24.7109674215317,29.653160905838,16.4739782810211,138.381417560577,612.831992053986,189.890056319237,231.73396115303,211.525881128311,61.5028522491455,35.1444869995117,38.7687622213364,0.427140972997297
"8130004",2009,5.49132609367371,16.4739782810211,0.206053229078894,86.7629522800446,501.358072352409,341.560483026505,362.427522182465,299.826404714584,86.7629522800446,244.913143777847,124.103969717026,48.3236696243286
"8130004",2010,10.9826521873474,46.1271391868591,5.49132609367371,6.58959131240845,117.514378404617,256.994061183929,326.184769964218,230.416042890549,24.3814878559113,35.1444869995117,28.5548956871033,52.7167304992676
"8130003",1981,97.2448230314255,21.9762311935425,109.881155967712,221.959935054779,1020.24653316021,279.09813615799,304.920207810402,237.343296890259,147.240748996735,92.3001710128784,37.3595930290222,28.5691005516052
"8130003",1982,93.3989825725555,101.090663490295,80.2132438564301,70.8733455991745,490.619361395836,796.638380765915,634.014269933701,421.943638916016,509.848563690186,430.734131393433,61.5334473419189,8.79049247741699
"8130003",1983,89.003736333847,20.8774196338654,1.09881155967712,165.920545511246,323.050598545074,604.346357822418,534.022418003082,249.430224046707,215.367065696716,65.9286935806274,4.3952462387085,20.8774196338654
"8130003",1984,26.371477432251,105.485909729004,46.1500855064392,73.6203744983673,624.124965896606,437.327000751495,583.468938188553,226.355181293488,307.667236709595,242.507711220741,41.0955523319244,28.3493382396698
"8130003",1985,53.8417664241791,6.59286935806274,46.1500855064392,261.517151203155,626.322589015961,253.385945661545,440.513554274559,121.638439656258,265.582753973961,387.660718254089,100.651138866425,0.938234629372624
"8130003",1986,10.9881155967712,34.0631583499908,112.078779087067,310.084622140884,897.72904425621,692.251282596588,185.699153585434,395.572161483765,125.484280115128,154.932429914474,408.75790019989,19.7786080741882
"8130003",1987,1.03548446177034,13.5153821840286,140.537998482704,63.1816646814346,238.881633073807,249.979629826546,696.207004211426,432.821873356819,349.312194821358,213.059561421394,57.5777257270813,9.88930403709412
"8130003",1988,43.5129377632141,0.914335995428082,129.440001729965,107.793414004326,144.383838941574,550.834234866142,372.936643354416,528.638241360664,108.892225564003,111.529373307228,31.4260106067658,49.1168767175675
"8130003",1989,21.4268254137039,21.3169442577362,28.7888628635406,5.49405779838562,87.0258755264282,502.596407396317,375.024385317802,338.763603848457,90.2124290494919,88.8938551778793,29.9975555791855,96.5855360956192
"8130003",1990,23.4046862211227,43.6228189191818,180.314976943016,188.885707108498,247.672125551224,202.620851604462,232.838169495583,285.691005516052,489.740312148094,84.3887277832031,87.6851624622345,15.3833618354797
"8130003",1991,34.7224452857971,8.79049247741699,17.580984954834,281.405640433311,917.397771174431,367.772229023933,482.927680478096,142.515859290123,258.110835368156,185.809034741402,49.7761636533737,234.156743367195
"8130003",1992,0.337699229212973,37.6892364969254,111.639254463196,264.483942414284,1028.37773870182,630.388191786766,228.66268556881,192.401904099464,176.908661108017,193.171072191238,106.694602444649,118.891410757065
"8130003",1993,26.4813585882187,0.77638192947864,105.046385105133,244.265809716225,691.262352192879,930.803272202492,345.35647320652,372.71688104248,93.1792202606201,178.556878447533,79.6638380765915,84.4986089391709
"8130003",1994,22.3058746614456,29.9975555791855,13.1857387161255,313.930462599754,187.896776704788,621.927342777252,584.457868592262,77.9057395811081,339.422890784264,180.974263878822,66.478099360466,80.1033627004623
"8130003",1995,1.09881155967712,18.7896776704788,28.8987440195084,255.473687624931,149.658134428024,775.101674196243,696.536647679329,368.980921739578,90.8717159852982,119.990222316742,15.6031241474152,0.225314031894367
"8130003",1996,5.49405779838562,44.2821058549881,155.591716850281,195.588457622528,177.677829199791,348.103502105713,138.779899987221,355.685301867485,63.6211893053055,67.5769109201431,113.397352958679,38.5682857446671
"8130003",1997,9.12013594532013,65.5990501127243,7.91144322967529,367.44258555603,263.275249698639,919.705275449753,360.190429262161,223.168627770424,323.929647792816,366.124011684418,180.754501566887,36.9200684051514
"8130003",1998,4.50512739467621,27.9098136157989,33.0742279462814,162.84387314415,209.543364430428,143.394908537865,176.469136484146,193.171072191238,99.9918519306183,0.5461677161339,35.7113756895065,69.7745340394974
"8130003",1999,9.99918519306183,60.4346357822418,3.73595930290222,53.9516475801468,468.862892514229,542.593148168564,135.593346464157,502.706288552284,454.798104550362,64.170595085144,18.8995588264465,21.2070631017685
"8130003",2000,0.00470687075529886,301.404010819435,10.1090663490295,117.462955729485,157.349815345764,1171.77264723969,302.063297755241,396.670973043442,541.494336608887,117.023431105614,53.8417664241791,72.5215629386902
"8130003",2001,133.505604500771,18.1303907346725,26.371477432251,155.481835694313,728.512064065933,374.694741849899,1164.74025325775,386.781669006348,78.5650265169144,69.7745340394974,117.572836885452,0.814584532278049
"8130003",2002,0.667752186547908,312.611888728142,260.418339643478,118.671648445129,478.532434239387,438.975218091011,293.932092213631,635.662487273216,230.201021752357,575.777257270813,151.635995235443,60.4346357822418
"8130003",2003,54.3911722040176,0.535394911157503,7.69168091773987,23.6244485330582,192.292022943497,724.116817827225,315.358917627335,186.248559365273,202.730732760429,191.742617163658,125.813923583031,94.4977941322327
"8130003",2004,1.08259696836235,19.7786080741882,114.056639894485,376.342959189415,84.0590843153,507.101534790993,558.745678095818,209.873007898331,212.620036797523,258.220716524124,132.956198720932,89.003736333847
"8130003",2005,13.1857387161255,0.56466701656478,54.9405779838562,31.8655352306366,626.871994795799,655.441095347404,450.512739467621,637.310704612732,112.628184866905,53.8417664241791,115.375213766098,82.4108669757843
"8130003",2006,84.6084900951385,24.1738543128967,35.7113756895065,183.50153046608,238.442108449936,830.152133336067,687.85603635788,396.670973043442,274.702889919281,254.924281845093,9.88930403709412,213.169442577362
"8130003",2007,23.0750427532196,105.485909729004,74.1697802782059,149.438372116089,103.28828660965,246.133789367676,524.133113965988,256.02309340477,103.28828660965,96.6954172515869,17.580984954834,35.161969909668
"8130003",2008,7.69168091773987,36.8101872491837,20.8774196338654,162.624110832214,716.425136909485,284.592193956375,370.299495611191,494.465201854706,118.122242665291,58.2370126628876,47.2488970661163,14.2845502758026
"8130003",2009,7.69168091773987,20.8774196338654,0.969888844624648,72.5215629386902,623.026154336929,413.702552218437,213.169442577362,459.852637724876,127.462140922546,207.675384778976,178.007472667694,34.0631583499908
"8130003",2010,19.7786080741882,52.742954864502,9.88930403709412,18.6797965145111,113.177590646744,392.275726804733,439.52462387085,213.938610669136,30.7667236709595,104.936503949165,46.1500855064392,60.4346357822418
"8130007",1981,94.7175564441681,18.6797965145111,107.13412706852,221.410529274941,1079.91200085068,292.283874874115,334.038714141846,253.825470285416,168.667574410439,102.189475049973,40.6560277080536,25.2726658725739
"8130007",1982,90.1025478935242,107.683532848358,75.268591837883,69.7745340394974,510.397969470024,870.808161044121,653.24347222805,427.437696714401,547.208156719208,480.730057358742,69.2251282596588,6.04346357822418
"8130007",1983,94.4977941322327,24.7232600927353,1.09881155967712,171.96400908947,331.291685242653,655.990501127243,575.227851490974,257.121904964447,244.48557202816,74.1697802782059,4.94465201854706,22.525636973381
"8130007",1984,23.6244485330582,115.924619545937,46.1500855064392,103.837692389488,712.029890670776,454.907985706329,643.903573970795,260.418339643478,305.46961359024,327.995250563622,43.952462387085,33.5137525701523
"8130007",1985,74.7191860580444,9.33989825725555,45.0512739467621,233.497456431389,670.824457182884,252.836539881706,437.327000751495,115.924619545937,266.022278597832,366.453655152321,95.0471999120712,1.09881155967712
"8130007",1986,10.4387098169327,30.3271990470886,117.023431105614,303.381871626854,908.277635229111,714.447276102066,194.599527218819,411.395047943115,130.319050977707,156.690528409958,383.485234327316,16.5920545511246
"8130007",1987,0.287563217386119,12.1968083124161,141.307166574478,59.8852300024033,248.111650175095,247.452363239288,669.945407935143,400.516813502312,307.667236709595,197.786080741882,46.1500855064392,8.79049247741699
"8130007",1988,16.4821733951569,0.487575291557005,30.7667236709595,103.837692389488,225.476132045746,426.888290934563,368.101872491837,506.002723231316,109.881155967712,108.232938628197,31.316129450798,NA
"8130007",1989,NA,23.6244485330582,30.7667236709595,0.794433772270992,91.7507652330399,493.366390295029,362.607814693451,363.047339317322,100.541257710457,83.5096785354614,32.4149410104752,96.1460114717484
"8130007",1990,20.8774196338654,40.106621928215,NA,189.984518668175,250.529035606384,214.817659916878,198.884892301559,314.809511847496,523.034302406311,NA,NA,14.2845502758026
"8130007",1991,32.4149410104752,9.88930403709412,25.2726658725739,268.659426341057,902.783577430725,356.014945335388,468.093724422455,113.726996426582,262.615962762833,175.80984954834,43.0734131393433,124.495349711418
"8130007",1992,1.64821733951569,37.3595930290222,104.387098169327,262.066556982994,942.230912423134,619.729719657898,230.750427532196,149.438372116089,203.280138540268,179.106284227371,90.6519536733627,104.936503949165
"8130007",1993,26.371477432251,0.955114584422926,107.683532848358,251.078441386223,NA,946.076752882004,334.588119921684,343.92801817894,65.9286935806274,157.130053033829,81.8614611959457,81.8614611959457
"8130007",1994,16.4821733951569,23.0750427532196,14.8339560556412,276.900513038635,170.315791749954,584.018343968391,585.886323619843,63.7310704612732,334.588119921684,170.865197529793,49.9959259653091,87.9049247741699
"8130007",1995,1.09881155967712,15.1635995235443,21.4268254137039,212.839799109459,142.405978134155,808.175902142525,609.840415620804,330.742279462814,64.8298820209503,138.999662299156,10.9881155967712,0.838232631953453
"8130007",1996,0.659286935806274,NA,143.944314317703,178.007472667694,171.414603309631,359.31138001442,70.3239398193359,326.676676692009,57.3579634151459,65.3792878007889,86.8061132144928,17.4711037988663
"8130007",1997,11.6474025325775,49.9959259653091,0.879049247741699,341.730395059586,338.873485004425,852.787651465416,374.694741849899,169.216980190277,263.934536634445,292.723399497986,170.865197529793,27.5801701478958
"8130007",1998,4.3952462387085,11.2078779087067,40.6560277080536,144.273957785606,262.615962762833,216.355996100426,168.1181686306,190.094399824142,92.849576792717,0.862694759944115,34.6125641298294,53.8417664241791
"8130007",1999,8.79049247741699,58.2370126628876,3.29643467903137,49.4465201854706,462.599666624069,529.627171764374,128.560952482224,446.666899008751,414.691482622147,47.358778222084,10.9881155967712,8.79049247741699
"8130007",2000,0.722771509165666,288.438034415245,10.9881155967712,116.364144169807,146.911105528831,1156.49916656017,292.833280653954,413.153146438599,516.331551892281,87.9049247741699,49.4465201854706,61.5334473419189
"8130007",2001,120.869271564484,16.4821733951569,23.0750427532196,152.185401015282,694.998311495781,399.967407722473,1153.75213766098,347.77385863781,67.0275051403046,59.3358242225647,118.671648445129,0.402144571214923
"8130007",2002,1.07147434440448,303.271990470886,248.880818266869,115.375213766098,357.443400362968,453.809174146652,324.149410104752,582.919532408714,238.442108449936,555.998649196625,152.73480679512,57.1382011032104
"8130007",2003,62.6322589015961,0.686732958914334,7.69168091773987,22.6355181293488,187.896776704788,766.421062874794,319.204758086205,186.248559365273,161.525299272537,184.600342025757,117.572836885452,94.4977941322327
"8130007",2004,0.462171545244448,20.6576573219299,143.944314317703,376.892364969254,89.003736333847,485.674709377289,461.61073622036,199.983703861237,207.675384778976,247.232600927353,125.264517803192,161.525299272537
"8130007",2005,12.0869271564484,0.259911050133756,60.4346357822418,37.3595930290222,662.253727017403,698.624389642715,492.377459891319,637.310704612732,91.2013594532013,60.4346357822418,116.474025325775,82.9602727556229
"8130007",2006,87.3555189943314,42.8536508274078,37.9089988088608,185.699153585434,222.948865458488,771.365714893341,496.113419194221,400.406932346344,256.572499184608,235.145673770905,7.69168091773987,203.609782008171
"8130007",2007,21.9762311935425,67.0275051403046,76.9168091773987,130.758575601578,95.0471999120712,233.497456431389,501.058071212769,226.904587073326,94.4977941322327,65.9286935806274,10.9881155967712,56.0393895435333
"8130007",2008,5.49405779838562,37.9089988088608,20.3280138540268,165.920545511246,651.595254888535,277.999324598312,384.034640107155,484.026492037773,104.387098169327,41.2054334878922,29.6679121112823,14.2845502758026
"8130007",2009,6.04346357822418,24.1738543128967,0.873426772989617,76.9168091773987,544.900652443886,455.457391486168,245.034977807999,451.611551027298,101.090663490295,206.576573219299,135.263702996254,0.797150875087069
"8130007",2010,26.4813585882187,57.1382011032104,18.7896776704788,16.4821733951569,83.5096785354614,437.217119595528,157.130053033829,219.762311935425,41.644958111763,113.177590646744,52.742954864502,65.4891689567566
"8132002",1981,171.26249786377,13.5756858062744,52.2141761779785,116.959754638672,497.078957214355,166.35436530304,74.1441301727295,114.871187591553,44.9041915130615,48.0370420837402,14.619969329834,8.35426818847656
"8132002",1982,90.8526665496826,28.1956551361084,5.22141761779785,53.2584597015381,366.543516769409,348.790696868896,310.152206497192,193.192451858521,186.926750717163,156.642528533936,83.5426818847656,0.0966175236691434
"8132002",1983,40.7270574188232,18.7971034240723,0.336590141124435,33.4170727539062,107.561202926636,189.85074458313,204.679570617676,94.2988021774292,81.4541148376465,21.929953994751,0.571337913030788,14.619969329834
"8132002",1984,0.25201669022787,63.7012949371338,16.7085363769531,48.0370420837402,415.102700614929,217.73311466217,350.879263916016,123.225455780029,222.432390518188,173.873206672668,22.9742375183105,0.469688325611286
"8132002",1985,54.3027432250977,3.13285057067871,28.1956551361084,139.933992156982,332.082160491943,207.812421188355,226.609524612427,45.9484750366211,176.483915481567,154.031819725037,43.859907989502,0.258556755606471
"8132002",1986,8.35426818847656,5.22141761779785,NA,155.076103248596,325.816459350586,342.524995727539,90.8526665496826,215.122405853271,73.0998466491699,44.3820497512817,147.766118583679,10.4428352355957
"8132002",1987,0.698947914968988,7.30998466491699,43.859907989502,42.8156244659424,136.801141586304,96.0740841674805,318.506474685669,225.565241088867,83.5426818847656,149.332543869019,13.5756858062744,1.04428352355957
"8132002",1988,NA,0.518744538157487,63.7012949371338,66.2075753936768,54.6160282821655,240.707352180481,187.240035774231,307.959211097717,73.3087033538818,51.065464302063,20.8856704711914,22.1388106994629
"8132002",1989,17.7528199005127,0.905592441928769,11.9048321685791,3.13285057067871,56.0780252151489,335.215011062622,255.327321510315,166.667650360107,47.8281853790283,25.8982313842773,4.69927585601807,65.7898619842529
"8132002",1990,12.5314022827148,44.9041915130615,100.251218261719,111.633908668518,78.4256926193237,94.4032305297852,113.618047363281,156.0159584198,192.252596687317,62.6570114135742,40.1004873046875,0.810150611995113
"8132002",1991,19.423673538208,2.9239938659668,10.6516919403076,123.329884132385,415.938127433777,155.807101715088,211.571841873169,78.5301209716797,109.649769973755,76.9636956863403,35.4012114486694,50.6477508926392
"8132002",1992,0.170439793722804,39.1606321334839,52.6318895874023,161.968374504089,727.865615921021,331.873303787231,119.779320152283,157.895668762207,151.212254211426,65.2677202224731,38.2207769622803,64.5367217559814
"8132002",1993,3.13285057067871,0.493825268623709,47.3060436172485,194.75887714386,361.844240913391,432.333378753662,245.406628036499,151.734395973206,53.362888053894,74.5618435821533,35.4012114486694,13.0535440444946
"8132002",1994,8.35426818847656,14.9332543869019,0.239732211345759,215.644547615051,80.6186880187988,272.975713058472,194.967733848572,41.249199180603,125.731736236572,93.8810887680054,13.9933992156982,34.8790696868897
"8132002",1995,1.56642528533936,1.98413869476318,9.08526665496826,160.715234275818,71.8467064208984,303.155506889343,338.870003395081,165.83222354126,61.4038711853027,57.3311654434204,16.1863946151733,0.903646454973301
"8132002",1996,0.154346069724739,7.30998466491699,84.5869654083252,68.087285736084,96.2829408721924,218.77739818573,74.4574152297974,146.19969329834,0.84035519021697,51.7964627685547,38.1163486099243,23.8096643371582
"8132002",1997,5.84798773193359,30.2842221832275,0.353906148116831,253.760896224976,208.543419654846,387.429187240601,151.316682563782,85.2135355224609,137.114426643372,159.462094047546,75.6061271057129,4.69927585601807
"8132002",1998,5.84798773193359,0.699782490590157,0.790066891709336,2.61070880889893,120.301461914063,35.8189248580933,21.1989555282593,145.886408241272,60.0463026046753,0.52401618474126,24.4362344512939,14.7243976821899
"8132002",1999,10.4428352355957,24.5406628036499,9.39855171203613,24.227377746582,229.011376716614,313.807198829651,97.327224395752,241.542778999329,223.476674041748,10.5472635879517,5.32584597015381,1.02963968193182
"8132002",2000,0.728969177365657,154.867246543884,4.17713409423828,56.9134520339966,78.8434060287476,648.917781539917,73.5175600585938,213.34712386322,272.557999649048,24.331806098938,11.4871187591553,8.87640995025635
"8132002",2001,53.2584597015381,2.61070880889893,5.22141761779785,115.915471115112,422.099400222778,201.233434989929,402.049156570435,209.900988235474,26.2115164413452,37.6986352005005,26.1070880889893,0.696424164697827
"8132002",2002,0.422007856089764,151.943252677917,96.1785125198364,69.1315692596436,278.301559028625,204.888427322388,129.282300216675,296.26323563385,146.19969329834,235.172649505615,79.4699761428833,30.2842221832275
"8132002",2003,19.8413869476318,0.48707407133665,22.9742375183105,33.4170727539062,100.251218261719,329.993593444824,112.782620544434,106.516919403076,133.668291015625,84.5869654083252,108.605486450195,24.0185210418701
"8132002",2004,0.869076161897102,15.6642528533936,64.2234366989136,285.611543693543,46.9927585601807,322.683608779907,306.497214164734,92.1058067779541,72.0555631256103,91.8969500732422,40.2049156570435,41.7713409423828
"8132002",2005,0.436146983502293,0.17905723591691,21.929953994751,15.6642528533936,373.018074615478,552.634840667725,239.454211952209,260.131025718689,53.9894581680298,24.331806098938,21.7210972900391,42.8156244659424
"8132002",2006,33.1037876968384,3.6549923324585,22.9742375183105,96.1785125198364,99.4157914428711,312.658486953735,456.560756500244,243.735774398804,83.3338251800537,124.583024360657,9.29412335968018,120.301461914063
"8132002",2007,18.9015317764282,53.2584597015381,5.74355937957764,78.8434060287476,46.0529033889771,51.1698926544189,214.704692443848,131.684152320862,18.3793900146484,36.1322099151611,3.13285057067871,26.5248014984131
"8132002",2008,18.7971034240723,10.4428352355957,0.563391832331783,50.1256091308594,481.414704360962,126.358306350708,220.343823471069,305.766215698242,22.9742375183105,25.5849463272095,5.22141761779785,1.56642528533936
"8132002",2009,10.4428352355957,19.8413869476318,21.929953994751,33.939214515686,299.709371261597,340.43642868042,122.807742370605,143.171271080017,67.8784290313721,107.039061164856,42.8156244659424,5.74355937957764
"8132002",2010,11.4871187591553,52.2141761779785,14.0978275680542,14.9332543869019,70.0714244308472,232.770797401428,212.511697044373,142.544700965881,43.859907989502,71.0112796020508,10.3384068832397,5.74355937957764
"8123004",1981,233.888676989079,15.1739857554436,39.7663074970245,138.658835351467,554.635341405869,146.507448673248,245.92321741581,120.345404267311,82.1488194346428,60.6959430217743,29.8247306227684,19.8831537485123
"8123004",1982,61.7424247980118,41.3360301613808,26.1620444059372,38.719825720787,419.639192271233,403.94196562767,376.733439445496,197.785055708885,257.434516954422,177.901901960373,85.811505651474,0.779373549946861
"8123004",1983,108.834104728699,6.27889065742493,1.56972266435623,92.6136371970177,178.425142848492,407.604651844502,277.317670702934,221.854136562347,108.31086384058,39.7663074970245,13.6042630910873,14.6507448673248
"8123004",1984,19.8831537485123,62.6842583966255,16.2204675316811,46.0451981544495,453.126609110832,261.097203171253,343.769263494015,73.2537243366241,153.309580218792,222.900618338585,23.5458399653435,0.523240888118744
"8123004",1985,53.3705705881119,1.56972266435623,35.5803803920746,107.787622952461,351.617876815796,199.354778373241,226.040063667297,47.6149208188057,144.937726008892,175.285697519779,42.3825119376183,0.823656013480408
"8123004",1986,5.75564976930618,15.1739857554436,73.7769652247429,195.69209215641,388.767979872227,319.700182640552,85.7068574738502,248.539421856403,74.8234470009804,34.0106577277184,247.178995547295,11.0927068281174
"8123004",1987,0.155587450722973,3.8719825720787,97.8460460782051,35.1617876815796,178.843735558987,113.647920899391,390.442350714207,282.864024116993,126.624294924736,125.05457226038,21.4528764128685,5.65100159168243
"8123004",1988,46.1498463320732,0.96938817809875,60.800591199398,72.7304834485054,46.254494509697,235.772344186306,265.073833920956,299.293788003922,61.7424247980118,61.1145357322693,21.9761173009872,29.8247306227684
"8123004",1989,23.2318954324722,8.7904469203949,18.9413201498985,4.39522346019745,67.3934263896942,392.639962444305,242.365179376602,207.308039872646,48.6614025950432,27.7317670702934,7.11607607841492,NA
"8123004",1990,20.9296355247498,NA,NA,67.498074567318,247.178995547295,151.321264843941,120.554700622559,199.773371083736,210.342837023735,74.5095024681091,36.1036212801933,2.93014897346497
"8123004",1991,25.1155626296997,6.27889065742493,21.9761173009872,149.332949469089,421.104266757965,198.412944774628,NA,110.82242010355,159.065229988098,62.9982029294968,30.1386751556396,83.5092457437515
"8123004",1992,0.55862352676564,28.0457116031647,57.9750904035568,130.810222029686,762.885214877129,350.571395039558,119.298922491074,166.390602421761,129.24049936533,61.7424247980118,37.1501030564308,59.1262203574181
"8123004",1993,9.41833598613739,0.803073961647048,37.1501030564308,161.158193540573,344.501800737381,424.348360264301,305.049437773228,194.85490673542,48.1381617069244,72.7304834485054,25.7434516954422,26.6852852940559
"8123004",1994,0.729374651898695,5.54635341405868,3.13944532871246,127.147535812855,150.693375778198,347.222653355598,211.180022444725,48.1381617069244,136.042630910873,105.066770334244,15.5925784659386,23.6504881429672
"8123004",1995,3.66268621683121,1.56972266435623,29.3014897346497,128.717258477211,101.194787762165,288.410377531052,373.175401406288,236.400233252049,62.3703138637543,56.6146640944481,2.19761173009872,0.157270309541279
"8123004",1996,0.614925844319541,11.0927068281174,99.4157687425613,80.1605040597916,100.462250518799,214.005523240566,58.6029794692993,268.945816493034,19.8831537485123,NA,45.2080127334595,15.6972266435623
"8123004",1997,7.43002061128616,61.219183909893,0.114557271672695,321.479201660156,177.587957427502,485.358247818947,175.181049342155,90.9392663550377,105.903955755234,173.297382144928,65.7190555477142,12.1391886043549
"8123004",1998,0.185623481894486,0.349018437599954,18.8366719722748,13.6042630910873,171.623011302948,102.136621360779,57.7657940483093,113.543272721767,62.2656656861305,0.11954170890517,37.1501030564308,13.6042630910873
"8123004",1999,14.6507448673248,23.0225990772247,12.5577813148499,49.2892916607857,244.039550218582,449.98716378212,125.263868615627,260.155369572639,281.712894163132,15.2786339330673,9.31368780851364,0.104648177623749
"8123004",2000,3.03479715108871,148.809708580971,8.3718542098999,88.741654624939,68.4399081659317,545.530949952602,57.6611458706856,171.309066770077,341.257707231045,37.0454548788071,14.4414485120773,57.0332568049431
"8123004",2001,113.229328188896,8.3718542098999,14.6507448673248,71.1607607841492,460.661277899742,168.274269618988,384.372756412029,154.042117462158,17.0576529526711,21.0342837023735,58.6029794692993,0.518842814562171
"8123004",2002,1.15112995386124,206.680150806904,115.84553262949,88.741654624939,264.969185743332,227.819082686901,248.958014566898,385.837830898762,197.261814820766,276.794429814816,94.3926562166214,29.4061379122734
"8123004",2003,38.0919366550446,2.61620444059372,26.3713407611847,47.6149208188057,89.0555991578102,471.858632905483,111.764253702164,108.624808373451,184.704033505917,92.1950444865227,94.7066007494927,24.592321741581
"8123004",2004,1.01015690429537,33.4874168395996,55.4635341405869,207.517336227894,48.2428098845482,297.410120806694,285.480228557587,121.810478754044,120.973293333054,123.066256885529,93.0322299075127,36.9408067011833
"8123004",2005,1.36042630910873,0.789475323005367,30.7665642213821,43.6382900691032,405.61633646965,595.343482501507,252.62070078373,259.422832329273,43.8475864243507,21.4528764128685,55.6728304958344,69.2770935869217
"8123004",2006,32.5455832409859,1.56972266435623,20.406394636631,61.8470729756355,64.6725737714767,317.293274555206,552.542377853394,216.831024036407,92.4043408417702,89.4741918683052,0.418592710494995,120.659348800182
"8123004",2007,0.226191072762179,49.9171807265282,4.70916799306869,84.8696720528603,28.4643043136597,171.4137149477,262.457629480362,146.088855962753,43.2196973586082,35.6850285696983,3.34874168395996,8.05790967702866
"8123004",2008,3.24409350633621,4.0812789273262,2.19761173009872,120.973293333054,507.962254185677,143.681947877407,113.543272721767,225.307526423931,84.4510793423653,21.1389318799973,3.03479715108871,10.2555214071274
"8123004",2009,1.88366719722748,7.43002061128616,5.33705705881119,19.3599128603935,300.444917957783,309.967902121544,186.064459815025,263.085518546104,90.2067291116715,118.880329780579,67.6027227449417,4.81381617069244
"8123004",2010,13.1856703805923,3.24409350633621,2.30225990772247,11.5112995386124,20.6156909918785,260.260017750263,250.10914452076,180.099513690472,16.7437084197998,0.435739456315579,13.1856703805923,24.4876735639572
"8367001",1981,62.7294497013092,6.37926607131958,20.7326147317886,112.700367259979,544.364038085938,63.7926607131958,196.69403719902,115.358394789696,28.7066973209381,36.1491744041443,2.12642202377319,10.1005046129227
"8367001",1982,65.919082736969,24.4538532733917,8.50568809509277,20.7326147317886,295.041055798531,396.577707433701,282.282523655891,204.66811978817,168.518945384026,113.231972765923,36.1491744041443,0.492547353431762
"8367001",1983,20.2010092258453,0.243715765744243,5.31605505943298,53.1605505943298,112.168761754036,206.262936306,194.567615175247,146.72311964035,77.6144038677216,19.669403719902,0.281792492259845,9.56889910697937
"8367001",1984,9.03729360103607,24.4538532733917,5.84766056537628,32.4279358625412,640.053029155731,181.809083032608,317.368487048149,69.6403212785721,133.432981991768,153.10238571167,20.7326147317886,0.463490971389634
"8367001",1985,53.6921561002731,1.59481651782989,34.6606789875031,52.0973395824432,245.070138239861,172.771789431572,144.065092110634,44.6548624992371,79.2092203855514,82.9304589271545,42.8474037790298,1.38217431545258
"8367001",1986,28.7066973209381,10.632110118866,35.0859633922577,218.596184043884,306.523734726906,285.153193387985,107.703275504112,198.607817020416,76.7638350582123,31.6836881542206,164.797706842422,1.27585321426392
"8367001",1987,0.879989773765037,3.08331193447113,41.8905138683319,23.9222477674484,175.642459163666,54.4364038085938,432.195276331902,227.846119847298,89.8413305044174,22.8590367555618,12.2269266366959,0.286697433171631
"8367001",1988,19.1377982139587,0.215067045177529,28.7066973209381,47.6318533325195,46.7812845230103,172.452826128006,186.061927080154,216.895046424866,NA,16.4797706842422,25.5170642852783,15.948165178299
"8367001",1989,0.862886537854075,0.0386160155067415,43.5916514873505,0.212355763178656,49.4393120527267,342.353945827484,191.377982139587,131.306559967995,31.8963303565979,NA,NA,NA
"8367001",1990,210.515780353546,26.5802752971649,10.632110118866,56.3501836299896,107.384312200546,31.4710459518433,NA,155.228807735443,125.990504908562,49.4393120527267,17.0113761901855,0.0708501859305627
"8367001",1991,14.8849541664124,1.0632110118866,19.669403719902,145.12830312252,314.178854012489,NA,NA,NA,59.8587799692154,55.286972618103,51.5657340764999,64.3242662191391
"8367001",1992,0.111948970295867,6.91087157726288,36.1491744041443,NA,NA,332.785046720505,64.8558717250824,194.780257377625,76.551192855835,46.249679017067,22.8590367555618,64.3242662191391
"8367001",1993,2.65802752971649,0.028032932775114,23.3906422615051,103.875715861321,311.73346868515,296.104266810417,205.199725294113,101.005046129227,13.8217431545258,57.9450001478195,17.5429816961288,7.44247708320618
"8367001",1994,0.668739238359822,1.0632110118866,0.486123252877641,92.4993580341339,117.484816813469,224.975450115204,249.85458779335,NA,87.7149084806442,91.542468123436,7.54879818439484,13.2901376485825
"8367001",1995,2.65802752971649,0.499347269635428,9.03729360103607,112.700367259979,41.4652294635773,219.021468448639,210.515780353546,193.504404163361,7.44247708320618,72.2983488082886,3.18963303565979,0.312947352454095
"8367001",1996,0.731973558591639,10.632110118866,22.3274312496185,44.1232569932938,102.068257141113,171.176972913742,67.5138992547989,146.72311964035,8.50568809509277,9.56889910697937,19.1377982139587,17.0113761901855
"8367001",1997,3.18963303565979,18.0745872020721,2.12642202377319,235.501239132881,224.869129014015,375.313487195969,240.285688686371,68.8960735702515,110.573945236206,170.113761901855,88.2465139865875,11.6953211307526
"8367001",1998,0.191521758256763,0.82938726863523,24.4538532733917,72.2983488082886,174.366605949402,126.522110414505,87.1833029747009,105.257890176773,86.1200919628143,0.739240080692463,20.2010092258453,15.948165178299
"8367001",1999,5.31605505943298,4.25284404754639,9.56889910697937,31.8963303565979,160.544862794876,364.149771571159,154.165596723557,255.170642852783,191.377982139587,12.7585321426392,7.44247708320618,23.9222477674484
"8367001",2000,3.18963303565979,114.826789283752,5.84766056537628,73.3615598201752,86.1200919628143,547.553671121597,74.9563763380051,150.444358181953,163.202890324593,29.7699083328247,14.8849541664124,17.0113761901855
"8367001",2001,112.700367259979,5.84766056537628,43.5916514873505,9.56889910697937,335.443074250221,261.549908924103,461.965184664726,177.556238985062,21.7958257436752,57.4133946418762,48.9077065467834,0.1673190152573
"8367001",2002,0.705836988615528,47.8444955348969,97.8154130935669,61.6662386894226,263.144725441933,208.389358329773,204.136514282227,333.848257732391,99.9418351173401,326.405780649185,193.504404163361,9.56889910697937
"8367001",2003,39.3388074398041,0.835192718008829,10.632110118866,21.2642202377319,93.5625690460205,506.08844165802,36.1491744041443,51.0341285705566,83.9936699390411,126.522110414505,103.131468153,9.56889910697937
"8367001",2004,0.160052336706074,9.56889910697937,80.8040369033813,295.572661304474,96.7522020816803,290.256606245041,205.199725294113,142.470275592804,57.4133946418762,217.958257436752,24.4538532733917,12.7585321426392
"8367001",2005,3.18963303565979,1.02686415622682,34.0227523803711,37.2123854160309,645.900689721107,443.890597462654,214.768624401093,319.494909071922,31.8963303565979,47.8444955348969,36.1491744041443,47.8444955348969
"8367001",2006,26.5802752971649,1.0632110118866,1.80745872020721,105.257890176773,125.458899402618,364.681377077103,258.360275888443,NA,67.1949359512329,34.0227523803711,3.18963303565979,29.7699083328247
"8367001",2007,2.12642202377319,0.877453077047061,1.0632110118866,96.7522020816803,99.9418351173401,195.630826187134,242.412110710144,213.705413389206,123.332477378845,53.1605505943298,8.50568809509277,10.632110118866
"8367001",2008,4.25284404754639,2.12642202377319,4.25284404754639,34.0227523803711,305.141560411453,207.326147317886,176.493027973175,274.308441066742,27.6434863090515,34.0227523803711,12.7585321426392,4.25284404754639
"8367001",2009,6.0603027677536,6.37926607131958,2.12642202377319,34.5543578863144,18.0745872020721,322.684542107582,170.113761901855,307.267982435226,87.7149084806442,142.470275592804,106.852706694603,1.0632110118866
"8367001",2010,12.7585321426392,16.4797706842422,43.0600459814072,12.7585321426392,27.6434863090515,422.094771718979,195.630826187134,98.8786241054535,23.9222477674484,22.3274312496185,35.0859633922577,20.7326147317886
"8122002",1981,182.423562412262,25.4544505691528,78.4845559215546,147.423692879677,486.816367135048,278.938354153633,199.393196125031,169.696337127686,84.8481685638428,100.757200169563,26.5150526762009,31.818063211441
"8122002",1982,82.7269643497467,74.2421474933624,53.0301053524017,75.3027496004105,467.725529208183,465.604324994087,499.543592419624,238.635474085808,333.029061613083,267.271730976105,129.39345705986,3.1818063211441
"8122002",1983,101.817802276611,11.6666231775284,0.0255854651635405,92.272383313179,171.817541341782,439.725633582115,317.120030007362,144.241886558533,119.848038096428,42.4240842819214,3.1818063211441,32.8786653184891
"8122002",1984,19.0908379268646,112.423823347092,36.0604716396332,74.2421474933624,499.543592419624,308.635213150978,375.453145895004,154.847907629013,240.756678299904,253.48390358448,10.6060210704803,2.12120421409607
"8122002",1985,77.4239538145065,10.6060210704803,40.1968198571205,136.287370755672,380.331915587425,203.953785185337,216.150709416389,85.0602889852524,198.968955282211,231.8476206007,43.4846863889694,0.0599475847880968
"8122002",1986,0.246208795150608,10.7120812811851,38.1816758537292,172.87814344883,345.756286897659,471.967937636375,41.3634821748734,205.756808767319,28.6362568902969,50.9089011383057,309.165514204502,0.166719219318498
"8122002",1987,0.934846875325651,14.8484294986725,107.863234286785,57.3785739912987,188.362934211731,136.923732019901,432.831719886303,303.756443458557,150.923679832935,169.908457549095,16.9696337127686,7.95451580286026
"8122002",1988,50.9089011383057,0.598372963924462,87.7117942528725,134.802527805805,83.9996868782043,347.241129847527,253.48390358448,351.483538275719,55.045249355793,59.7118986268043,61.514922208786,13.6817671809196
"8122002",1989,38.7119769072533,5.30301053524017,36.2725920610428,4.45452884960175,89.3026974134445,436.649887471676,197.16593170023,167.469072702885,59.3937179946899,NA,3.39392674255371,121.014700414181
"8122002",1990,39.5604585928917,48.5755765028,103.939006490707,109.666257868767,149.544897093773,174.575106820106,NA,189.953837372303,321.25637822485,69.8936788544655,30.9695815258026,0.0735175636264909
"8122002",1991,46.1361916565895,0.000404892320555541,13.9999478130341,156.969111843109,594.467481000423,233.332463550568,274.908066146851,50.4846602954864,165.772109331608,74.2421474933624,46.6664927101135,127.696493688583
"8122002",1992,0.604486157791466,40.8331811213493,19.409018558979,163.226664274693,861.314971133709,398.680332039356,177.650852930546,151.984281939983,190.165957793713,136.499491177082,54.7270687236786,97.7875142698288
"8122002",1993,41.2574219641686,0.846942182226373,100.863260380268,232.05974102211,476.634586907387,601.67957532835,364.422883981705,329.847255291939,116.348051143169,133.954046120167,64.4846081085205,70.3179196972847
"8122002",1994,37.4392543787956,29.4847385759354,13.46964675951,283.28682279253,152.726703414917,423.180240712166,318.498812746525,76.7875925502777,198.862895071507,151.453980886459,51.5452624025345,62.7876447372437
"8122002",1995,9.01511790990829,7.42421474933624,27.5756547832489,211.908300988197,91.9542026810646,413.104520695209,461.680097198009,326.877569392204,43.9089272317886,97.2572132163048,20.6817410874367,0.668779712941024
"8122002",1996,6.46967285299301,29.696858997345,156.014569946766,109.666257868767,151.02974004364,209.999217195511,54.1967676701546,268.756573925972,39.9846994357109,102.029922698021,91.6360220489502,66.4997521119118
"8122002",1997,35.1059297432899,72.1209432792664,3.1818063211441,342.256299944401,228.559754068851,582.588737401485,228.983994911671,135.014648227215,248.923314524174,252.741482109547,115.605629668236,38.1816758537292
"8122002",1998,7.42421474933624,7.42421474933624,26.5150526762009,98.1056949019432,253.48390358448,139.999478130341,96.4087315306664,141.272200658798,89.1966372027397,0.394722627096248,41.3634821748734,29.696858997345
"8122002",1999,28.1059558367729,68.4088359045982,7.10603411722183,56.5300923056602,335.786627091408,493.816341041565,113.908666296959,320.726077171326,338.650252780437,59.4997782053947,21.1059819302559,2.12120421409607
"8122002",2000,7.42421474933624,318.710933167934,17.6059949769974,88.6663361492157,83.5754460353851,810.406069995403,136.923732019901,170.756939234734,324.120003913879,76.2572914967537,34.0453276362419,69.4694380116463
"8122002",2001,122.499543364048,26.8332333083153,45.4998303923607,115.181388825417,477.270948171616,274.589885514736,544.725242179871,247.120290942192,47.5149743957519,65.2270295834541,108.075354708195,0.475185751214417
"8122002",2002,1.06060210704803,199.923497178555,131.196480641842,149.650957304478,318.18063211441,251.362699370384,265.256586972713,403.453041521072,229.6203561759,433.362020939827,139.893417919636,29.696858997345
"8122002",2003,36.5907726931572,3.71210737466812,13.2575263381004,65.7573306369782,101.181441012383,506.119325483322,179.665996933937,162.590303010464,206.287109820843,122.393483153343,77.4239538145065,57.0603933591843
"8122002",2004,0.747053291419697,31.0756417365074,92.9087445774078,262.499021494389,29.166557943821,391.680358132839,347.347190058231,125.363169053078,156.969111843109,179.241756091118,97.3632734270096,70.3179196972847
"8122002",2005,17.818115398407,1.06060210704803,60.6664405231476,39.8786392250061,489.361812191963,603.906839753151,235.241547343254,369.61983430624,48.6816367135048,41.8937832283974,127.060132424355,74.5603281254768
"8122002",2006,61.514922208786,14.3181284451485,50.9089011383057,126.529831370831,111.151100818634,426.786287876129,551.619155875683,282.332280896187,187.938693368912,196.74169085741,23.3332463550568,221.135539319515
"8122002",2007,22.8029453015327,67.3482337975502,14.5302488665581,147.529753090382,60.984621155262,187.514452526093,364.635004403114,179.559936723232,80.0754590821266,42.636204703331,16.1211520271301,46.6664927101135
"8122002",2008,9.54541896343231,6.78785348510742,15.3787305521965,104.999608597755,456.271026452065,137.77221370554,329.847255291939,361.983499135494,118.045014514446,75.8330506539345,29.166557943821,9.01511790990829
"8122002",2009,11.4545027561188,26.5150526762009,27.5756547832489,74.7724485468864,413.634821748734,312.347320525646,197.802292964458,385.74098633337,86.5451319351196,161.529700903416,195.150787696838,4.24240842819214
"8122002",2010,25.9847516226768,53.8785870380402,26.3029322547913,27.2574741511345,96.5147917413712,356.15018754673,174.362986398697,261.226298965931,33.4089663720131,43.2725659675598,75.3027496004105,75.8330506539345
"8122003",1981,93.6471022510529,20.5181853246689,49.4540877056122,150.466692380905,577.981497376442,250.427082424164,203.393088372231,177.087722571373,114.060066112518,77.8638827705383,26.8314731168747,21.5703999567032
"8122003",1982,74.1811315584183,61.0284486579895,36.8275121212006,61.5545559740067,407.943612839699,491.910340476036,436.353407904625,226.436588813782,269.261724337578,220.965072727203,112.58696562767,0.420454929447356
"8122003",1983,85.9659354372025,8.94382437229157,0.82595932662963,114.375730502129,180.875695246696,466.657189307213,263.264100934982,205.076631783485,107.746778320313,44.508678935051,15.7832194805145,10.8378107099533
"8122003",1984,29.4620096969605,69.4461657142639,27.9889092121124,67.1312935237884,508.956217514992,271.47137506485,386.057548493385,102.906591012955,182.559238657951,228.435796614647,17.361541428566,0.798766954141936
"8122003",1985,83.651063246727,3.15664389610291,8.94382437229157,167.196905030251,429.408791333199,191.818727419853,249.69053218174,95.7515315151215,180.454809393883,211.916026891708,51.1376311168671,0.883534275428703
"8122003",1986,10.522146320343,30.7246672554016,101.53871199131,198.447679601669,579.7702622509,415.624779653549,95.2254241991043,278.83687748909,74.1811315584183,15.6779980173111,207.286282510757,9.46993168830872
"8122003",1987,0.149955421360072,12.1004682683945,62.7119920692444,49.9801950216293,198.868565454483,158.358302121162,391.739507506371,311.98163839817,144.679511904716,150.992799696922,150.992799696922,14.2048975324631
"8122003",1988,45.7713364934921,0.60596122033787,127.844077792168,140.996760692596,68.3939510822296,286.728487229347,293.041775021553,310.929423766136,56.2934828138351,NA,34.1969755411148,NA
"8122003",1989,22.6226145887375,8.94382437229157,40.7207062597275,0.420885852813721,74.3915744848251,433.617649861336,229.382789783478,192.555277662277,68.3939510822296,44.7191218614578,6.31328779220581,130.474614372253
"8122003",1990,22.0965072727203,48.927980389595,83.1249559307098,102.590926623344,154.675550909042,172.984085506439,135.735687532425,236.748292207718,330.921501774788,60.5023413419724,43.1407999134064,1.0522146320343
"8122003",1991,29.4620096969605,0.86377038068912,24.2009365367889,232.539433679581,494.540877056122,238.852721471787,314.612174978256,127.317970476151,183.085345973969,80.4944193506241,58.9240193939209,142.469861177444
"8122003",1992,0.788025396239148,37.8797267532349,46.2974438095093,154.149443593025,891.962343575478,390.897735800743,139.418438744545,163.093267965317,128.896292424202,121.004682683945,38.9319413852692,71.5505949783325
"8122003",1993,17.361541428566,0.864608036639521,72.6028096103668,167.828233809471,433.091542545319,466.131081991196,364.066262683868,244.113794631958,105.22146320343,152.045014328957,38.9319413852692,17.8876487445831
"8122003",1994,9.46993168830872,3.15664389610291,21.9912858095169,302.511706709862,86.9129286060333,383.4270119133,279.047320415497,60.2918984155655,181.822688415527,146.468276779175,25.3583726320267,49.9801950216293
"8122003",1995,10.522146320343,7.36550242424011,33.1447609090805,209.916819090843,123.529997800827,446.139003982544,411.521142588615,256.74037021637,61.0284486579895,76.811668138504,15.9936624069214,0.225022213895125
"8122003",1996,0.946993168830872,18.9398633766174,123.109111948013,116.690602692604,170.984877705574,236.748292207718,61.5545559740067,265.368530199051,33.1447609090805,89.6486866493225,60.2918984155655,25.1479297056198
"8122003",1997,46.5078867359161,75.2333461904526,7.36550242424011,325.134321298599,193.291827904701,535.156361852646,193.186606441498,127.738856328964,189.819519618988,225.700038571358,109.956429047585,34.0917540779114
"8122003",1998,12.6265755844116,0.0551018887271629,18.6241989870071,127.317970476151,158.358302121162,118.900253419876,78.3899900865555,144.679511904716,88.8069149436951,0.648139907765192,43.6669072294235,36.8275121212006
"8122003",1999,17.8876487445831,50.5063023376465,11.8900253419876,62.1858847532272,291.568674536705,547.25683012104,116.26971683979,307.036229627609,316.716604242325,26.5158087272644,24.2009365367889,3.15664389610291
"8122003",2000,0.526107316017151,198.342458138466,35.7752974891663,68.0782866926193,67.8678437662125,724.344552692413,125.739648528099,304.30047158432,290.411238441467,46.2974438095093,31.0403316450119,58.9240193939209
"8122003",2001,101.012604675293,8.94382437229157,65.3425286493301,92.0687803030014,478.862879038811,347.125607108116,474.022691731453,176.245950865746,45.6661150302887,52.821174528122,99.0133968744278,0.215767743023722
"8122003",2002,7.89160974025726,133.526036805153,116.690602692604,127.212749012947,312.192081324577,256.74037021637,228.856682467461,337.971339809418,228.856682467461,397.631909445763,161.199281627655,27.0419160432816
"8122003",2003,52.6107316017151,0.00384164306975111,14.7310048484802,54.7151608657837,112.060858311653,492.01556193924,127.00230608654,104.169248571396,200.762551792145,120.478575367928,102.064819307327,23.1487219047546
"8122003",2004,0.792101509792252,15.2571121644974,54.3994964761734,251.374075592995,38.0901696796417,316.085275463104,290.937345757484,149.309256285667,128.370185108185,176.245950865746,74.8124603376389,45.7713364934921
"8122003",2005,4.20885852813721,0.87686110979821,40.8259277229309,41.9833638181686,426.778254753113,529.15873845005,233.486426848412,360.593954398155,39.9841560173035,34.723082857132,74.4967959480286,66.289521818161
"8122003",2006,49.9801950216293,9.46993168830872,41.7729208917618,114.691394891739,91.3322300605774,390.371628484726,400.367667489052,231.487219047546,151.518907012939,202.551316666603,7.36550242424011,132.579043636322
"8122003",2007,34.1969755411148,64.1850925540924,11.5743609523773,154.465107982636,58.3979120779037,204.971410320282,215.703999567032,128.370185108185,57.97702622509,49.9801950216293,7.89160974025726,57.8718047618866
"8122003",2008,9.46993168830872,9.46993168830872,8.41771705627441,112.58696562767,448.979983489037,162.88282503891,306.194457921982,367.749013895988,75.7594535064697,34.1969755411148,25.1479297056198,1.04821660589577
"8122003",2009,7.89160974025726,28.4097950649261,30.5142243289948,42.6146925973892,268.946059947968,546.099394025803,161.514946017265,347.23082857132,66.289521818161,44.1930145454407,138.471445575714,1.0522146320343
"8122003",2010,19.9920780086517,92.0687803030014,12.7317970476151,28.9359023809433,69.7618301038742,329.13273690033,337.866118346214,135.735687532425,5.26107316017151,127.423191939354,65.6581930389404,15.0466692380905
"8364001",1981,122.841623060703,11.403019862175,29.5441878247261,92.7791161513329,515.727489221096,115.066836791039,147.202620038986,134.348306739807,62.1982901573181,52.3502275490761,7.25646718502045,17.6228488779068
"8364001",1982,68.9364382576942,25.9159542322159,17.6228488779068,36.2823359251022,242.67699543047,326.022704241276,244.43928031826,166.89874525547,193.33301857233,156.532363562584,86.6629509525299,0.574195334177505
"8364001",1983,29.1295325570107,1.03663816928864,7.36013100194931,72.5646718502045,153.940768139362,221.011257692337,184.625257950306,131.445719865799,67.3814810037613,11.403019862175,0.103663816928864,5.18319084644318
"8364001",1984,24.3609969782829,45.1974241809845,10.3663816928864,35.2456977558136,453.529199063778,185.039913218021,307.36321719408,71.0097145962715,140.568135755539,222.358887312412,17.2081936101913,4.2502164940834
"8364001",1985,53.4905295352936,3.10991450786591,31.0991450786591,92.2607970666885,244.231952684402,204.32138316679,143.574386446476,35.3493615727425,128.543132991791,90.2911845450401,43.7461307439804,0.103663816928864
"8364001",1986,13.9946152853966,15.1349172716141,48.8256577734947,197.686898883343,281.654590595722,287.563428160667,94.0230819544792,193.022027121544,95.7853668422699,53.6978571691513,210.541212182522,2.90258687400818
"8364001",1987,0.367283889746817,2.90258687400818,63.027600692749,63.4422559604645,63.027600692749,137.354557430744,447.82768913269,323.949427902699,142.019429192543,69.4547573423386,16.5862107086182,33.1724214172363
"8364001",1988,41.4655267715454,0.143507549567479,65.6191961159706,58.8810480155945,56.7041078600883,226.505439989567,186.180215204239,199.863839038849,34.209059586525,30.2698345432281,26.4342733168602,27.5745753030777
"8364001",1989,11.9213389468193,1.76228488779068,43.0204840254784,2.79892305707932,86.0409680509567,301.869034896851,175.813833511353,NA,43.3314754762649,35.7640168404579,1.1403019862175,83.4493726277351
"8364001",1990,17.1045297932625,20.1107804841995,112.060586100101,61.9909625234604,81.3760962891579,139.53149758625,114.444853889465,131.238392231941,206.498323322296,64.7898855805397,44.057122194767,0.626492506579817
"8364001",1991,27.2635838522911,5.18319084644318,20.3181081180573,190.63775933218,350.28003740263,126.677184287071,183.277628330231,79.8211390352249,83.7603640785217,NA,29.647851641655,149.275896377563
"8364001",1992,0.920092294132717,11.403019862175,72.4610080332756,99.3099366178512,NA,309.954812617302,78.6808370490074,168.350038692474,120.872010539055,56.8077716770172,18.6594870471954,91.3278227143288
"8364001",1993,5.80517374801636,0.965856652899785,43.5388031101227,116.518130228043,269.11126874733,278.337348453999,203.181081180573,108.847007775307,31.6174641633034,115.066836791039,25.3976351475716,20.7327633857727
"8364001",1994,0.353317795502044,3.10991450786591,15.7569001731873,186.07655138731,118.487742749691,373.189740943909,206.809314773083,23.8426778936386,189.70478497982,88.6325634741783,15.5495725393295,47.6853557872772
"8364001",1995,0.0439999541017706,1.03663816928864,19.1778061318398,135.281281092167,77.2295436120033,191.778061318398,177.783446033001,177.265126948357,14.5129343700409,56.4967802262306,16.5862107086182,0.939114033024579
"8364001",1996,4.14655267715454,11.9213389468193,47.6853557872772,47.1670367026329,79.8211390352249,149.275896377563,54.4235038876534,153.940768139362,12.9579771161079,21.7694015550613,23.8426778936386,12.4396580314636
"8364001",1997,5.70150993108749,36.8006550097465,0.324896300657788,199.552847588062,191.778061318398,300.625069093704,145.129343700409,52.8685466337204,87.5959253048897,113.511879537106,64.7898855805397,13.4762962007523
"8364001",1998,1.03663816928864,11.403019862175,16.0678916239738,14.5129343700409,89.6692016434669,82.4127344584465,44.057122194767,74.3269567379951,94.8523924899101,0.784074052817106,30.0625069093704,24.2573331613541
"8364001",1999,10.3663816928864,25.3976351475716,18.6594870471954,25.9159542322159,133.726323838234,237.390140767097,114.03019862175,206.290995688438,139.946152853966,8.29310535430908,8.8114244389534,26.9525924015045
"8364001",2000,0.186986517459136,102.627178759575,13.0616409330368,53.905184803009,57.0150993108749,358.158487489223,40.4288886022568,124.189252680778,128.543132991791,29.5441878247261,13.4762962007523,50.2769512104988
"8364001",2001,50.2769512104988,9.32974352359772,67.3814810037613,55.460142056942,196.235605446339,119.731708552837,238.94509802103,91.7424779820442,19.6961252164841,19.6961252164841,30.5808259940147,0.277396777885224
"8364001",2002,3.62823359251022,66.863161919117,75.1562672734261,77.7478626966476,209.400910196304,160.678916239738,119.213389468193,267.452647676468,117.140113129616,124.396580314636,76.1929054427147,26.4342733168602
"8364001",2003,11.9213389468193,1.55495725393295,9.84806260824204,21.251082470417,56.4967802262306,332.242533257008,74.6379481887817,48.7219939565659,98.4806260824203,62.7166092419624,66.863161919117,16.0678916239738
"8364001",2004,0.537773038087318,20.7327633857727,67.3814810037613,129.994426428795,42.502164940834,197.479571249485,163.27051166296,54.3198400707245,60.6433329033852,86.559287135601,33.6907405018806,7.77478626966476
"8364001",2005,4.66487176179886,1.03663816928864,18.6594870471954,34.7273786711693,354.011934812069,319.802875225544,60.1250138187408,102.627178759575,21.251082470417,22.80603972435,63.7532474112511,22.80603972435
"8364001",2006,20.2144443011284,6.21982901573181,22.2877206397057,79.8211390352249,83.9676917123795,268.385622028828,270.562562184334,120.250027637482,34.7273786711693,92.7791161513329,10.8847007775307,74.6379481887817
"8364001",2007,16.5862107086182,49.2403130412102,6.21982901573181,101.590540590286,44.057122194767,86.0409680509567,171.563617017269,104.182136013508,49.2403130412102,26.9525924015045,2.07327633857727,20.7327633857727
"8364001",2008,0.736494009557232,2.59159542322159,16.5862107086182,51.3135893797874,356.603530235291,142.537748277187,152.385810885429,219.248972804546,56.4967802262306,38.8739313483238,16.5862107086182,12.4396580314636
"8364001",2009,7.77478626966476,30.0625069093704,9.32974352359772,40.9472076869011,251.903075137138,304.771621770859,133.726323838234,229.097035412788,115.585155875683,97.962306997776,87.0776062202454,18.1411679625511
"8364001",2010,14.3056067361832,52.8685466337204,23.3243588089943,10.8847007775307,83.9676917123795,223.913844566345,277.819029369354,140.982791023254,32.654102332592,47.6853557872772,83.4493726277351,36.8006550097465
"8334002",1981,141.095550646544,9.99727422404289,29.8887579894066,119.555031957626,558.816709719181,77.2985120415688,187.577722554207,99.9727422404289,46.3791072249413,38.6492560207844,6.1838809633255,12.367761926651
"8334002",1982,38.1339326071739,22.6742301988602,13.3984087538719,26.2814940941334,271.781568338156,294.764992585182,211.38566426301,200.770001942635,161.502357825518,95.6440255661011,54.7273465254307,0.360556216178195
"8334002",1983,22.2619714679718,2.06129365444183,7.21452779054642,62.8694564604759,140.683291915655,190.66966303587,163.666716162682,149.959113360643,61.1173568542004,25.3539119496346,0.740053151506907,6.1838809633255
"8334002",1984,20.0976131308079,38.6492560207844,6.1838809633255,34.3205393464565,537.276191030264,165.521880451679,241.892810348749,66.7859144039154,150.78363082242,183.042876514435,22.3650361506939,1.33984087538719
"8334002",1985,50.604759216547,2.57661706805229,32.0531163265705,76.9893179934025,234.266023827314,139.755709771156,107.496464079142,34.5266687119007,129.861500229836,75.2372183871269,41.3289377715588,2.06129365444183
"8334002",1986,12.1616325612068,19.2730956690311,41.9473258678913,207.572271002293,256.115736564398,270.750921510935,101.106453750372,196.235155902863,85.7498160247803,45.6576544458866,187.165463823318,3.60726389527321
"8334002",1987,0.529084710992592,8.76049803137779,45.9668484940529,52.872182236433,187.371593188763,92.0367616708279,367.734787952423,233.029247634649,142.126197473764,74.8249596562385,14.7382496292591,9.48195081043243
"8334002",1988,22.3650361506939,0.756075744120672,19.6853543999195,46.8944306385517,60.9112274887562,209.942758704901,196.441285268307,220.970679756165,37.6186091935635,25.2508472669125,28.3427877485752,28.8581111621857
"8334002",1989,12.8830853402615,4.12258730888367,40.6074849925041,NA,80.8027112541199,283.427877485752,NA,NA,53.3875056500435,33.702151250124,9.68808017587662,116.050832745075
"8334002",1990,7.21452779054642,24.2202004396915,105.125976376534,69.2594667892456,142.744585570097,96.0562842969894,110.588404560804,148.413143119812,144.290555810928,59.6744512960911,33.5990865674019,2.88581111621857
"8334002",1991,27.3121409213543,7.21452779054642,23.7048770260811,135.530057779551,374.743186377525,144.908943907261,192.215633276701,93.6857965943813,68.2288199620247,46.3791072249413,63.0755858259201,88.3264330928326
"8334002",1992,0.698196521557988,17.0056726491451,38.236997289896,97.3961251723766,507.387433040857,NA,88.2233684101105,172.118020145893,111.412922022581,44.3178135704994,17.3148666973114,83.8946517357826
"8334002",1993,12.5738912920952,0.172994394711175,39.9890968961716,101.724841846704,379.587226465464,243.747974637747,168.51075625062,NA,NA,NA,20.3037424962521,19.5822897171974
"8334002",1994,0.309194048166275,0.206129365444183,21.2313246407509,144.908943907261,119.864226005793,254.363636958122,230.864889297485,31.434728230238,145.83652605176,87.0896569001675,13.3984087538719,34.0113452982903
"8334002",1995,3.60726389527321,0.980317118237653,9.27582144498825,122.131649025679,48.1312068312168,205.304847982407,214.992928158283,211.591793628454,21.1282599580288,57.5100929589272,22.8803595643043,0.820817666625242
"8334002",1996,3.60726389527321,13.9137321674824,34.6297333946228,79.3598056960106,84.6161045148373,163.872845528126,53.6966996982098,210.664211483955,19.8914837653637,17.7271254281998,40.4013556270599,29.3734345757961
"8334002",1997,19.8914837653637,31.9500516438484,1.03064682722092,237.357964308977,209.942758704901,311.770665234327,208.809047194958,67.50736718297,108.011787492752,152.432665745974,97.9114485859871,12.0585678784847
"8334002",1998,2.06129365444183,12.367761926651,9.58501549315453,78.3291588687897,115.226315283298,109.763887099028,63.2817151913643,96.4685430278778,86.7804628520012,0.347628292008322,24.735523853302,7.93598056960106
"8334002",1999,12.367761926651,13.9137321674824,12.367761926651,25.2508472669125,145.321202638149,353.099603005886,166.449462596178,278.89303144598,196.13209122014,17.6240607454777,7.31759247326851,41.8442611851692
"8334002",2000,0.515323413610458,116.978414889574,15.4597024083138,49.7802417547703,71.3207604436874,546.758141840696,89.3570799200535,173.045602290392,236.430382164478,38.1339326071739,13.3984087538719,55.139605256319
"8334002",2001,63.9001032876968,6.69920437693596,96.3654783451557,47.4097540521622,362.478489133596,188.093045967817,416.999706293583,157.17364115119,28.6519817967415,45.1423310322762,59.6744512960911,0.607492347076856
"8334002",2002,7.72985120415688,54.9334758908749,119.348902592182,76.6801239452362,272.709150482655,157.379770516634,159.234934805632,328.776337883472,136.045381193161,190.154339622259,104.610652962923,30.9194048166275
"8334002",2003,14.4290555810928,1.54597024083138,21.7466480543613,31.9500516438484,56.17025208354,389.584500689507,94.8195081043243,76.2678652143478,145.83652605176,63.3847798740864,77.8138354551792,12.8830853402615
"8334002",2004,0.70898992438079,12.367761926651,62.0449389986992,123.67761926651,23.1895536124706,234.575217875481,173.973184434891,94.6133787388802,72.3514072709084,89.5632092854977,30.3010167202949,17.6240607454777
"8334002",2005,5.15323413610458,0.515323413610458,24.9416532187462,22.1589067852497,316.717770004988,380.617873292685,141.92006810832,196.441285268307,64.3123620185852,26.4876234595776,30.3010167202949,51.9446000919342
"8334002",2006,34.0113452982903,11.4401797821522,22.7772948815823,137.282157385826,149.340725264311,304.246943395615,324.756815257311,222.516649996996,61.5296155850887,91.3153088917732,14.635184946537,77.2985120415688
"8334002",2007,22.1589067852497,40.7105496752262,8.24517461776733,136.97296333766,52.3568588228226,132.335052615166,151.092824870586,152.74185979414,63.0755858259201,24.735523853302,4.32871667432785,21.0251952753067
"8334002",2008,3.09194048166275,2.06129365444183,10.2034035894871,65.6522028939724,348.667821648836,130.06762959528,222.001326583385,228.494401594877,78.741417599678,15.4597024083138,44.936201666832,6.49307501149178
"8334002",2009,3.29806984710693,4.9471047706604,2.78274643349648,19.4792250344753,213.962281331062,278.89303144598,98.6329013650417,242.202004396915,86.6773981692791,117.184544255018,69.7747902028561,8.24517461776733
"8334002",2010,14.4290555810928,84.5130398321152,23.1895536124706,11.8524385130405,76.7831886279583,217.260351178169,236.327317481756,163.769780845404,30.7132754511833,41.7411965024471,37.2063504626751,30.0948873548508
"8319002",1981,NA,NA,NA,NA,NA,NA,NA,NA,NA,NA,NA,NA
"8319002",1982,NA,NA,NA,NA,NA,NA,NA,NA,NA,NA,NA,NA
"8319002",1983,NA,NA,NA,NA,NA,NA,NA,NA,NA,NA,NA,NA
"8319002",1984,NA,NA,NA,NA,NA,NA,NA,NA,NA,NA,NA,NA
"8319002",1985,25.9355150896311,4.57685560405254,34.5806867861748,101.809610214591,246.743371009588,163.241183211207,147.984997864366,53.3966487139463,130.694654471278,95.4020123689175,39.1575423902273,0.547137725401725
"8319002",1986,8.95029540348053,18.8159619277716,62.5503599220514,198.838949020505,269.525941127539,270.339604346037,114.421390101314,214.603673878908,81.8748613613844,59.4991228526831,200.364567555189,7.42467686879635
"8319002",1987,0.928007090106069,5.08539511561394,48.8197931098938,41.7002399480343,182.057145138979,113.912850589752,371.132135537505,259.355150896311,132.220273005962,80.8577823382616,31.5294497168064,35.0892262977362
"8319002",1988,21.8671989971399,0.776247150328483,20.3415804624557,64.0759784567356,65.6015969914198,202.297017699122,184.599842696786,240.539188968539,29.4952916705608,40.1746214133501,37.1233843439817,30.5123706936836
"8319002",1989,14.239106323719,1.01707902312279,40.6831609249115,3.55977658092976,98.6566652429104,336.653156653643,164.766801745892,156.121630049348,52.8881092023849,41.7002399480343,6.10247413873673,132.220273005962
"8319002",1990,220.706148017645,29.4952916705608,107.301836939454,69.1613735723495,128.660496425033,107.810376451015,130.79636237359,164.25826223433,160.6984856534,72.7211501532793,NA,3.05123706936836
"8319002",1991,20.8501199740171,14.239106323719,21.3586594855785,158.257495997906,414.459701922536,134.254431052208,218.163450459838,101.199362800717,72.2126106417179,NA,52.3795696908236,144.425221283436
"8319002",1992,NA,NA,45.7685560405254,115.438469124436,517.184683257937,204.43288364768,114.624805905938,147.374750450492,137.814207633138,60.5162018758059,33.0550682514906,136.797128610015
"8319002",1993,12.2049482774735,0.457123624062884,55.4308067601919,124.592180332541,369.199685393572,278.171112824082,297.495614263415,160.189946141839,25.4269755780697,97.6395862197876,28.478212647438,18.3074224162102
"8319002",1994,10.6793297427893,0.143773955635366,25.4269755780697,107.301836939454,NA,256.303913826942,245.624584084153,37.6319238555431,104.555723577023,101.606194409966,14.239106323719,39.1575423902273
"8319002",1995,2.03415804624558,0.716045012085467,22.8842780202627,123.778517114043,50.4471195468903,237.691367703795,229.147903909564,197.821869997382,28.7833363543749,68.1442945492268,20.8501199740171,0.101707902312279
"8319002",1996,3.05123706936836,17.7988829046488,42.7173189711571,91.0285725694895,85.4346379423142,165.377049159765,58.7871675364971,172.191478614688,25.2235597734451,15.8664327607155,44.2429375058413,22.8842780202627
"8319002",1997,24.816728164196,30.5123706936836,0.211007416462949,203.924344136119,227.317161667943,306.64932547152,220.706148017645,56.4478857833147,123.575101309419,131.20319398284,101.199362800717,3.05123706936836
"8319002",1998,2.54269755780697,12.2049482774735,6.10247413873673,75.2638477110863,99.3686205590963,132.728812517524,78.0099610735178,97.6395862197876,90.5200330579281,0.508539511561394,29.4952916705608,4.57685560405254
"8319002",1999,3.55977658092976,6.30588994336128,3.05123706936836,34.6823946884871,161.207025164962,369.708224905133,168.835117838383,282.747968428135,170.360736373067,5.69564252948761,2.03415804624558,66.1101365029812
"8319002",2000,0.810323343118167,107.301836939454,20.3415804624557,51.8710301792622,51.8710301792622,474.975903798342,74.7553081995249,238.505030922294,217.654910948277,30.5123706936836,21.155243680954,47.802714086771
"8319002",2001,38.6490028786659,40.1746214133501,86.9602564769983,60.5162018758059,342.755630792379,191.821103760958,369.199685393572,149.002076887488,33.0550682514906,41.2934083387852,NA,0.600809570552706
"8319002",2002,21.3586594855785,60.0076623642445,132.220273005962,100.182283777595,216.637831925154,130.186114959717,157.647248584032,319.362813260555,162.834351601958,249.184360665083,82.8919403845072,26.2406387965679
"8319002",2003,15.2561853468418,2.54269755780697,24.816728164196,24.9184360665083,54.9222672486305,410.391385830045,105.77621840477,66.6186760145426,170.869275884628,83.4004798960686,71.1955316185951,11.6964087659121
"8319002",2004,0.694050666790648,17.2903433930874,58.9905833411217,135.271510075331,27.4611336243153,244.098965549469,165.783880769014,202.398725601435,75.2638477110863,126.117798867226,48.8197931098938,4.06831609249115
"8319002",2005,7.11955316185951,1.01707902312279,46.7856350636482,27.4611336243153,324.448208376169,363.097211254835,135.271510075331,180.226402897358,49.8368721330166,35.5977658092976,26.9525941127539,52.8881092023849
"8319002",2006,38.6490028786659,10.1707902312279,29.4952916705608,132.220273005962,143.408142260313,290.376061101556,315.294497168064,169.852196861506,84.7226826261282,99.5720363637209,12.2049482774735,83.90901940763
"8319002",2007,22.3757385087013,50.8539511561394,20.3415804624557,125.609259355664,70.1784525954723,153.578932491541,182.057145138979,157.647248584032,62.04182041049,24.4098965549469,6.10247413873673,34.5806867861748
"8319002",2008,0.508539511561394,4.57685560405254,5.08539511561394,60.0076623642445,316.718407800436,276.645494289398,278.171112824082,278.679652335644,32.0379892283678,24.6133123595715,38.6490028786659,10.6793297427893
"8319002",2009,2.03415804624558,7.62809267342091,4.06831609249115,40.6831609249115,285.595789692879,273.59425722003,87.2653801839352,269.525941127539,84.9260984307528,127.134877890348,57.4649648064375,5.08539511561394
"8319002",2010,NA,85.4346379423142,32.5465287399292,8.64517169654369,35.394350004673,245.116044572592,224.774464110136,125.710967257977,29.0884600613117,54.9222672486305,73.2296896648407,32.5465287399292
"8318002",1981,269.829761961222,19.6202276206017,45.5395809509754,133.107754752398,558.247107984066,173.793910976172,207.148297931194,197.647977188587,85.0898292598724,100.166425220966,13.5276306226254,32.9413295314312
"8318002",1982,73.3176926875114,42.6481789858341,23.2344800770283,40.1698344442844,419.872871080875,426.378525502443,301.94497664547,168.630693181276,255.682545203209,217.991055300474,109.253688539982,0.476787321114939
"8318002",1983,40.4796275119782,1.44570098257065,7.02197620105743,114.313641978979,209.213585049152,303.803735051632,210.349492964029,190.62600098753,91.6987480373382,83.9539213449955,1.03264355897903,7.22850491285324
"8318002",1984,51.9419710166454,62.9912570977211,25.8160889744759,35.4196740729809,547.71414368248,255.992338270903,362.148096133947,118.237687503099,187.011748531103,295.749115291595,32.7348008196354,12.80478013134
"8318002",1985,69.3936471633911,8.26114847183227,53.9039937787056,143.33092598629,331.168789364576,224.08365229845,196.718597985506,74.0405431787968,135.276306226253,160.885866488934,70.4262907223702,3.0979306769371
"8318002",1986,6.60891877746582,35.5229384288788,88.807346072197,211.691929590702,286.765116328478,354.196740729809,111.31897565794,278.917025280237,73.4209570434093,74.9699223818779,253.617258085251,21.6855147385597
"8318002",1987,0.756902061761466,13.6308949785233,62.3716709623337,66.8120382659435,237.714547276974,173.071060484886,409.752964202881,350.995545696974,129.286973584175,130.319617143154,32.3217433960438,20.9626642472744
"8318002",1988,44.3004086802006,0.760812390038231,36.1425245642662,107.498194489717,76.2090946526527,283.563921295643,217.371469165087,330.962260652781,50.5995343899727,101.199068779945,35.1098810052872,53.2844076433182
"8318002",1989,13.940688046217,4.13057423591614,43.7840869007111,8.67420589542389,99.1337816619873,422.764273046017,214.996388979435,222.947744383574,63.8173719449043,49.8766838986874,17.0386187231541,160.05975164175
"8318002",1990,18.0712622821331,42.751443341732,110.596125166655,96.1391153409481,148.494143781185,177.614692144394,162.02177440381,206.631976151705,221.295514689207,74.7633936700821,45.1265235273838,5.67953957438469
"8318002",1991,22.9246870093346,10.3264355897903,21.6855147385597,199.506735594749,471.918106453419,211.175607811213,266.525302572489,116.172400385141,134.346927023172,86.638794598341,55.65948782897,193.723931664467
"8318002",1992,0.00467900682661765,25.8160889744759,63.9206363008022,160.163015997648,731.524697180748,398.290620698214,167.081727842808,183.190967362881,151.179017034531,127.944536957502,43.887351256609,153.037775440693
"8318002",1993,29.4303414309025,2.06528711795807,92.4215985286236,188.66397822547,450.955442206144,402.214666222334,386.415219769955,217.887790944576,46.3656957981586,122.471526094913,57.8280393028259,33.7674443786144
"8318002",1994,2.06528711795807,3.92404552412033,51.4256492371559,226.768525551796,135.689363649845,362.664417913437,295.955644003391,74.7633936700821,197.338184120893,202.811194983482,54.1105224905014,82.0951629388332
"8318002",1995,9.60358509850502,4.13057423591614,42.2351215622425,150.972488322735,52.2517640843391,317.641158741951,346.451914037466,264.150222386837,59.893326420784,83.0245421419144,22.2018365180492,0.206528711795807
"8318002",1996,4.13057423591614,27.778111736536,57.4149818792343,136.102421073437,144.260305189371,241.741857156992,49.6701551868916,244.116937342644,48.5342472720146,45.5395809509754,70.2197620105743,18.2777909939289
"8318002",1997,33.3543869550228,66.0891877746582,0.103264355897903,303.597206339836,182.468116871595,395.089425665379,226.975054263592,138.580765614986,175.136347602844,192.58802374959,112.351619216919,32.8380651755333
"8318002",1998,3.51098810052872,0.30979306769371,11.772136572361,43.887351256609,136.205685429335,112.351619216919,88.807346072197,140.646052732944,86.9485876660347,0.0409839855255604,28.7074909396172,14.5602741816044
"8318002",1999,25.2997671949863,26.8487325334549,6.29912570977211,52.5615571520328,200.95243657732,443.004086802006,112.971205352306,298.640517256737,251.035649187803,38.7241334617138,12.5982514195442,110.389596454859
"8318002",2000,13.940688046217,119.580124129772,32.9413295314312,92.3183341727257,76.7254164321423,649.636062953711,116.688722164631,253.927051152945,245.459373969316,50.9093274576664,38.1045473263264,70.7360837900639
"8318002",2001,57.3117175233364,19.8267563323975,102.231712338924,84.0571857008934,387.757656396627,213.447423640966,450.232591714859,166.255612995625,54.9366373376846,58.4476254382134,83.0245421419144,0.175591109400653
"8318002",2002,10.9460217251778,136.308949785233,143.124397274494,130.629410210848,261.258820421696,157.271614032507,200.436114797831,322.081526045561,181.848530736208,286.66185197258,134.96651315856,42.1318572063446
"8318002",2003,34.4902948698997,4.23383859181404,23.1312157211304,36.0392602083683,74.9699223818779,345.935592257977,122.471526094913,97.4815519676209,173.174324840784,63.8173719449043,78.5841748383045,35.5229384288788
"8318002",2004,1.02332441437341,14.7668028934002,78.9972322618961,200.436114797831,17.3484117908478,292.238127191067,230.176249296427,144.570098257065,127.634743889809,170.695980299234,72.9046352639198,20.2398137559891
"8318002",2005,22.3051008739471,0.103264355897903,35.9359958524704,33.5609156668186,436.601696736336,487.097966770411,164.809912013054,251.138913543701,70.4262907223702,38.3110760381222,87.3616450896263,66.7087739100456
"8318002",2006,60.2031194884777,31.9086859724522,38.9306621735096,126.395571619034,121.851939959526,384.866254431486,405.106068187475,238.024340344667,130.835938922644,151.798603169918,8.05461976003647,194.343517799854
"8318002",2007,40.4796275119782,68.9805897397995,8.8807346072197,114.107113267183,54.9366373376846,194.033724732161,246.2854888165,158.304257591486,50.7027987458706,31.9086859724522,7.22850491285324,40.1698344442844
"8318002",2008,1.85875840616226,18.3810553498268,13.5276306226254,80.1331401767731,299.982953883409,185.256254480839,288.210817311049,271.481991655588,82.9212777860165,35.316409717083,24.0605949242115,14.5602741816044
"8318002",2009,3.20119503283501,20.8593998913765,16.1092395200729,26.0226176862717,309.896332049608,262.394728336573,113.487527131796,316.608515182972,84.470243124485,172.761267417192,123.813962721586,15.3863890287876
"8318002",2010,37.6914899027348,83.9539213449955,21.4789860267639,13.2178375549316,86.2257371747494,295.5425865798,285.009622278213,192.794552461386,12.9080444872379,73.5242213993073,95.209736137867,74.2470718905926
"8332002",1981,212.431716383696,12.6036042256355,36.5911090421677,117.193190904498,539.312290493727,114.448857726336,213.956345927119,109.671685156941,59.6638361326456,41.3682816115618,0.84488556830624,20.8366037601233
"8332002",1982,42.7912691854239,28.1548255685568,19.1086902775764,38.0140966160297,299.945452176213,276.059589329243,253.291788147449,229.812493178725,174.01105188942,106.927351978779,52.6505402328968,0.283376638252643
"8332002",1983,9.75762907791138,6.60672802150249,7.62314771711826,68.9132553627491,167.810891746163,212.126790475011,149.921905103326,156.02042327702,60.2736879500151,36.2861831334829,0.997045346743695,5.59030832588673
"8332002",1984,37.2009608595371,41.1649976724386,28.4597514772415,30.1876649597883,588.405361791968,184.175248845577,262.541207377553,98.7959944138527,127.763955738902,204.097074879646,14.1282337690592,13.924949829936
"8332002",1985,61.0868237065077,4.57388863027096,35.9812572247982,139.24949829936,243.940726947784,151.853102524996,133.45590603435,70.7428108148575,141.688905568838,120.852301808715,47.7717256939411,7.11493786931038
"8332002",1986,9.6559871083498,18.6004804297686,64.4410087020397,219.953222131252,252.173726482272,339.382536366105,95.9500192661285,188.037643688917,89.7498591228724,67.3886258193254,202.064235488415,18.9054063384533
"8332002",1987,0.851504740423035,5.08209847807884,65.2541444585323,67.490267788887,224.018900913715,127.662313769341,360.32078209579,235.606085443735,103.573166983247,88.3268715490103,26.6301960251331,33.3385660161972
"8332002",1988,26.2236281468868,0.0825292842307101,20.0234680036306,58.139206589222,53.4636759893894,225.441888487577,182.752261271715,268.029873733878,42.3847013071775,42.4863432767391,NA,31.4073685945272
"8332002",1989,17.4824187645912,1.21970363473892,46.1454541809559,8.43628347361088,102.048537439823,367.842287843347,177.568520824075,173.604484011173,NA,25.9187022382021,10.8756907430887,180.312854002237
"8332002",1990,17.5840607341528,32.423788290143,NA,80.0938720145225,131.321424673557,129.186943312764,135.590387395144,164.761632659316,169.233879320025,44.2142567592859,48.6865034199953,2.33776529991627
"8332002",1991,20.9382457296848,10.1641969561577,20.6333198210001,154.292509794474,427.302840036869,154.902361611843,280.633477959514,104.284660770178,89.0383653359413,71.9625144495964,26.3252701164484,116.481697117567
"8332002",1992,0.813135756492615,16.9742089167833,52.5488982633352,127.255745891094,612.799434486747,349.241807413578,101.743611531138,155.715497368336,143.416819051385,95.4418094183207,26.42691208601,92.0876244227886
"8332002",1993,22.0563073948622,0.280038360187155,46.7553059983253,122.4785733217,391.829792659879,294.863353698134,257.967318747282,156.63027509439,24.6989986034632,83.8546248883009,28.5613934468031,26.2236281468868
"8332002",1994,0.737160841083209,1.62627151298523,34.7615535900593,115.871845300198,92.0876244227886,319.968920179844,288.663193554878,35.9812572247982,137.115016938567,107.943771674395,40.9617137333155,57.5293547718525
"8332002",1995,7.0132958997488,0.0336461413814103,24.1907887556553,124.40977074337,46.0438122113943,257.560750869036,235.91101135242,240.586541952252,35.9812572247982,68.8116133931875,16.0594311907291,0.659250759963804
"8332002",1996,2.54104923903942,21.6497395166159,60.6802558282614,81.2119336796999,99.4058462312222,197.083778979898,41.4699235811233,206.638124118686,23.8858628469706,22.1579493644238,60.9851817369461,7.82643165624142
"8332002",1997,20.9382457296848,40.5551458550692,0.406567878246307,252.478652390957,191.900038532257,302.486501415253,244.448936795592,80.1955139840841,134.370683760405,160.594311907291,86.9038839751482,34.1517017726898
"8332002",1998,2.84597514772415,3.04925908684731,16.3643570994139,79.7889461058378,122.783499230385,112.924228182912,82.3299953448772,101.235401683331,127.459029830217,0.406567878246307,21.853023455739,8.94449332141876
"8332002",1999,25.4104923903942,14.2298757386208,7.82643165624142,28.9679613250494,160.49266993773,397.928310833573,158.154904637814,276.669441146612,203.080655184031,21.4464555774927,10.7740487735271,75.1134155060053
"8332002",2000,1.52462954342365,99.5074882007837,18.2955545210838,73.5887859625816,80.6020818623304,515.426427646756,111.50124060905,229.507567270041,219.648296222568,29.781097081542,14.7380855864286,37.9124546464682
"8332002",2001,41.1649976724386,11.6888264995813,89.7498591228724,55.3948734110594,336.333277279258,187.834359749794,425.676568523884,166.692830080986,42.994553124547,41.9781334289312,68.4050455149412,0.0707498221995559
"8332002",2002,23.0727270904779,72.3690823278427,94.3237477531433,93.8155379053354,242.416097404361,145.246374503493,164.456706750631,300.860229902267,165.066558568001,221.884419552922,131.321424673557,39.1321582812071
"8332002",2003,16.1610731602907,1.52462954342365,29.4761711728573,34.8631955596209,51.1259106894732,388.882175542593,109.874969096065,88.631797457695,158.459830546498,76.6380450494289,84.0579088274241,21.5480975470543
"8332002",2004,0.765667917542997,17.8889866428375,77.2478968667984,136.708449060321,30.4925908684731,266.301960251331,164.253422811508,132.337844369173,107.740487735271,141.993831477523,35.4730473769903,29.6794551119804
"8332002",2005,9.45270316922665,0.519059693826394,50.7193428112268,23.3776529991627,369.265275417209,394.980693716288,142.806967234015,192.916458227873,53.9718858371973,27.3416898120642,63.1196630977392,52.7521822024584
"8332002",2006,27.138405872941,18.6004804297686,28.0531835989952,102.150179409385,167.60760780704,349.34344938314,308.381735649824,186.513014145494,72.775650206089,108.451981522203,13.0101721038818,88.4285135185718
"8332002",2007,36.0828991943598,68.5066874845028,2.94761711728573,145.551300412178,74.3002797495127,142.502041325331,186.614656115055,182.650619302154,66.3722061237097,26.42691208601,13.5183819516897,36.2861831334829
"8332002",2008,3.55746893465519,0.203283939123154,11.1806166517735,69.9296750583649,371.399756778002,159.069682363868,237.537282865405,291.915736580849,70.7428108148575,26.3252701164484,53.0571081111431,10.0625549865961
"8332002",2009,8.53792544317245,13.4167399821281,2.54104923903942,23.4792949687243,277.279292963982,296.184699302435,137.013374969006,603.143447378397,88.9367233663797,145.348016473055,105.910932283163,7.82643165624142
"8332002",2010,18.8037643688917,91.985982453227,32.7287141988277,5.285382417202,72.4707242974043,243.839084978223,240.078332104444,188.749137475848,23.5809369382858,41.2666396420002,60.2736879500151,54.9883055328131
"8358002",1981,137.094268727303,9.1396179151535,13.4406145811081,112.901162481308,531.710712828636,69.8911958217621,188.168604135513,115.266710647583,24.7307308292389,14.0857640810013,0.537624583244324,13.9782391643524
"8358002",1982,82.7941858196259,11.2901162481308,4.73109633255005,26.236079662323,329.348819695473,315.693155281067,298.274118783951,189.781477885246,201.501693799973,1.07524916648865,27.848953412056,0.849327396621698
"8358002",1983,16.2362624139786,10.8600165815353,13.9782391643524,50.4291859083176,158.16915239048,165.803421472549,152.900431474686,239.888089043617,113.223737231255,14.9459634141922,0.611266988654753,0.107524916648865
"8358002",1984,14.0857640810013,25.3758803291321,6.88159466552734,24.8382557458878,560.74244032383,211.931610714912,349.886078775406,74.2997174043655,152.362806891441,133.115846811295,33.9778736610413,5.91387041568756
"8358002",1985,30.8596510782242,0.752674416542053,44.6228404092789,49.9990862417221,295.908570617676,203.65219213295,185.803055969238,24.5156809959412,115.266710647583,84.4070595693588,26.6661793289185,1.50534883308411
"8358002",1986,18.0641859970093,19.9996344966888,14.4083388309479,189.996527718544,316.983454280853,246.877208625793,105.696993065834,230.855996045113,96.2348004007339,44.3002656593323,116.772059480667,8.06436874866486
"8358002",1987,0.0502773482584805,7.41921924877167,82.3640861530304,40.9669932432175,135.803969727516,86.4500329856873,589.344068152428,200.426444633484,83.6543851528168,54.6226576576233,10.7524916648865,10.7524916648865
"8358002",1988,20.3222092466354,0.568838750203301,21.3974584131241,30.214501578331,35.4832224941254,167.953919805527,237.845115627289,254.941577374458,29.6768769950867,18.1717109136581,21.5049833297729,6.55901991558075
"8358002",1989,11.2901162481308,0.107524916648865,19.2469600801468,0.645149499893188,38.4939201602936,283.435680286407,230.318371461868,179.566610803604,51.2893852415085,24.9457806625366,2.15049833297729,90.4284549016952
"8358002",1990,3.01069766616821,23.1178570795059,71.0739699048996,87.9553818187714,146.7715112257,69.3535712385178,130.105149145126,201.071594133377,137.846943143845,72.0416941547394,8.27941858196259,0.821415849453927
"8358002",1991,NA,NA,NA,NA,NA,NA,NA,NA,NA,NA,NA,NA
"8358002",1992,NA,NA,NA,NA,NA,NA,NA,NA,NA,NA,NA,NA
"8358002",1993,NA,NA,NA,NA,NA,NA,NA,NA,NA,NA,NA,NA
"8358002",1994,NA,NA,NA,NA,NA,NA,NA,NA,NA,NA,NA,NA
"8358002",1995,NA,NA,NA,NA,NA,NA,NA,NA,NA,NA,NA,NA
"8358002",1996,0.195814087788375,18.279235830307,27.0962789955139,52.1495845746994,79.3533884868622,193.652374884605,139.24476706028,284.18835470295,9.03209299850464,6.98911958217621,30.6446012449265,30.6446012449265
"8358002",1997,13.8707142477036,15.6986378307343,3.76337208271027,152.792906558037,237.415015960693,410.422606848717,191.501876551628,146.879036142349,160.964800223351,184.620281886101,60.9666277399063,13.9782391643524
"8358002",1998,1.18277408313751,2.15049833297729,10.5374418315887,73.8696177377701,279.134683620453,198.275946300507,54.085033074379,85.4823087358475,62.2569267396927,0.537624583244324,12.0427906646729,2.79564783287048
"8358002",1999,8.27941858196259,8.92456808185577,21.3974584131241,23.0103321628571,191.716926384926,293.973122117996,168.59906930542,256.124351457596,132.793272061348,19.1394351634979,4.83862124919891,9.67724249839783
"8358002",2000,2.15049833297729,71.7191194047928,12.1503155813217,34.6230231609345,112.793637564659,777.727722121239,59.7838536567688,117.632258813858,245.156809959412,21.7200331630707,27.5263786621094,15.0534883308411
"8358002",2001,46.4507639923096,0.107524916648865,70.1062456550598,27.848953412056,264.726344789505,235.479567461014,583.860297403336,179.459085886955,63.2246509895325,22.257657746315,21.3974584131241,0.895126490771145
"8358002",2002,2.47307308292389,22.6877574129105,97.7401492338181,47.6335380754471,410.960231431961,153.545580974579,235.80214221096,316.983454280853,142.900614226341,221.501328296661,64.1923752393723,24.8382557458878
"8358002",2003,8.17189366531372,0.850046015019871,11.935265748024,35.0531228275299,117.41720898056,501.388686333656,116.664534564018,63.5472257394791,154.298255391121,84.7296343193054,115.266710647583,5.05367108249664
"8358002",2004,0.451220747419918,23.6554816627502,130.642773728371,115.696810314178,21.9350829963684,246.554633875847,353.32687610817,170.857092555046,90.2134050683975,74.5147672376633,42.149767326355,29.0317274951935
"8358002",2005,1.07524916648865,0.702067042335333,36.6659965772629,34.4079733276367,460.959317673683,371.606111938477,251.178205291748,198.706045967102,71.8266443214416,23.9780564126968,60.3214782400131,32.9026244945526
"8358002",2006,33.8703487443924,2.68812291622162,17.8491361637115,128.922375061989,223.54430171299,438.164035344124,281.930331453323,254.188902957916,41.2895679931641,55.9129566574097,5.91387041568756,40.8594683265686
"8358002",2007,20.9673587465286,34.0853985776901,1.61287374973297,213.329434631348,68.4933719053269,154.513305224419,113.116212314606,210.426261881828,104.406694066048,28.601627828598,14.1932889976501,15.0534883308411
"8358002",2008,4.51604649925232,3.44079733276367,2.15049833297729,77.5254649038315,479.131028587341,96.1272754840851,325.262872862816,342.466859526634,50.9668104915619,13.6556644144058,25.2683554124832,9.03209299850464
"8358002",2009,5.59129566574097,19.6770597467422,0.820788977671128,9.99981724834442,199.781295133591,361.498769773483,165.050747056007,299.564417783737,57.0957307405472,99.1379731502533,64.6224749059677,6.98911958217621
"8358002",2010,7.09664449882507,71.8266443214416,15.2685381641388,1.07524916648865,49.6765114917755,322.144650279999,294.403221784592,265.694069039345,23.2253819961548,41.7196676597595,32.0424251613617,27.0962789955139
"8317003",1981,404.392233844757,31.2191637039185,101.670409795761,165.357503751755,743.224223911285,275.248959989548,241.428199310303,199.282328310013,106.561412109375,158.177096099854,37.4629964447021,54.113217086792
"8317003",1982,74.405673494339,74.405673494339,30.6988443088532,70.7634377288818,387.533885444641,540.611851472855,584.31868065834,251.834587211609,327.072771738052,288.56913650322,161.299012470245,0.611999848434128
"8317003",1983,115.510905704498,3.12191637039185,7.28447153091431,199.282328310013,257.558100557327,384.516032953262,293.980458211899,201.363605890274,107.706114778519,155.055179729462,1.04063879013062,23.9346921730042
"8317003",1984,62.9586468029022,99.9013238525391,50.4709813213348,40.7930405731201,621.781677103043,382.955074768066,443.312124595642,169.103803396225,221.96825393486,373.381197898865,60.2529859485626,18.7314982223511
"8317003",1985,93.1371717166901,6.764152135849,60.6692414646149,200.843286495209,494.823744707108,308.549401273727,242.676965858459,121.754738445282,165.461567630768,210.313099485397,95.7387686920166,5.72351334571838
"8317003",1986,15.0892624568939,56.1944946670532,111.348350543976,287.21630607605,450.596596126556,457.360748262405,129.039209976196,351.319655548096,99.0688128204346,96.2590880870819,349.134314088821,51.5116201114655
"8317003",1987,0.532252116351164,8.32511032104492,106.665475988388,121.650674566269,233.207152868271,289.297583656311,405.84912815094,398.04433722496,176.492338806152,205.422097171783,54.113217086792,29.2419500026703
"8317003",1988,74.405673494339,0.129760533288028,62.4383274078369,134.762723321915,121.234419050217,366.721109642029,255.476822977066,406.889766941071,79.0885480499268,145.377238981247,41.6255516052246,78.0479092597961
"8317003",1989,18.9396259803772,16.1299012470245,70.7634377288818,28.0972473335266,116.23935285759,617.931313579559,276.289598779678,333.004412841797,66.6008825683594,52.0319395065308,30.6988443088532,283.053750915527
"8317003",1990,7.28447153091431,86.3730195808411,161.299012470245,185.025576885223,240.907879915237,285.135028495789,197.513242366791,298.143013372421,322.806152698517,76.4869510746002,88.4542971611023,13.7364320297241
"8317003",1991,30.1785249137878,8.32511032104492,39.8564656620026,268.276680095673,671.420147392273,298.143013372421,370.467409286499,127.998571186066,194.703517633438,113.741819761276,87.4136583709717,279.099323513031
"8317003",1992,0.68638505628089,35.589846622467,80.6495062351227,288.25694486618,922.318159692764,526.563227806091,249.232990236282,218.013826532364,188.875940408707,237.785963544846,74.7178651313782,161.819331865311
"8317003",1993,47.9734482250214,1.04063879013062,124.148207662582,253.91586479187,608.045245073318,630.106787424088,569.749737596512,308.549401273727,108.226434173584,161.299012470245,93.8656188697815,71.4918848819733
"8317003",1994,7.28447153091431,9.26168523216248,77.6316537437439,291.899180631638,184.401193611145,581.196764287949,430.824459114075,85.8527001857758,269.21325500679,245.07043507576,84.9161252746582,132.473317983627
"8317003",1995,23.9346921730042,11.759218328476,84.8120613956451,213.851271371841,157.656776704788,516.67715929985,521.360033855438,341.849842557907,81.6901450252533,95.7387686920166,31.9476108570099,0.435406569174649
"8317003",1996,5.93164110374451,32.7801218891144,132.161126346588,193.558814964294,240.387560520172,301.785249137878,65.5602437782288,271.606724224091,85.1242530326843,77.0072704696655,105.624837198257,21.0209035606384
"8317003",1997,74.9259928894043,99.9013238525391,1.56095818519592,446.434040966034,205.005841655731,544.254087238312,357.459424409866,220.095104112625,231.021811408997,260.680016927719,151.93326335907,45.7881067657471
"8317003",1998,3.12191637039185,1.04063879013062,22.8940533828735,106.665475988388,171.705400371552,153.702349302292,130.600168161392,166.710334178925,73.5731624622345,0.418809064554012,38.5036352348328,22.8940533828735
"8317003",1999,39.5442740249634,43.2905736694336,5.20319395065308,93.5534272327423,280.452153940201,583.798361263275,131.120487556458,406.369447546005,337.166968002319,44.4352763385773,18.627434343338,115.510905704498
"8317003",2000,4.16255516052246,176.388274927139,39.3361462669373,117.59218328476,108.746753568649,789.844841709137,226.859256248474,413.133599681854,312.191637039185,77.83978150177,65.0399243831635,88.4542971611023
"8317003",2001,116.863736131668,20.8127758026123,107.810178657532,119.153141469955,591.603152189255,403.1434672966,704.512460918427,208.127758026123,85.8527001857758,78.0479092597961,88.3502332820892,0.842795265584784
"8317003",2002,12.4876654815674,203.965202865601,193.558814964294,184.609321369171,342.890481348038,235.704685964584,233.623408384323,417.816474237442,258.182483831406,420.938390607834,257.141845041275,50.8872368373871
"8317003",2003,77.5275898647308,2.08127758026123,25.4956503582001,56.1944946670532,96.2590880870819,608.77369222641,190.540962472916,147.250388803482,191.789729021072,113.429628124237,119.257205348968,80.1291868400574
"8317003",2004,0.889213253630968,14.5689430618286,105.104517803192,306.676251451492,53.0725782966614,443.832443990707,292.523563905716,177.42891371727,160.77869307518,171.081017097473,100.94196264267,35.9020382595062
"8317003",2005,20.8127758026123,0.314328774356362,44.2271485805511,47.8693843460083,591.603152189255,605.131456460953,276.289598779678,345.492078323364,91.5762135314941,67.64152135849,138.925278482437,61.9180080127716
"8317003",2006,108.746753568649,28.6175667285919,67.1212019634247,167.542845211029,175.867955532074,531.766421756744,532.598932788849,328.841857681274,220.095104112625,191.789729021072,17.1705400371552,226.338936853409
"8317003",2007,66.0805631732941,87.933977766037,36.4223576545715,123.627888267517,90.5355747413635,232.790897352219,383.475394163132,205.526161050797,75.3422484054565,76.7991427116394,12.3836016025543,69.2024795436859
"8317003",2008,18.2111788272858,41.1052322101593,32.2598024940491,119.465333106995,467.767136163712,259.639378137588,403.767850570679,431.34477850914,107.706114778519,50.4709813213348,32.2598024940491,16.6502206420898
"8317003",2009,17.6908594322205,35.3817188644409,23.4143727779388,66.6008825683594,480.775121040344,298.663332767487,189.396259803772,450.076276731491,143.608153038025,272.647363014221,180.030510692596,34.8613994693756
"8317003",2010,33.3004412841797,62.9586468029022,36.9426770496368,21.3330951976776,89.4949359512329,442.271485805511,329.882496471405,251.314267816544,30.6988443088532,82.2104644203186,92.0965329265594,97.2997268772125
"8821005",1981,89.7022535562515,12.6638475608826,86.5362916660309,31.6596189022064,467.507039122581,138.247002539635,249.055668697357,73.8724441051483,71.7618028450012,33.7702601623535,15.8298094511032,18.9957713413239
"8821005",1982,96.0341773366928,48.5447489833832,35.8809014225006,NA,315.540868391991,293.379135160446,373.583503046036,172.017262701988,130.85975812912,173.072583332062,32.71493953228,0.132133336944207
"8821005",1983,1.05403643121115,0.108889577864651,17.9404507112503,35.8809014225006,71.7618028450012,254.859932162762,185.208770577908,202.621560974121,158.298094511032,13.7191681909561,0.782035873705561,6.33192378044128
"8821005",1984,12.6638475608826,59.6256155991554,12.6638475608826,19.5234316563606,473.838962903023,177.293865852356,355.643052334785,48.5447489833832,185.736430892944,205.259862549305,46.9617680382729,15.3021491360664
"8821005",1985,70.812014277935,9.49788567066193,52.7660315036774,130.332097814083,192.068354673386,208.953484754562,199.4555990839,94.9788567066193,167.795980181694,96.0341773366928,60.1532759141922,1.58298094511032
"8821005",1986,29.5489776420593,38.5192029976845,86.5362916660309,164.102357976437,281.770608229637,318.706830282211,90.5465100603104,210.536465699673,67.540520324707,50.1277299284935,NA,9.49788567066193
"8821005",1987,0.238838311003057,26.3830157518387,71.7618028450012,35.8809014225006,76.2996815543175,107.115043952465,NA,134.553380334377,77.038405995369,55.5098651418686,23.0059897356033,10.5532063007355
"8821005",1988,NA,NA,18.9957713413239,33.7702601623535,45.1677229671478,133.709123830318,127.693796238899,176.238545222282,69.4400974588394,NA,23.3225859246254,33.1370677843094
"8821005",1989,27.4383363819122,NA,49.6000696134567,12.6638475608826,53.6102880077362,196.184105130672,206.315183179379,143.418073626995,66.8017958836555,41.5796328248978,27.5438684449196,101.627376676083
"8821005",1990,NA,NA,NA,NA,NA,NA,NA,NA,NA,NA,NA,NA
"8821005",1991,NA,NA,NA,NA,NA,NA,NA,NA,NA,NA,NA,NA
"8821005",1992,0.484337803471106,37.2528182415962,78.9379831295013,124.316770222664,397.433749285698,317.018317274094,92.235023068428,125.161026726723,128.326988616943,111.125262346745,NA,85.692035161972
"8821005",1993,20.0510919713974,0.8205846327111,55.931993393898,128.221456553936,499.166658024788,315.96299664402,281.454012040615,156.504049439907,NA,84.9533107209206,69.2290333328247,41.8962290139198
"8821005",1994,7.80937266254425,3.79915426826477,26.3830157518387,99.6222674789429,122.839321340561,304.987662091255,266.151862904549,74.2945723571777,111.230794409752,138.985726980686,57.9371025910377,63.3192378044128
"8821005",1995,28.0715287599564,NA,28.1770608229637,177.821526167393,71.3396745929718,316.385124896049,280.504223473549,277.865921898365,39.4689915647507,88.9635291152,10.2366101117134,0.497264478842026
"8821005",1996,15.6187453250885,55.4043330788612,45.3787870931625,100.14992779398,125.161026726723,118.09037850523,41.7906969509125,251.271842020512,56.3541216459274,31.6596189022064,59.7311476621628,26.171951625824
"8821005",1997,27.5438684449196,31.1319585871696,0.191826654709338,233.859051624298,177.082801726341,481.331739376545,252.221630587578,88.1192726111412,152.38829898262,174.550032214165,77.355002184391,23.217053861618
"8821005",1998,11.5029948678017,0.23210544729057,4.74894283533096,68.8069050807953,136.241893342495,167.690448118687,97.1950300297737,168.956832874775,59.9422117881775,5.38213521337509,25.3276951217651,25.8553554368019
"8821005",1999,41.3685686988831,50.2332619915009,68.3847768287659,33.6647280993462,232.065006553173,344.140057466984,109.647813464642,226.99946752882,178.771314734459,25.8553554368019,31.6596189022064,7.80937266254425
"8821005",2000,9.92001392269135,107.537172204494,38.9413312497139,106.587383637428,76.0886174283028,699.255449486732,168.218108433723,174.761096340179,184.258982010841,57.726038465023,49.8111337394714,35.0366449184418
"8821005",2001,81.5762847046852,16.2519377031326,63.4247698674202,90.3354459342956,253.910143595696,277.971453961372,419.27888632822,196.28963719368,42.6349534549713,30.7098303351402,36.6196258635521,0.865012109755092
"8821005",2002,7.17618028450012,51.6051788105965,88.3303367371559,78.9379831295013,273.750171441078,155.870857061863,140.146579673767,205.259862549305,142.151688870907,287.574871695042,111.336326472759,69.5456295218468
"8821005",2003,18.9957713413239,5.38213521337509,34.4034525403976,31.5540868391991,54.2434803857803,510.880717018604,161.252992275238,107.431640141487,145.423182824135,79.6767075705528,89.1745932412148,40.7353763208389
"8821005",2004,11.1863986787796,7.91490472555161,73.5558479161263,146.056375202179,36.4085617375374,253.276951217651,220.034351370335,29.0213173270226,119.567827387333,167.373851929665,43.0570817070007,36.7251579265594
"8821005",2005,5.38213521337509,0.518615932145156,48.5447489833832,58.8868911581039,481.437271439552,351.210705688477,197.767086075783,217.712645984173,51.2885826215744,31.3430227131844,114.818884552002,74.7167006092072
"8821005",2006,46.6451718492508,4.32681458330154,47.1728321642876,198.400278453827,223.516909449577,351.421769814491,274.277831756115,230.904153860092,95.506517021656,87.2750161070824,29.8655738310814,76.1941494913101
"8821005",2007,11.5029948678017,36.1974976115227,38.9413312497139,179.826635364532,66.4851996946335,183.09812931776,216.973921543121,182.253872813702,126.532943545818,60.680936229229,7.07064822149277,40.7353763208389
"8821005",2008,8.97022535562515,12.6638475608826,5.38213521337509,79.9933037595749,306.042982721329,135.819765090466,383.39798490572,372.106054163933,63.3192378044128,40.4187801318169,32.71493953228,17.7293865852356
"8821005",2009,9.49788567066193,35.7753693594933,13.1915078759193,44.323466463089,199.983259398937,277.232729520321,160.197671645164,265.729734652519,95.4009849586487,151.966170730591,56.9873140239716,39.0468633127212
"8821005",2010,31.1319585871696,67.0128600096703,22.6893935465813,9.49788567066193,56.9873140239716,246.94502743721,390.996293442249,237.974802081585,36.4085617375374,73.8724441051483,64.3745584344864,35.8809014225006
"8351003",1981,125.826073265076,15.2039838528633,34.70702520895,92.2724537277222,566.112474631786,118.800784174442,231.310264685631,94.1598448266983,46.6605021691322,18.1399255623817,10.2757959833145,11.3243465938568
"8351003",1982,86.715135491848,38.1672422237396,22.9632583708763,28.310866484642,277.446491549492,342.666339525223,329.45460183239,164.412735733032,189.682805447102,99.8220181236267,61.1305005946159,0.836427043015245
"8351003",1983,25.6894899582863,4.61362268638611,16.7768097686768,102.548249711037,195.869254049301,216.106280832767,165.880706587791,193.457587645054,98.563757390976,37.43325679636,0.943695549488068,2.72623158740997
"8351003",1984,28.7302867288589,39.2157928342819,23.277823554039,52.951805832386,663.732536473274,247.982219393253,264.234753856659,112.614335572243,126.979478936672,183.286646722794,73.1888326158523,15.3088389139175
"8351003",1985,84.9325994539261,6.18644860219955,55.8877475419044,98.4589023299217,323.477863352299,160.847663657188,202.055702651501,52.951805832386,143.232013400078,91.4336132392883,69.5189054789543,1.25826073265076
"8351003",1986,11.6389117770195,67.3169491968155,68.5752099294663,225.543236327648,361.540250514984,268.114391115665,87.6588310413361,247.038523843765,94.5792650709152,62.2839062662125,126.66491375351,11.6389117770195
"8351003",1987,0.489971776516992,11.429201654911,86.8199905529022,66.0586884641647,177.834183547974,122.680421433449,427.808649101257,252.910407262802,108.420133130074,57.6702835798264,35.6507207584381,18.8739109897614
"8351003",1988,30.5128227667809,0.0120373542811416,42.5711547880173,42.9905750322342,54.9440519924164,213.484904306412,209.395556925297,255.741493911266,45.8216616806984,58.2994139461517,21.914707760334,29.9885474615097
"8351003",1989,19.8176065392494,4.08934738111496,39.5303580174446,9.8563757390976,85.9811500644684,333.543949213505,238.859829081535,228.898598281384,43.3051402153969,32.400213865757,11.3243465938568,154.975780238152
"8351003",1990,11.6389117770195,59.4528196177483,76.1247743253708,149.628172124386,150.571867673874,156.968026398182,177.309908242702,166.300126832008,188.948820019722,80.4238318285942,35.0215903921127,11.848621899128
"8351003",1991,29.1497069730759,0.978399969560488,14.155433242321,147.531070903301,393.311334014416,206.24990509367,261.927942513466,98.6686124520302,145.643679804325,72.9791224937439,60.8159354114532,88.078251285553
"8351003",1992,4.08934738111496,53.5809361987114,96.6763662919998,160.533098474026,471.638064621925,365.734452957153,156.129185909748,189.89251556921,141.239767240047,60.2916601061821,14.6797085475922,73.3985427379608
"8351003",1993,20.2370267834663,0.36109096753136,31.4565183162689,122.785276494503,468.387557729244,247.457944087982,259.516276109219,137.884405286312,45.0876762533188,122.156146128178,25.1652146530151,13.1068826317787
"8351003",1994,9.96123080015182,5.76702835798264,18.3496356844902,59.7673848009109,150.46701261282,332.390543541908,238.020988593101,34.0778948426247,155.709765665531,119.534769601822,51.9032552218437,55.4683272976875
"8351003",1995,5.55731823587418,7.33985427379608,20.4467369055748,179.302154402733,46.1362268638611,315.08945846796,261.613377330303,254.063812934399,7.33985427379608,66.0586884641647,21.4952875161171,0.183670085597243
"8351003",1996,0.079225610206618,17.3010850739479,66.0586884641647,63.9615872430801,118.48621899128,220.719903519154,77.59274518013,244.731712500572,35.126445453167,35.6507207584381,45.0876762533188,25.6894899582863
"8351003",1997,47.7090527796745,23.5923887372017,0.321484590617126,175.107951960564,204.991644361019,371.291771193028,284.996055945396,122.47071131134,166.195271770954,188.634254836559,109.57353880167,14.6797085475922
"8351003",1998,8.38840488433838,0.650922656374527,25.6894899582863,64.4858625483513,193.457587645054,125.721218204021,82.625788110733,112.194915328026,NA,8.38840488433838,17.0913749518394,0.464116129876923
"8351003",1999,11.5340567159653,17.8253603792191,24.640939347744,30.9322430109978,196.708094537735,317.291414750099,116.913393075466,296.530112661362,151.515563223362,15.2039838528633,7.33985427379608,38.796372590065
"8351003",2000,4.71847774744034,82.3112229275703,21.4952875161171,42.9905750322342,13.1068826317787,627.033265104294,94.8938302540779,217.049976382256,269.47750690937,39.8449232006073,36.4895612468719,18.8739109897614
"8351003",2001,78.6412957906723,7.86412957906723,116.493972831249,27.2623158740997,279.438737709522,221.768454129696,551.537621145248,131.593101623058,37.7478219795227,30.9322430109978,38.2720972847939,1.02451972855552
"8351003",2002,0.574200128625027,58.1945588850975,111.670640022755,88.6025265908241,224.914105961323,174.688531716347,223.341280045509,284.157215456963,190.521645935535,156.863171337128,92.7967290329933,28.310866484642
"8351003",2003,12.5826073265076,0.699573793772384,1.57282591581345,50.4352843670845,80.2141217064857,434.099952764511,119.010494296551,77.0684698748589,127.92317448616,88.8122367129326,126.350348570347,46.0313718028069
"8351003",2004,0.870753158136562,35.9652859416008,64.2761524262428,138.303825530529,0.146373652262078,331.656558114529,303.135981507778,144.490274132729,73.8179629821777,72.8742674326897,40.8934738111496,79.1655710959434
"8351003",2005,17.1962300128937,0.344476774610257,39.3206478953362,49.3867337565422,520.290812951088,332.075978358746,194.296428133488,193.772152828217,86.0860051255226,35.3361555752754,109.888103984833,89.7559322624206
"8351003",2006,49.9110090618134,20.2370267834663,52.6372406492233,132.117376928329,203.418818445206,411.031839332581,311.838951575279,239.069539203644,105.379336359501,122.785276494503,9.43695549488068,70.3577459673881
"8351003",2007,22.5438381266594,50.3304293060303,6.39615872430801,158.960272558212,NA,176.051647510052,221.558744007587,187.375994103909,81.262672317028,71.5111516389847,25.6894899582863,37.8526770405769
"8351003",2008,14.155433242321,4.71847774744034,3.14565183162689,97.6200618414879,344.973150868416,140.505781812668,340.149818059921,396.981261151314,54.5246317481995,22.0195628213882,46.1362268638611,20.9710122108459
"8351003",2009,7.33985427379608,15.2039838528633,4.19420244216919,46.6605021691322,184.125487211227,341.827499036789,123.833827105045,240.118089814186,79.6898464012146,157.282591581345,68.1557896852493,13.6311579370499
"8351003",2010,NA,NA,NA,NA,NA,NA,NA,NA,NA,NA,NA,NA
"8822008",1981,NA,NA,NA,NA,NA,NA,NA,NA,NA,NA,NA,NA
"8822008",1982,NA,NA,NA,NA,NA,NA,NA,NA,NA,NA,NA,NA
"8822008",1983,NA,NA,NA,NA,NA,NA,NA,NA,NA,NA,NA,NA
"8822008",1984,NA,NA,NA,NA,NA,NA,NA,NA,NA,NA,NA,NA
"8822008",1985,NA,NA,NA,NA,NA,NA,NA,NA,NA,NA,NA,NA
"8822008",1986,NA,NA,NA,NA,NA,NA,NA,NA,NA,NA,NA,NA
"8822008",1987,NA,NA,NA,NA,NA,NA,NA,NA,NA,NA,NA,NA
"8822008",1988,71.5455610055923,0.407264100141785,59.6390189065933,48.9018693351746,106.095794775009,312.546730098724,204.218458680153,274.700935569763,NA,NA,16.1588785629272,49.7523366279602
"8822008",1989,16.1588785629272,16.9030374441147,41.2476637001038,15.6273365049362,113.962617233276,335.509347003937,290.221963663101,118.852804166794,NA,47.3072431612015,39.6530375261307,176.684580076218
"8822008",1990,NA,NA,NA,NA,NA,NA,NA,NA,NA,NA,NA,NA
"8822008",1991,NA,NA,37.739486117363,169.030374441147,414.7091136446,250.887851371765,328.174066603661,NA,116.514019111633,74.4158881187439,59.0011684370041,97.8037386703491
"8822008",1992,0.922634037054513,42.2044394044876,72.2897198867798,208.364486732483,541.322431858063,396.849300496101,158.612150104523,151.06425288105,215.274533486366,168.498832383156,38.802570233345,127.676402329445
"8822008",1993,27.9591122503281,2.12616823196411,62.7219628429413,152.552570643425,390.151870565414,350.286216216087,390.151870565414,244.509346675873,39.0151870565414,NA,NA,NA
"8822008",1994,NA,NA,NA,NA,NA,NA,NA,NA,NA,NA,NA,NA
"8822008",1995,22.750000082016,1.06308411598206,52.4100469179153,189.01635582161,101.949766722679,477.324768075943,587.141357256889,315.523365623474,85.5782713365555,132.885514497757,13.6074766845703,0.195958302110757
"8822008",1996,13.7137850961685,51.1343459787369,88.2359816265106,116.195093876839,126.507009801865,94.4018694992065,46.2441590452194,277.146029036522,66.4427572488785,46.563084280014,59.0011684370041,30.6168225402832
"8822008",1997,71.3329441823959,46.7757011032105,0.637850469589233,408.117992125511,194.012851166725,605.532712463379,321.795561907768,150.639019234657,149.575935118675,212.404206373215,72.2897198867798,26.4707944879532
"8822008",1998,3.72079440593719,3.18925234794617,18.4976636180878,56.2371497354507,126.507009801865,132.991822909355,103.544392896652,184.657710946083,79.9439255218506,13.6074766845703,26.364486076355,27.3212617807388
"8822008",1999,24.2383178443909,28.8095795431137,71.6518694171906,36.2511683549881,186.890187589645,136.074766845703,127.251168683052,285.225468317986,257.372664479256,26.0455608415604,30.7231309518814,12.4380841569901
"8822008",2000,9.14252339744568,172.644860435486,44.3306076364517,81.2196264610291,206.76986055851,462.1226652174,227.818926054955,176.259346429825,160.52570151329,42.6296730508804,78.4556077594757,34.5502337694168
"8822008",2001,94.614486322403,10.6308411598206,80.7943928146362,105.776869540215,387.281543452263,467.225468974113,408.436917360306,207.407711028099,29.8726636590958,22.5373832588196,70.1635516548157,0.212616823196411
"8822008",2002,14.3516355657578,43.4801403436661,85.6845797481537,84.302570397377,281.929907558441,153.296729524612,246.848131731033,188.910047410011,115.663551818848,221.121496124268,128.526869622231,78.2429909362793
"8822008",2003,16.052570151329,3.61448599433899,41.6728973464966,15.0957944469452,59.1074768486023,599.154207767487,154.147196817398,135.543224787712,212.935748431206,113.75000041008,125.443925685883,42.8422898740768
"8822008",2004,5.7406542263031,27.1086449575424,69.1004675388336,206.663552146912,43.9053739900589,185.189253004074,173.920561374664,140.858645367622,131.290888323784,145.642523889542,66.9742993068695,52.72897215271
"8822008",2005,10.6308411598206,1.01413751524537,79.5186918754578,54.0046730918884,457.019861460686,518.785048599243,130.865654677391,203.367991387367,91.2126171512604,46.7757011032105,79.5186918754578,31.8925234794617
"8822008",2006,98.8668227863312,16.4778037977219,39.8656543493271,229.626169052124,285.969627199173,418.642524873734,371.016356477737,252.482477545738,161.588785629272,69.6320095968246,43.5864487552643,38.271028175354
"8822008",2007,12.7570093917847,47.3072431612015,60.5957946109772,171.262851084709,22.8563084936142,240.788552269936,236.536215806007,154.678738875389,135.011682729721,77.7114488782883,15.7336449165344,51.0280375671387
"8822008",2008,11.1623832178116,4.25233646392822,13.8200935077667,47.6261683959961,255.565421482086,73.7780376491547,207.088785793304,375.800234999657,53.1542057991028,15.4147196817398,23.7067757863998,15.0957944469452
"8822008",2009,11.1623832178116,11.1623832178116,9.5677570438385,79.5186918754578,284.162384202003,194.012851166725,238.13084197998,387.494160275459,94.614486322403,189.760514702797,103.757009719849,41.4602805233002
"8822008",2010,22.8563084936142,NA,24.9824767255783,46.7757011032105,88.7675236845017,383.454440634727,393.022197678566,228.456776524544,33.8060748882294,76.7546731739044,79.4123834638596,74.9474301767349
"9101003",1981,NA,NA,NA,NA,NA,NA,NA,NA,NA,NA,NA,NA
"9101003",1982,NA,NA,NA,NA,NA,NA,NA,NA,NA,NA,NA,NA
"9101003",1983,NA,NA,NA,NA,NA,NA,NA,NA,NA,NA,NA,NA
"9101003",1984,NA,NA,NA,NA,NA,NA,NA,NA,NA,NA,NA,NA
"9101003",1985,NA,NA,NA,NA,NA,NA,NA,NA,NA,NA,NA,NA
"9101003",1986,NA,NA,NA,NA,NA,NA,NA,NA,NA,NA,NA,NA
"9101003",1987,NA,NA,NA,NA,NA,NA,NA,NA,NA,NA,NA,NA
"9101003",1988,NA,NA,NA,NA,NA,NA,NA,NA,NA,NA,NA,NA
"9101003",1989,4.0777388086319,3.30627470970154,36.2588126497269,9.80861497211456,94.8900841684341,253.040224449158,193.52727967453,165.864781270027,44.0836627960205,38.9038324174881,19.0661841592789,93.7879925985336
"9101003",1990,7.71464098930359,37.8017408475876,70.974697101593,115.168569054604,179.310298422813,158.811395222664,127.622203794479,128.06304042244,193.8579071455,82.5466585855484,45.9572184648514,16.2007460775375
"9101003",1991,26.5604068346024,6.06150363445282,33.7240020389557,164.321853072166,329.966216028213,143.492322401047,208.515725025177,73.5095077123642,76.7055732650757,53.671859454155,42.3203162841797,87.1754431791306
"9101003",1992,2.75522892475128,22.7030863399506,56.0964609079361,158.811395222664,368.870048445702,258.44047314167,96.4330123662949,80.1220571317673,99.2984504480362,64.47235683918,18.1845109033585,68.2194681768417
"9101003",1993,7.71464098930359,0.211397027605492,25.1276877937317,115.388987368584,443.151020256996,274.090173434258,223.945007003784,116.931915566444,28.6543808174133,77.2566190500259,46.2878459358215,11.4617523269653
"9101003",1994,7.93505930328369,2.20418313980103,17.9640925893784,81.775194486618,87.9469072780609,234.304667760849,287.756108901024,43.8632444820404,98.4167771921158,77.8076648349762,31.8504463701248,46.1776367788315
"9101003",1995,11.0209156990051,0.59398413344683,32.6219104690552,118.474843764305,55.986251750946,309.908149456024,252.048342036247,152.749891588211,37.4711133766174,93.6777834415436,7.16359520435333,0.35154184237549
"9101003",1996,4.40836627960205,12.7842622108459,35.8179760217667,78.2485014629364,95.5513391103745,91.4736003017426,30.3075181722641,184.710547115326,29.5360540733337,28.8747991313934,28.8747991313934,18.7355566883087
"9101003",1997,7.16359520435333,0.991677726799951,6.06150363445282,190.331214121819,179.640925893784,319.055509486198,209.838234909058,86.5141882371902,98.4167771921158,110.429575304031,78.2485014629364,9.91882412910461
"9101003",1998,7.16359520435333,10.4698699140549,13.7761446237564,35.3771393938065,109.107065420151,96.9840581512451,76.2647366371155,105.359954082489,60.9456638154983,3.52669302368164,12.6740530538559,21.2703672990799
"9101003",1999,9.14736003017426,4.62878459358215,50.3655847444534,23.3643412818909,98.6371955060959,256.346499158859,119.576935334206,138.863537807465,163.109552345276,13.3353079957962,17.7436742753983,3.08585639572144
"9101003",2000,8.596314245224,66.3459125080109,14.3271904087067,57.7495982627869,56.0964609079361,494.83911488533,122.662791729927,96.5432215232849,102.053679372787,36.0383943357468,46.5082642498016,31.0789822711945
"9101003",2001,58.4108532047272,7.71464098930359,65.2438209381104,62.378382856369,211.381163106918,209.728025752068,279.49042212677,118.474843764305,38.2425774755478,11.4617523269653,35.8179760217667,0.821949565303242
"9101003",2002,11.4617523269653,28.6543808174133,44.1938719530106,80.2322662887573,202.895058018684,85.6325149812698,113.184804228783,123.434255828857,109.327483734131,237.721151627541,59.1823173036575,29.6462632303238
"9101003",2003,6.50234026241302,1.65313735485077,13.6659354667664,27.882916718483,41.6590613422394,408.10450833416,149.77424434948,64.58256599617,106.021209024429,52.5697678842545,53.8922777681351,31.0789822711945
"9101003",2004,0.991882412910461,22.3724588689804,46.3980550928116,108.33560132122,26.7808251485825,229.124837382317,171.37523911953,97.3146856222153,95.9921757383347,79.9016388177872,42.8713620691299,16.9722101764679
"9101003",2005,4.7389937505722,0.00264519694786874,24.7970603227615,37.0302767486572,388.817905860901,261.856957008362,153.741774001122,150.98654507637,67.0071674499512,41.4386430282593,59.0721081466675,44.8551268949509
"9101003",2006,39.7855056734085,7.16359520435333,23.694968752861,162.778924874306,169.611892607689,324.125130707741,178.979670951843,173.02837647438,121.670909317017,57.5291799488068,12.4536347398758,39.4548782024384
"9101003",2007,9.47798750114441,33.2831654109955,16.7517918624878,103.045561785698,112.303130972862,157.929721966743,181.845109033585,132.912243330002,70.4236513166428,36.589440120697,13.1148896818161,20.0580665721893
"9101003",2008,3.96752965164185,0.991882412910461,11.4617523269653,89.6000446329117,217.001830113411,100.180123703957,226.479817614555,341.648386669159,57.8598074197769,26.1195702066422,35.2669302368164,18.8457658452988
"9101003",2009,4.298157122612,25.0174786367416,3.85732049465179,39.1242507314682,218.103921683311,290.290919511795,89.7102537899017,253.481061077118,69.2113505897522,150.87633591938,54.2229052391052,13.3353079957962
"9101003",2010,20.0580665721893,40.777388086319,9.36777834415436,4.40836627960205,36.6996492776871,138.202282865524,264.281558462143,162.668715717316,31.0789822711945,28.6543808174133,37.3609042196274,37.4711133766174
"8343002",1981,NA,NA,NA,NA,NA,NA,NA,NA,NA,NA,NA,NA
"8343002",1982,NA,NA,NA,NA,NA,NA,NA,NA,NA,NA,NA,NA
"8343002",1983,NA,NA,NA,NA,NA,NA,NA,NA,NA,NA,NA,NA
"8343002",1984,NA,NA,NA,NA,NA,NA,NA,NA,NA,NA,NA,NA
"8343002",1985,NA,NA,NA,NA,NA,NA,NA,NA,NA,NA,NA,NA
"8343002",1986,NA,NA,NA,NA,NA,NA,NA,NA,NA,NA,NA,NA
"8343002",1987,NA,NA,NA,NA,NA,NA,NA,NA,NA,NA,NA,NA
"8343002",1988,NA,NA,NA,NA,NA,NA,NA,NA,NA,NA,NA,NA
"8343002",1989,28.0077915000916,9.33593050003052,59.1275598335266,18.671861000061,114.105817222595,506.214898223877,332.359125801086,351.23845192337,89.1062699947357,68.0485600891113,22.7174308834076,335.678567756653
"8343002",1990,37.6549196834564,83.8159093780518,168.772876928329,194.809749767303,248.854414106369,227.900436761856,219.186901628494,231.116146156311,348.645137895584,111.719968317032,61.2022110557556,34.4392102890015
"8343002",1991,19.1905238056183,8.92100025558472,35.5802684612274,NA,599.781668346405,247.402158250809,465.862931951523,153.212992761612,188.378330978394,99.2720609836578,84.5420373058319,220.224227239609
"8343002",1992,0.308223934654122,96.0563515892029,145.536783239365,228.419099567413,652.789007074356,507.044758712769,203.730750022888,252.381321184158,199.788912700653,211.095761861801,48.4431060390472,152.798062517166
"8343002",1993,72.5090602169037,0.351999675166545,88.1726769447327,218.668238822937,679.759472963333,459.016582918167,436.506617156982,275.928612556457,48.4431060390472,204.768075634003,102.591502939224,87.0316187725067
"8343002",1994,17.4270702667236,15.0412213611603,34.2317451667786,190.867912445068,231.531076400757,368.250591945648,350.097393751144,117.114061494827,233.398262500763,75.8285021724701,61.6171413002014,51.7625479946136
"8343002",1995,29.252582233429,12.447907333374,15.5598841667175,227.692971639633,110.475177583694,506.214898223877,565.342458057404,291.488496723175,35.2690707778931,105.807212333679,7.26127927780151,0.0389633663212059
"8343002",1996,12.447907333374,5.08289549446106,110.993840389252,112.031166000366,213.689075889587,273.853961334229,94.3966306114197,356.840010223389,53.9409317779541,68.4634903335571,86.0980257225037,21.7838378334045
"8343002",1997,59.1275598335266,56.0155830001831,2.074651222229,430.490128612518,186.71861000061,560.155830001831,354.972824123383,184.643958778381,270.741984500885,312.235008945465,159.644411550522,77.7994208335876
"8343002",1998,0.311121969146413,0.174233901424689,34.2317451667786,143.04720177269,173.233377056122,199.166517333984,195.535877695084,112.549828805923,81.9487232780456,11.4105817222595,37.3437220001221,9.33593050003052
"8343002",1999,7.26127927780151,0.371180860319639,23.8584890556335,50.8289549446106,272.816635723114,690.858857002258,174.789365472794,545.633271446228,313.27233455658,56.0155830001831,24.895814666748,91.2846537780762
"8343002",2000,31.1197683334351,181.531981945038,72.6127927780151,99.5832586669922,123.441747722626,712.642694835663,234.435588111877,315.346985778809,273.853961334229,108.919189167023,86.0980257225037,78.8367464447021
"8343002",2001,120.226038328171,8.29860488891602,249.476809473038,19.7091866111755,595.424900779724,408.706290779114,824.673860836029,207.361389661789,95.5376887836456,54.9782573890686,129.665701389313,0.536551157488909
"8343002",2002,28.0077915000916,80.9113976669312,149.374888000488,124.47907333374,356.840010223389,200.203842945099,350.616056556702,415.448907251358,254.66343752861,427.378151779175,199.477715017319,82.4673860836029
"8343002",2003,35.7877335834503,4.66796525001526,30.0824427223206,98.0272702503204,102.487770378113,656.62711183548,305.492392473221,137.445643472672,229.248960056305,147.818899583817,125.516398944855,93.3593050003052
"8343002",2004,5.70529086112976,35.7877335834503,NA,329.869544334412,18.1531981945038,426.859488973618,391.071755390167,222.506343584061,174.270702667236,284.227217445374,133.815003833771,79.8740720558167
"8343002",2005,14.522558555603,0.885003889899093,69.5008159446716,43.5676756668091,615.1340873909,606.316819696426,264.518030834198,340.242800445557,66.3888391113281,67.4261647224426,263.480705223083,50.8289549446106
"8343002",2006,66.3888391113281,24.895814666748,125.516398944855,101.657909889221,295.637799167633,537.334666557312,399.370360279083,295.637799167633,126.553724555969,178.420005111694,11.4105817222595,117.217794055939
"8343002",2007,28.0077915000916,72.6127927780151,24.895814666748,206.427796611786,100.101921472549,227.174308834076,248.95814666748,170.121400222778,116.180468444824,99.5832586669922,23.8584890556335,47.7169781112671
"8343002",2008,34.2317451667786,14.522558555603,15.5598841667175,137.964306278229,332.981521167755,230.286285667419,400.407685890198,NA,94.3966306114197,57.0529086112976,61.2022110557556,46.1609896945953
"8343002",2009,12.447907333374,26.970465888977,10.373256111145,66.3888391113281,319.496288223267,385.885127334595,193.979889278412,537.334666557312,77.7994208335876,330.906869945526,211.614424667358,52.9036061668396
"8343002",2010,27.4891286945343,121.367096500397,72.6127927780151,59.1275598335266,130.703027000427,245.846169834137,312.235008945465,263.480705223083,73.6501183891296,113.483421855927,78.8367464447021,91.8033165836334
"9102003",1981,75.596549987793,16.1992607116699,29.1586692810059,111.234923553467,419.020877075195,83.1562049865723,186.83147354126,58.3173385620117,64.7970428466797,29.1586692810059,18.3591621398926,25.9188171386719
"9102003",1982,71.2767471313477,21.5990142822266,35.6383735656738,34.5584228515625,242.988910675049,313.185707092285,274.307481384277,180.351769256592,165.772434616089,89.419919128418,29.1586692810059,2.15990142822266
"9102003",1983,31.8585460662842,9.71955642700195,15.1193099975586,95.6836332702637,128.514134979248,172.252138900757,111.018933410645,99.5714558410644,98.8154903411865,16.7392360687256,0.0911498139223811,8.20762542724609
"9102003",1984,16.1992607116699,35.0983982086182,18.8991374969482,77.8644464874267,361.567499084473,131.969977264404,198.602936325073,66.4169689178467,102.595317840576,166.312409973145,32.9384967803955,3.23985214233398
"9102003",1985,46.4378807067871,2.15990142822266,31.3185707092285,87.4760078430176,271.607604598999,134.993839263916,136.613765335083,61.01721534729,133.373913192749,55.6174617767334,34.0184474945068,0.539975357055664
"9102003",1986,15.1193099975586,55.6174617767334,39.4182010650635,103.243288269043,256.48829460144,268.367752456665,82.0762542724609,131.214011764526,62.0971660614014,48.0578067779541,131.753987121582,4.85977821350098
"9102003",1987,0.517168133223176,2.15990142822266,52.9175849914551,43.7380039215088,92.3357860565186,111.234923553467,165.232459259033,217.610068893433,71.8167224884033,58.8573139190674,22.6789649963379,14.5793346405029
"9102003",1988,34.5584228515625,0.92637357258133,56.1574371337891,31.3185707092285,45.8979053497314,149.573173904419,143.093469619751,154.43295211792,43.1980285644531,43.1980285644531,17.8191867828369,21.0590389251709
"9102003",1989,10.7995071411133,4.31980285644531,30.7785953521729,8.63960571289062,59.397289276123,218.150044250488,220.309945678711,205.190635681152,36.1783489227295,29.266664352417,16.7392360687256,118.25460319519
"9102003",1990,10.2595317840576,31.8585460662842,73.976623916626,102.055342483521,173.332089614868,136.613765335083,137.693716049194,115.554726409912,147.413272476196,71.2767471313477,43.7380039215088,7.01967964172363
"9102003",1991,29.1586692810059,2.15990142822266,24.8388664245605,147.413272476196,291.586692810059,135.533814620972,227.86960067749,64.7970428466797,64.257067489624,55.6174617767334,35.0983982086182,98.8154903411865
"9102003",1992,0.580136142587103,35.0983982086182,75.0565746307373,148.493223190308,335.324696731567,277.007358169556,100.975391769409,106.375145339966,117.174652481079,46.4378807067871,19.9790882110596,80.4563282012939
"9102003",1993,7.5596549987793,0.700460801540675,50.7576835632324,112.314874267578,506.496884918213,291.046717453003,281.867136383057,107.995071411133,21.0590389251709,67.496919631958,36.1783489227295,23.2189403533936
"9102003",1994,3.23985214233398,4.31980285644531,16.1992607116699,67.496919631958,78.836402130127,233.269354248047,303.466150665283,62.0971660614014,105.83516998291,107.995071411133,44.2779792785645,30.2386199951172
"9102003",1995,8.63960571289062,0.783297546428162,22.1389896392822,157.132828903198,26.4587924957275,387.162331008911,245.148812103271,166.8523853302,28.0787185668945,91.2558353424072,4.85977821350098,0.359889784836313
"9102003",1996,7.01967964172363,22.6789649963379,37.2582996368408,64.7970428466797,123.114381408691,118.25460319519,19.4391128540039,205.190635681152,19.9790882110596,25.3788417816162,29.1586692810059,24.8388664245605
"9102003",1997,24.8388664245605,14.0393592834473,0.37879154725455,221.929871749878,193.311177825928,322.905263519287,261.888048171997,101.515367126465,109.6149974823,143.093469619751,111.234923553467,6.47970428466797
"9102003",1998,2.15990142822266,33.4784721374512,6.47970428466797,35.6383735656738,128.514134979248,123.114381408691,82.0762542724609,107.455096054077,57.2373878479004,3.77982749938965,6.47970428466797,28.0787185668945
"9102003",1999,4.85977821350098,12.4194332122803,83.6961803436279,17.8191867828369,91.2558353424072,277.547333526611,112.314874267578,180.891744613647,149.033198547363,14.0393592834473,16.7392360687256,4.31980285644531
"9102003",2000,5.9397289276123,76.1365253448486,9.71955642700195,78.2964267730713,63.1771167755127,582.093434906006,131.753987121582,96.1156135559082,123.114381408691,41.0381271362305,41.0381271362305,19.4391128540039
"9102003",2001,58.3173385620117,1.61992607116699,78.2964267730713,53.9975357055664,291.046717453003,224.629748535156,314.805633163452,131.214011764526,43.1980285644531,20.1950783538818,61.01721534729,0.838947566453911
"9102003",2002,8.09963035583496,18.3591621398926,50.2177082061768,69.116845703125,219.2299949646,127.434184265137,119.874529266357,178.731843185425,117.714627838135,247.84868888855,88.5559585571289,32.9384967803955
"9102003",2003,5.39975357055664,0.229765333828288,13.4993839263916,29.1586692810059,43.1980285644531,447.639570999146,116.094701766968,88.5559585571289,114.474775695801,47.5178314208984,66.4169689178467,21.5990142822266
"9102003",2004,0.13437652065435,21.0590389251709,61.01721534729,164.692483901978,8.09963035583496,246.228762817383,214.370216751099,100.435416412354,88.5559585571289,82.6162296295166,46.4378807067871,25.9188171386719
"9102003",2005,4.85977821350098,1.61992607116699,38.8782257080078,29.6986446380615,429.820384216309,319.665411376953,169.552262115479,196.551029968262,73.976623916626,50.2177082061768,63.7170921325684,45.8979053497314
"9102003",2006,42.6580532073975,6.47970428466797,23.2189403533936,227.329625320435,164.152508544922,365.023341369629,206.270586395264,174.412040328979,99.3554656982422,77.21647605896,14.0393592834473,42.1180778503418
"9102003",2007,9.71955642700195,33.4784721374512,14.5793346405029,151.193099975586,88.66395362854,194.931103897095,180.351769256592,106.915120697021,82.0762542724609,45.8979053497314,15.1193099975586,17.2792114257812
"9102003",2008,1.61992607116699,15.6592853546143,11.8794578552246,80.4563282012939,325.06516494751,98.8154903411865,242.448935317993,345.584228515625,56.1574371337891,22.6789649963379,29.6986446380615,1.61992607116699
"9102003",2009,3.23985214233398,25.9188171386719,1.61992607116699,21.5990142822266,266.747826385498,286.186939239502,115.014751052856,281.327161026001,61.5571907043457,166.8523853302,64.257067489624,21.5990142822266
"9102003",2010,16.7392360687256,69.6568210601807,30.2386199951172,3.23985214233398,65.3370182037354,169.552262115479,242.448935317993,230.569477462769,31.3185707092285,32.9384967803955,36.7183242797852,44.8179546356201
"8350002",1981,318.276238389015,36.2855646371841,115.077076420784,269.549908733368,1277.25187522888,354.561803026199,535.471261003017,264.884621851444,196.460414249897,177.799266722202,54.4283469557762,39.3957558917999
"8350002",1982,102.117946193218,128.554571857452,81.9017030382156,79.3098769927025,603.999141646385,758.368300917149,816.425204336643,475.859261956215,368.039298462868,404.324863100052,180.391092767715,0.49998757397861
"8350002",1983,95.379198474884,35.2488342189789,24.8815300369263,252.962222042084,398.10448059082,525.103956820965,447.34917545557,426.096201882362,221.860309495926,184.019649231434,10.3673041820526,32.6570081734657
"8350002",1984,114.558711211681,150.844275848866,78.7915117835999,104.191407029629,1234.74592808247,398.622845799923,541.691643512249,227.043961586952,376.851507017612,614.78113799572,146.697354176044,38.8773906826973
"8350002",1985,103.154676611423,26.9549908733368,126.999476230144,302.725282115936,708.605240843296,587.30778191328,239.484726605415,202.680796759129,276.807021660805,301.170186488628,159.138119194508,12.4407650184631
"8350002",1986,26.4366256642342,62.2038250923157,145.660623757839,346.78632488966,780.865350992203,730.894944834709,290.284517097473,550.503852066994,171.060519003868,196.460414249897,474.304166328907,33.693738591671
"8350002",1987,0.390664024393098,24.3631648278236,191.795127367973,184.538014440537,367.002568044662,404.843228309154,866.188264410496,559.316060621738,203.302835010052,177.799266722202,116.113806838989,59.0936338376999
"8350002",1988,126.481111021042,0.0465087922893996,161.211580030918,122.852554557323,152.917736685276,570.720095221996,192.831857786179,517.328478684425,105.746502656937,191.276762158871,36.8039298462868,158.619753985405
"8350002",1989,20.7346083641052,30.0651821279526,90.7139115929604,29.0284517097473,124.614996268272,603.377103395462,407.95341956377,430.761488764286,96.4159288930893,88.6404507565498,52.8732513284683,416.765628118515
"8350002",1990,43.542677564621,50.2814252829552,153.954467103481,229.324768507004,445.794079828262,375.296411390305,332.790464243889,371.667854926586,497.319581613064,139.95860645771,0.507323000580075,82.9384334564209
"8350002",1991,66.8691119742393,16.0693214821816,67.9058423924446,355.391187360764,822.127221636772,455.643018801212,535.471261003017,92.2690072202683,263.225853182316,132.183128321171,87.6037203383446,316.824815803528
"8350002",1992,0.765650554544451,8.81220855474472,41.1581976027489,395.201635419846,990.077549386024,640.595725409031,501.259157202244,318.794603598118,270.586639151573,394.994289336205,86.0486247110367,231.709248468876
"8350002",1993,75.1629553198814,4.66528688192368,143.068797712326,425.059471464157,942.387950148582,701.348127915859,548.741410356045,373.015604470253,104.917118322372,252.651202916622,82.9384334564209,146.697354176044
"8350002",1994,66.3507467651367,30.0651821279526,97.9710245203972,269.653581775188,446.830810246468,521.993765566349,349.896516144276,167.950327749252,405.465266560078,254.309971585751,268.513178315163,251.925491623878
"8350002",1995,75.6813205289841,30.5835473370552,18.6611475276947,314.647681925297,170.956845962048,841.306734373569,682.168615179062,NA,60.1303642559051,287.174325842857,42.5059471464157,0.584410095147784
"8350002",1996,39.3957558917999,87.9147394638061,119.223998093605,151.362641057968,182.464553604126,350.933246562481,132.701493530273,349.896516144276,152.917736685276,118.498286800861,131.146397902966,27.1623369569778
"8350002",1997,135.811684784889,78.2731465744972,1.55509562730789,550.918544234276,240.936149190903,944.461410984993,485.189835720062,237.411265769005,343.676133635044,384.108619945049,309.46402983427,126.273764937401
"8350002",1998,19.6978779459,12.1297458930016,48.7263296556473,153.436101894379,343.157768425941,312.055855879784,245.705109114647,236.063516225338,NA,NA,65.8323815560341,0.0633427069281169
"8350002",1999,8.29384334564209,61.478113799572,42.2986010627747,131.664763112068,NA,552.577312903404,216.6766574049,774.43762239933,460.308305683136,84.1825099582672,56.5018077921867,188.166570904255
"8350002",2000,NA,NA,NA,NA,NA,NA,NA,NA,NA,NA,NA,NA
"8350002",2001,126.481111021042,29.0284517097473,166.395232121944,163.285040867329,715.862353770733,588.862877540588,1006.45788999367,411.581976027489,89.1588159656525,74.1262249016762,178.524978014946,0.425959752720532
"8350002",2002,63.7589207196236,124.407650184631,243.320629152775,266.128698353291,439.055332109928,310.500760252476,369.698067131996,782.21310053587,420.912549791336,618.409694459438,319.831334016323,119.223998093605
"8350002",2003,74.6445901107788,15.0325910639763,40.7435054354668,109.893424329758,109.893424329758,925.800263457298,413.655436863899,211.493005313873,261.256065387726,263.122180140495,170.023788585663,177.2809015131
"8350002",2004,5.70201730012894,35.7671994280815,175.725805885792,387.737176408768,0.371700048218048,672.838041415215,535.98962621212,156.235274023533,234.301074514389,343.157768425941,192.831857786179,87.0853551292419
"8350002",2005,60.1303642559051,5.18365209102631,96.4159288930893,103.154676611423,929.428819921017,794.653865554333,517.328478684425,523.548861193657,108.33832870245,101.599580984116,231.398229343414,81.9017030382156
"8350002",2006,145.142258548737,56.5018077921867,71.0160336470604,222.897039914131,406.398323936462,819.535395591259,608.560755486488,338.9071737113,240.521457023621,375.814776599407,68.4242076015472,242.076552650929
"8350002",2007,51.8365209102631,97.4526593112946,27.9917212915421,287.69269105196,113.314634709835,199.05224029541,NA,113.314634709835,82.9384334564209,105.746502656937,35.7671994280815,44.0610427737236
"8350002",2008,49.7630600738525,13.4774954366684,10.3673041820526,165.876866912842,494.52040948391,178.317631931305,430.243123555183,704.976684379578,123.370919766426,90.1955463838577,78.7915117835999,80.8649726200104
"8350002",2009,26.9549908733368,80.8649726200104,36.2855646371841,NA,475.859261956215,475.859261956215,343.157768425941,501.777522411346,77.7547813653946,390.847367663383,249.852030787468,100.56285056591
"8350002",2010,48.7263296556473,85.0118942928314,88.1220855474472,82.4200682473183,97.9710245203972,578.080881191254,119.742363302708,181.427823185921,76.1996857380867,151.881006267071,91.232276802063,176.762536303997
"9104003",1981,NA,NA,NA,NA,NA,NA,NA,NA,NA,NA,NA,NA
"9104003",1982,NA,NA,NA,NA,NA,NA,NA,NA,NA,NA,NA,NA
"9104003",1983,NA,NA,NA,NA,NA,NA,NA,NA,NA,NA,NA,NA
"9104003",1984,NA,NA,NA,NA,NA,NA,NA,NA,NA,NA,NA,NA
"9104003",1985,NA,NA,NA,NA,NA,NA,NA,NA,NA,NA,NA,NA
"9104003",1986,44.5726080369949,87.0720715141296,111.949806232452,203.168166866302,307.861967139244,362.80029797554,133.717824110985,266.399075942039,82.9257823944092,122.315529031754,216.643606505394,18.6583010387421
"9104003",1987,0.5686645950008,15.5485841989517,105.730372552872,88.6269299340248,192.802444067001,188.656154947281,386.641460413933,287.648807680607,137.34582709074,95.3646497535706,50.7920417165756,23.8411624383926
"9104003",1988,38.5604888134003,0.466120834302255,148.955436625957,78.7794932746887,83.9623546743393,254.996780862808,233.228762984276,294.386527500153,51.8286139965057,117.132667632103,33.1703129577637,59.0846199560165
"9104003",1989,23.8411624383926,7.2560059595108,54.9383308362961,15.5485841989517,98.4743665933609,418.775201091766,284.020804700851,250.850491743088,59.0846199560165,55.9749031162262,19.6948733186722,209.387600545883
"9104003",1990,26.950879278183,59.0846199560165,123.352101311684,137.864113230705,193.839016346931,159.424816653252,155.174870305538,175.180715308189,254.996780862808,46.1274664568901,51.3103278565407,21.7680178785324
"9104003",1991,29.0240238380432,10.3657227993011,26.950879278183,162.741847949028,513.621564705372,196.948733186722,355.129663104057,100.547511153221,167.924709348679,77.2246348547935,74.1149180150032,166.369850928783
"9104003",1992,0.796484305832942,51.9322712244987,121.278956751823,211.046116193771,624.534798657894,465.420953688622,216.643606505394,187.101296527386,183.47329354763,122.833815171719,24.8777347183228,137.34582709074
"9104003",1993,75.6697764348984,1.03657227993011,67.3771981954575,139.937257790565,514.139850845337,343.105424656868,353.471147456169,179.32700442791,57.0114753961563,96.4012220335007,72.249087911129,80.8526378345489
"9104003",1994,13.4754396390915,0.291309980942073,50.7920417165756,101.584083433151,148.229836030006,315.117973098755,320.300834498405,86.0354992341995,156.522414269447,162.741847949028,119.205812191963,124.388673591614
"9104003",1995,10.3657227993011,3.10971683979034,53.901758556366,176.21728758812,72.560059595108,359.69058113575,286.093949260712,253.960208582878,53.901758556366,82.9257823944092,8.29257823944092,0.396789936917263
"9104003",1996,18.6583010387421,53.901758556366,69.4503427553177,132.681251831055,135.790968670845,202.649880726337,49.7554694366455,219.753323345184,37.3166020774841,36.280029797554,89.1452160739899,33.1703129577637
"9104003",1997,27.9874515581131,23.8411624383926,0.550210245956819,228.045901584625,276.764798741341,298.843788303852,204.204739146233,134.547081934929,214.570461945534,146.364005926132,77.7429209947586,19.6948733186722
"9104003",1998,9.32915051937103,6.21943367958069,29.0240238380432,63.230909075737,123.352101311684,119.205812191963,115.059523072243,146.156691470146,77.7429209947586,8.29257823944092,14.5120119190216,47.6823248767853
"9104003",1999,30.0605961179733,27.9874515581131,32.1337406778336,44.5726080369949,178.394089375973,332.739701857567,167.924709348679,284.020804700851,183.47329354763,33.1703129577637,41.4628911972046,8.29257823944092
"9104003",2000,32.1337406778336,149.059093853951,43.5360357570648,72.560059595108,88.6269299340248,556.639314322472,117.132667632103,182.540378495693,200.058450026512,72.560059595108,48.7188971567154,20.7314455986023
"9104003",2001,80.8526378345489,8.29257823944092,108.840089392662,64.2674813556671,310.971683979034,223.899612464905,427.067779331207,156.522414269447,48.7188971567154,26.950879278183,107.803517112732,0.0256403002673627
"9104003",2002,11.4022950792313,49.7554694366455,118.169239912033,98.4743665933609,272.61850962162,161.705275669098,211.460745105743,286.093949260712,155.485841989517,305.788822579384,140.973830070496,75.6697764348984
"9104003",2003,29.0240238380432,7.2560059595108,20.7314455986023,36.280029797554,64.2674813556671,503.774128046036,163.778420228958,120.242384471893,204.204739146233,108.840089392662,125.425245871544,84.9989269542694
"9104003",2004,0.716393516555427,18.6583010387421,71.5234873151779,219.753323345184,30.0605961179733,359.69058113575,258.106497702599,132.681251831055,131.644679551125,185.546438107491,107.803517112732,87.0720715141296
"9104003",2005,24.8777347183228,2.07314455986023,99.510938873291,47.6823248767853,474.750104207993,447.79922492981,214.570461945534,285.057376980782,95.3646497535706,39.3897466373444,151.339552869797,51.8286139965057
"9104003",2006,83.9623546743393,58.0480476760864,68.4137704753876,176.21728758812,211.979031245708,NA,307.861967139244,276.764798741341,117.132667632103,119.724098331928,15.5485841989517,104.693800272942
"9104003",2007,20.7314455986023,51.8286139965057,15.5485841989517,160.668703389168,74.6332041549683,188.656154947281,275.728226461411,173.107570748329,87.0720715141296,78.7794932746887,20.7314455986023,48.7188971567154
"9104003",2008,21.7680178785324,10.3657227993011,13.4754396390915,107.803517112732,308.898539419174,158.595558829308,245.667630343437,377.312309894562,60.1211922359467,49.7554694366455,65.3040536355972,35.2434575176239
"9104003",2009,4.14628911972046,44.5726080369949,9.32915051937103,72.560059595108,251.887064023018,221.826467905045,82.9257823944092,213.533889665604,39.3897466373444,179.32700442791,102.620655713081,32.1337406778336
"9104003",2010,36.280029797554,97.4377943134308,30.0605961179733,2.07314455986023,69.4503427553177,216.643606505394,279.874515581131,233.228762984276,41.4628911972046,50.7920417165756,47.6823248767853,92.2549329137802
"9105002",1981,116.067103294373,16.5367199707031,31.1097044448853,50.8504139099121,337.969214401245,68.2139698791504,137.46148475647,53.7443399047852,45.9927524185181,30.0761594467163,2.58386249542236,14.4696299743652
"9105002",1982,68.2139698791504,40.3082549285889,31.0063499450684,38.241164932251,246.500482063293,287.015445991516,255.802387046814,177.769739685059,92.3989228363037,100.253864822388,34.1069849395752,2.06708999633789
"9105002",1983,6.09791548919678,7.23481498718262,11.5757039794922,121.234828285217,113.793304298401,170.018152198792,147.280162239075,109.555769805908,97.7733568267822,22.8413444595337,0.354191819359885,11.8857674789429
"9105002",1984,15.709883972168,58.3952923965454,14.7796934738159,13.9528574752808,311.303753448486,142.215791748047,234.097942085266,60.6690913925171,116.48052129364,174.979168190002,28.7325509490967,4.65095249176025
"9105002",1985,48.2665514144897,3.10063499450684,37.207619934082,105.421589813232,263.967392532349,83.8204993515015,53.6409854049683,58.1885833969116,125.265653778076,70.7978323745727,43.4088899230957,1.55031749725342
"9105002",1986,20.6708999633789,75.5521393661499,41.135090927124,116.48052129364,210.223052627563,215.494132118225,76.7923933639526,117.82412979126,82.270181854248,66.663652381897,138.081611755371,5.6844974899292
"9105002",1987,0.71454554688232,8.26835998535156,64.5965623855591,71.0045413742066,87.5412613449097,88.8848698425293,213.840460121155,145.006363243103,107.48867980957,69.2475148773193,21.1876724624634,17.5702649688721
"9105002",1988,14.5729844741821,0.526652482179698,83.4070813522339,40.8250274276733,52.1940224075317,156.375358222961,154.10155922699,156.168649223328,39.7914824295044,49.3000964126587,23.7715349578857,23.1514079589844
"9105002",1989,23.7715349578857,2.06708999633789,21.2910269622803,13.4360849761963,47.026297416687,177.769739685059,206.708999633789,181.490501678467,38.241164932251,39.2747099304199,12.4025399780273,151.41434223175
"9105002",1990,8.26835998535156,33.0734399414062,70.6944778747559,83.2003723526001,163.816882209778,111.312796302795,112.863113800049,109.555769805908,135.394394760132,83.5104358520508,45.062561920166,16.64007447052
"9105002",1991,32.0398949432373,3.61740749359131,11.1622859802246,163.196755210876,266.757964027405,116.170457794189,198.233930648804,49.0933874130249,80.6165098571777,42.168635925293,29.6627414474487,107.17861631012
"9105002",1992,0.81990187049294,31.316413444519,41.3417999267578,116.48052129364,350.991881378174,279.5739220047,75.0353668670654,103.147790817261,75.6554938659668,57.0516838989258,45.8893979187012,91.158668838501
"9105002",1993,16.8467834701538,1.03354499816895,65.8368163833618,114.000013298035,314.921160942078,222.005465606689,196.166840652466,117.720775291443,32.9700854415894,63.3563083877563,47.9564879150391,35.6573024368286
"9105002",1994,3.10063499450684,7.02810598754883,11.0589314804077,95.2928488311768,70.0743508758545,218.594767112732,197.510449150085,34.8304664382935,96.4297483291626,94.8794308319092,47.7497789154053,62.5294723892212
"9105002",1995,16.2266564712524,0.206708999633789,29.4560324478149,150.897569732666,53.4342764053345,270.788789520264,235.95832308197,164.850427207947,33.6935669403076,97.1532298278809,9.30190498352051,0.499479084073149
"9105002",1996,11.4723494796753,36.1740749359131,40.204900428772,90.5385418395996,116.273812294006,136.531294258118,21.8077994613647,203.918428138733,24.9084344558716,25.4252069549561,43.4088899230957,32.5566674423218
"9105002",1997,33.5902124404907,20.2574819641113,1.03354499816895,173.7389141922,128.159579772949,272.649170516968,191.205824661255,90.3318328399658,120.407992286682,147.176807739258,100.667282821655,8.57842348480225
"9105002",1998,5.6844974899292,14.7796934738159,15.8132384719849,36.8975564346313,130.433378768921,108.935642807007,71.7280228729248,122.47508228302,61.8059908905029,2.58386249542236,14.5729844741821,17.4669104690552
"9105002",1999,15.5031749725342,9.09519598388672,62.5294723892212,19.63735496521,80.2030918579102,252.805106552124,110.48596030426,152.654596229553,137.978257255554,7.13146048736572,17.673619468689,5.78785198974609
"9105002",2000,7.75158748626709,86.7144253463745,21.7044449615478,52.0906679077148,60.772445892334,441.220359718323,125.265653778076,96.9465208282471,175.909358688354,44.6491439208984,40.3082549285889,27.0788789520264
"9105002",2001,62.2194088897705,6.71804248809814,63.4596628875732,51.3671864089966,259.626503540039,236.785159080505,267.378091026306,104.904817314148,31.1097044448853,20.7742544631958,58.7053558959961,0.651911079817697
"9105002",2002,11.1622859802246,35.6573024368286,72.4515043716431,68.8340968780518,236.268386581421,117.204002792358,125.885780776978,169.294670700073,125.058944778442,230.997307090759,73.5884038696289,32.7633764419556
"9105002",2003,4.34088899230957,0.516772499084473,50.8504139099121,31.9365404434204,31.7298314437866,402.35906778717,110.589314804077,75.9655573654175,119.47780178833,60.4623823928833,70.2810598754883,39.5847734298706
"9105002",2004,2.06708999633789,13.746148475647,66.8703613815308,108.005452308655,8.57842348480225,236.165032081604,192.446078659058,105.421589813232,91.4687323379517,93.7425313339233,42.5820539245605,25.0117889556885
"9105002",2005,12.9193124771118,0.242134149032113,47.5430699157715,40.3082549285889,409.800591773987,270.788789520264,156.582067222595,171.568469696045,62.0126998901367,36.3807839355469,97.1532298278809,37.207619934082
"9105002",2006,32.9700854415894,7.75158748626709,31.5231224441528,129.916606269836,182.420692176819,283.708101997375,195.340004653931,168.467834701538,103.871272315979,78.5494198608398,20.4641909637451,70.2810598754883
"9105002",2007,28.422487449646,40.8250274276733,18.0870374679565,120.924764785767,83.2003723526001,181.38714717865,177.769739685059,115.240267295837,67.6971973800659,53.2275674057007,27.388942451477,26.8721699523926
"9105002",2008,3.7207619934082,14.9864024734497,10.8522224807739,80.6165098571777,288.359054489136,100.357219322205,233.581169586182,360.707204360962,50.6437049102783,25.7352704544067,39.0680009307861,11.3689949798584
"9105002",2009,4.13417999267578,26.8721699523926,13.5394394760132,32.0398949432373,241.849529571533,289.392599487305,98.1867748260498,266.654609527588,73.3816948699951,143.662754745483,80.6165098571777,24.8050799560547
"9105002",2010,16.5367199707031,80.6165098571777,23.7715349578857,10.3354499816895,57.8785198974609,176.73619468689,205.67545463562,209.809634628296,23.7715349578857,63.0462448883057,62.0126998901367,33.0734399414062
"9113003",1981,80.641739238739,18.8804072027206,46.401000752449,91.3086359634399,342.834060731888,72.0015528917313,156.270037016869,73.6015874004364,42.1342420625687,27.7339314842224,4.80010352611542,17.4937106285095
"9113003",1982,89.8152704219818,31.6806832723618,44.1609524402618,36.0541109294891,221.12476910305,263.259011165619,297.926425520897,176.217133892059,120.855939890862,98.0287809000015,33.2807177810669,0.182964875067004
"9113003",1983,51.7344491147995,2.66672418117523,10.7735656919479,83.3084634199142,89.9219393892288,141.763057471275,111.149063871384,99.5221464414597,106.98897414875,16.6403588905334,0.171589434939499,4.05342075538635
"9113003",1984,14.2936416110992,70.4015183830261,14.6136485128403,18.1337244319916,253.978811015129,91.628642865181,209.604520640373,67.8414631690979,98.0287809000015,154.883340442657,28.5872832221985,4.80010352611542
"9113003",1985,74.1349322366714,7.14682080554962,33.6007246828079,81.068415107727,266.885756052017,58.9879388875961,65.0680700206757,67.9481321363449,115.20248462677,85.3351737976074,56.5345526409149,6.61347596931458
"9113003",1986,8.74685531425476,56.3212147064209,49.0677249336243,104.428918934822,177.60383046627,184.003968501091,88.0018979787827,148.269864473343,48.0010352611542,56.5345526409149,130.669484877586,3.20006901741028
"9113003",1987,0.583132637907712,4.26675868988037,61.3346561670303,51.4144422130585,85.3351737976074,103.682236164093,201.604348096848,130.669484877586,88.0018979787827,56.5345526409149,24.5338624668121,22.4004831218719
"9113003",1988,32.5340350103378,1.02661156632801,97.6021050310135,32.5340350103378,46.9343455886841,144.003105783463,136.002933239937,152.003278326988,36.0541109294891,50.6677594423294,21.3337934494019,33.0673798465729
"9113003",1989,6.40013803482056,5.86679319858551,29.8673108291626,14.4003105783463,34.134069519043,146.136485128403,221.871451873779,160.536795706749,42.1342420625687,46.9343455886841,11.200241560936,107.202312083244
"9113003",1990,2.66672418117523,53.3344836235046,59.7346216583252,84.0551461906433,127.149408958435,122.135967497826,124.802691679001,83.7351392889023,155.736692180634,77.8683460903168,44.6942972764969,7.46682770729065
"9113003",1991,3.73341385364532,4.05342075538635,59.7346216583252,137.069622912407,234.67172794342,103.468898229599,146.456492030144,82.9884565181732,68.48147697258,40.3208696193695,40.0008627176285,100.482167146683
"9113003",1992,0.258420510785484,21.7604693183899,42.6675868988037,93.3353463411331,265.179052576065,241.81854874897,91.2019669961929,108.589008657455,109.975705231667,48.7477180318832,26.1338969755173,80.215063369751
"9113003",1993,10.986903626442,0.558346452810755,56.961228509903,96.5354153585434,422.835786167145,203.3110515728,165.870244069099,91.521973897934,19.4137520389557,59.7346216583252,52.9078077545166,43.7342765712738
"9113003",1994,6.40013803482056,5.33344836235046,16.2136830215454,49.2810628681183,80.001725435257,238.938486633301,166.616926839828,31.4673453378677,83.9484772233963,96.7487532930374,39.1475109796524,51.6277801475525
"9113003",1995,13.6536278076172,0.566272819125671,14.4003105783463,141.336381602287,44.2676214075088,214.831300035477,192.644154848099,182.083927090645,28.8006211566925,91.948649766922,9.06686221599579,0.482724983211432
"9113003",1996,29.2272970256805,46.9343455886841,76.2683115816116,77.6550081558228,93.3353463411331,82.3484427146912,13.5469588403702,175.897126990318,21.7604693183899,36.0541109294891,31.4673453378677,24.1071865978241
"9113003",1997,32.5340350103378,2.98673108291626,0.807576072867681,123.095988203049,200.43098945713,300.166473833084,207.364472328186,71.2548701210022,81.4950909767151,143.789767848969,93.0153394393921,10.5602277574539
"9113003",1998,NA,18.3470623664856,10.1335518884659,21.4404624166489,86.5085324373245,99.0954705724716,35.7341040277481,71.7882149572372,60.2679664945602,4.80010352611542,10.1335518884659,15.1469933490753
"9113003",1999,11.840255364418,18.0270554647446,82.1351047801971,13.8669657421112,103.255560295105,236.911776255608,104.748925836563,113.282443216324,110.082374198914,25.7072211065292,15.5736692180634,6.9334828710556
"9113003",2000,7.25348977279663,97.0687601947784,12.9069450368881,79.1483736972809,79.5750495662689,572.599016181946,91.628642865181,70.4015183830261,141.549719536781,52.9078077545166,47.8943662939072,17.2803726940155
"9113003",2001,69.654835612297,0.670175084330088,77.9750150575638,34.24073848629,217.178017314911,160.750133641243,210.457872378349,210.457872378349,27.9472694187164,29.2272970256805,45.974324883461,0.788802770850659
"9113003",2002,6.9334828710556,17.4937106285095,72.5348977279663,61.7613320360184,185.924009911537,110.509050067902,80.748408205986,154.029988704681,141.123043667793,204.271072278023,42.4542489643097,24.1071865978241
"9113003",2003,15.7870071525574,4.26675868988037,10.8802346591949,13.3336209058762,37.7608144054413,334.727219221115,109.549029362679,78.2950219593048,125.976050318718,48.8543869991302,50.6677594423294,19.2004141044617
"9113003",2004,1.06668967247009,28.2672763204575,46.080993850708,100.908843015671,0.487764313193765,174.297092481613,151.683271425247,92.8020015048981,63.6813734464645,87.8952290115356,43.0942627677917,13.1202829713821
"9113003",2005,3.09340005016327,0.272338943305885,24.2138555650711,35.4140971260071,347.634164258003,245.125286733627,166.93693374157,134.082891829491,47.4676904249191,35.5207660932541,68.1614700708389,30.6139935998917
"9113003",2006,33.0673798465729,10.4535587902069,40.4275385866165,134.296229763985,133.122871124268,266.885756052017,165.016892331123,149.869898982048,154.670002508163,62.7213527412415,9.28020015048981,35.8407729949951
"9113003",2007,7.68016564178467,46.9343455886841,12.3736002006531,123.309326137543,77.2283322868347,189.657423765183,107.202312083244,109.12235349369,64.4280562171936,37.8674833726883,7.04015183830261,30.1873177309036
"9113003",2008,4.48009662437439,16.0003450870514,8.85352428150177,63.1480286102295,224.538176054955,112.855767347336,234.885065877914,327.473729448318,45.867655916214,43.6276076040268,28.6939521894455,5.97346216583252
"9113003",2009,4.80010352611542,12.2669312334061,6.9334828710556,22.4004831218719,206.831127491951,253.872142047882,94.9353808498383,252.912121342659,62.4013458395004,136.536278076172,57.601242313385,33.6007246828079
"9113003",2010,13.8669657421112,52.8011387872696,34.134069519043,0.222581405799267,46.9343455886841,195.417547996521,246.938659176826,169.816995857239,23.8938486633301,49.0677249336243,50.1344146060944,34.880752289772
"9122001",1981,161.835900831223,34.0164632320404,69.0637283802032,194.82156214714,624.665961170197,308.209772920609,160.8050989151,185.544344902039,164.92830657959,75.2485398769379,48.4476900577545,58.7557092189789
"9122001",1982,56.694105386734,83.4949552059174,77.3101437091827,47.4168881416321,282.439725017548,439.121616268158,447.368031597137,278.316517353058,188.636750650406,320.579395914078,138.230536952019,0.496936041857767
"9122001",1983,63.9097187995911,11.3388210773468,4.12320766448975,180.390335321426,228.838025379181,346.349443817139,164.92830657959,206.160383224487,145.343070173264,104.110993528366,12.8850239515305,24.7392459869385
"9122001",1984,89.1643657445908,154.620287418365,57.7249073028564,40.201274728775,474.168881416321,206.160383224487,236.053638792038,111.326606941223,155.651089334488,288.624536514282,74.2177379608154,53.0862986803055
"9122001",1985,94.8337762832642,26.8008498191833,67.0021245479584,215.95300142765,396.858737707138,181.421137237549,152.558683586121,104.626394486427,157.712693166733,102.049389696121,92.7721724510193,8.24641532897949
"9122001",1986,41.7474776029587,62.8789168834686,91.7413705348968,200.490972685814,312.848381543159,357.172863936424,124.727031850815,209.768189930916,80.4025494575501,107.718800234795,221.622411966324,40.201274728775
"9122001",1987,0.515400958061218,15.4620287418365,76.7947427511215,83.4949552059174,163.382103705406,241.20764837265,250.484865617752,216.468402385712,127.819437599182,105.65719640255,76.2793417930603,49.478491973877
"9122001",1988,78.3409456253052,0.192156611234736,167.505311369896,79.8871484994888,64.9405207157135,243.269252204895,139.67365963459,266.46229531765,87.6181628704071,137.612055802345,26.8008498191833,67.0021245479584
"9122001",1989,28.8624536514282,13.4004249095917,54.6325015544891,29.3778546094894,149.466277837753,395.827935791016,261.308285737038,258.731280946732,95.3491772413254,85.5565590381622,30.9240574836731,280.27504099369
"9122001",1990,39.1704728126526,44.3244823932648,86.0719599962235,123.180828976631,269.039300107956,225.230218672752,138.642857718468,135.5504519701,277.285715436935,110.811205983162,65.9713226318359,97.9261820316315
"9122001",1991,36.387307639122,22.2653213882446,45.3552843093872,228.013383846283,602.29755959034,204.717260541916,343.360118260384,94.4214555168152,181.627297620773,91.2259695768356,74.7331389188766,240.073766264915
"9122001",1992,0.0539924743662079,79.3717475414276,90.1951676607132,171.628519034386,484.167660002708,307.178971004486,131.427244305611,101.53398873806,201.006373643875,226.261020588875,31.8517792081833,91.7413705348968
"9122001",1993,128.334838557243,0.618481149673462,73.186936044693,161.938981022835,496.846523571014,338.309188871384,226.776421546936,195.336963105202,77.825544667244,137.096654844284,124.211630892754,122.66542801857
"9122001",1994,17.5236325740814,20.6160383224487,42.5721191358566,102.564790654182,190.18295352459,318.002391123772,244.609294695854,106.172597360611,211.314392805099,241.723049330711,129.365640473366,171.113118076324
"9122001",1995,37.6242699384689,11.1326606941223,75.7639408349991,175.751726698875,101.018587779999,418.505577945709,279.965800418854,225.12713848114,42.7782795190811,101.018587779999,51.0246948480606,0.537451263910095
"9122001",1996,29.9963357591629,63.9097187995911,160.289697957039,126.273234724998,123.696229934692,185.028943943977,38.6550718545914,201.006373643875,78.3409456253052,85.041158080101,92.2567714929581,32.4702603578568
"9122001",1997,79.8871484994888,54.6325015544891,14.9466277837753,264.916092443466,195.852364063263,346.349443817139,268.523899149895,147.92007496357,158.228094124794,206.160383224487,133.488848137856,70.6099312543869
"9122001",1998,25.2546469449997,17.5236325740814,35.0472651481628,61.8481149673462,92.3598516845703,118.54222035408,128.850239515305,154.104886460304,136.581253886223,12.8850239515305,70.6099312543869,61.8481149673462
"9122001",1999,54.6325015544891,7.21561341285706,29.7901753759384,53.0862986803055,187.090547776222,354.69893933773,122.66542801857,122.66542801857,238.115242624283,67.1052047395706,55.6633034706116,71.6407331705093
"9122001",2000,51.0246948480606,184.513542985916,86.5873609542847,77.3101437091827,93.3906536006927,508.700745606422,181.93653819561,220.07620909214,211.314392805099,112.151248474121,89.3705261278153,76.2793417930603
"9122001",2001,94.8337762832642,20.6160383224487,113.903611731529,89.5766865110397,314.188424034119,278.316517353058,351.503453397751,165.959108495712,54.6325015544891,42.6751993274689,156.166490292549,0.732765044093598
"9122001",2002,16.492830657959,66.4867235898972,130.911843347549,136.581253886223,275.224111604691,197.913967895508,181.421137237549,197.913967895508,239.146044540405,330.887415075302,160.8050989151,108.749602150917
"9122001",2003,52.055496764183,15.9774296998978,38.6550718545914,39.6858737707138,74.2177379608154,423.659587526321,207.706586098671,172.143919992447,217.499204301834,127.819437599182,93.3906536006927,145.858471131325
"9122001",2004,0.515400958061218,19.5852364063263,65.4559216737747,199.460170769691,15.9774296998978,408.712959742546,246.877058911324,106.172597360611,155.135688376427,242.547690863609,114.41901268959,86.0719599962235
"9122001",2005,42.7782795190811,0.758961737462394,43.6029210519791,63.9097187995911,412.320766448975,424.690389442444,155.651089334488,293.263145136833,52.3647373390198,44.3244823932648,193.275359272957,58.2403082609177
"9122001",2006,89.679766702652,64.4251197576523,79.8871484994888,129.881041431427,139.67365963459,337.587627530098,325.218004536629,145.343070173264,189.152151608467,168.536113286018,31.9548593997955,135.653532161713
"9122001",2007,14.2250664424896,69.5791293382645,35.0472651481628,174.720924782753,111.842007899284,193.275359272957,274.193309688568,193.790760231018,63.3943178415298,81.9487523317337,26.8008498191833,59.7865111351013
"9122001",2008,35.5626661062241,38.1396708965301,12.3696229934692,119.573022270203,259.762082862854,126.78863568306,126.78863568306,336.041424655914,48.9630910158157,14.9466277837753,43.8090814352036,5.15400958061218
"9122001",2009,1.54620287418365,35.0472651481628,2.57700479030609,24.7392459869385,244.815455079079,131.427244305611,81.9487523317337,93.2875734090805,37.1088689804077,120.088423228264,89.679766702652,15.9774296998978
"9122001",2010,8.24641532897949,20.6160383224487,22.1622411966324,6.70021245479584,41.2320766448975,132.458046221733,169.566915202141,169.566915202141,7.21561341285706,123.180828976631,79.6809881162643,48.4476900577545
"8304004",1981,NA,NA,NA,NA,NA,NA,NA,NA,NA,NA,NA,NA
"8304004",1982,NA,NA,NA,NA,NA,NA,NA,NA,NA,NA,NA,NA
"8304004",1983,NA,NA,NA,NA,NA,NA,NA,NA,NA,NA,NA,NA
"8304004",1984,NA,NA,NA,NA,NA,NA,NA,NA,NA,NA,NA,NA
"8304004",1985,NA,NA,NA,NA,NA,NA,NA,NA,NA,NA,NA,NA
"8304004",1986,NA,NA,NA,NA,NA,NA,NA,NA,NA,NA,NA,NA
"8304004",1987,NA,NA,NA,NA,NA,NA,NA,NA,NA,NA,NA,NA
"8304004",1988,55.4149508285522,0.736333873499426,84.6617304325104,88.7665416049957,54.9018494319916,293.493998832703,150.851810588837,203.803874713898,23.6026642417908,113.395408639908,0.276189541069257,67.7293843460083
"8304004",1989,21.5502586555481,8.2096223449707,17.4454474830627,10.2620279312134,55.4149508285522,216.015687952042,165.218649692535,214.47638376236,61.5721675872803,37.9695033454895,12.3144335174561,92.3582513809204
"8304004",1990,21.0371572589874,32.3253879833221,69.781789932251,115.447814226151,218.581194934845,46.6922270870209,190.873719520569,NA,NA,NA,2.15502586555481,35.9170977592468
"8304004",1991,14.1615985450745,0.4480462607971,41.3559725627899,185.229604158401,408.633952220917,219.710018007278,316.788802236557,69.2686885356903,163.474104944229,52.2337221698761,70.8079927253723,127.967488302231
"8304004",1992,4.72053284835815,41.3559725627899,68.7555871391296,148.696784723282,526.647273429871,306.629394584656,227.817020072937,141.41074489212,143.155289640427,178.969767120361,37.9695033454895,84.1486290359497
"8304004",1993,54.9018494319916,3.07860837936401,54.3887480354309,194.054948179245,491.03803650856,499.247658853531,388.930858592987,267.838929004669,25.0393481521606,205.240558624268,135.356148412704,95.4368597602844
"8304004",1994,0.399531893909471,0.772193974790422,75.4259052944183,72.860398311615,232.024451524735,531.059945440292,389.957061386108,92.4608716602325,346.856544075012,179.585488796234,75.1180444564819,200.109544658661
"8304004",1995,19.4978530693054,0.905705204558986,52.3363424491882,159.061432933807,61.5721675872803,592.324252189636,265.47866258049,271.943740177155,98.7207086982727,95.4368597602844,20.5240558624268,3.07860837936401
"8304004",1996,19.4978530693054,33.8646921730042,75.939006690979,82.096223449707,166.244852485657,163.166244106293,26.6812726211548,51.3101396560669,59.5197620010376,19.4978530693054,71.8341955184937,20.5240558624268
"8304004",1997,67.7293843460083,12.4170537967682,0.87386749116757,337.62071893692,106.725090484619,387.904655799866,159.061432933807,144.694593830109,136.484971485138,149.825607795715,113.908510036468,27.7074754142761
"8304004",1998,2.05240558624268,2.05240558624268,23.6026642417908,73.8866011047363,62.5983703804016,84.1486290359497,89.2796430015564,147.773202209473,70.2948913288116,8.2096223449707,34.8908949661255,NA
"8304004",1999,21.5502586555481,45.1529228973389,26.7838929004669,72.860398311615,158.035230140686,452.452811487198,63.7271934528351,305.808432350159,231.921831245422,13.3406363105774,16.4192446899414,58.4935592079163
"8304004",2000,13.8537377071381,130.32775472641,51.3101396560669,43.2031375904083,31.8122865867615,389.957061386108,74.399702501297,171.375866451263,40.0219089317322,2.05240558624268,4.51529228973389,9.23582513809204
"8304004",2001,17.4454474830627,0.945951025586204,33.8646921730042,2.05240558624268,117.602840091705,292.467796039581,578.778375320435,102.620279312134,17.4454474830627,0.625063768102562,4.10481117248535,0.206138613040247
"8304004",2002,36.4301991558075,148.799405002594,187.282009744644,116.474017019272,373.537816696167,562.359130630493,399.1928865242,481.289109973907,197.030936279297,606.485850734711,242.183859176636,92.3582513809204
"8304004",2003,56.4411536216736,10.2620279312134,7.18341955184937,44.1267201042175,72.9630185909271,437.16238986969,182.664097175598,84.7643507118225,297.7014302845,145.72079662323,95.6421003189087,24.0131453590393
"8304004",2004,0.971573505306883,33.8646921730042,73.0656388702393,101.388835960388,20.0109544658661,415.304270376205,284.258173694611,81.0700206565857,185.742705554962,208.832268400192,111.240382774353,52.8494438457489
"8304004",2005,6.15721675872803,19.4978530693054,41.5612131214142,32.8384893798828,359.27359787178,298.317151960373,215.707827114105,243.210061969757,50.2839368629456,35.9170977592468,70.8079927253723,57.4673564147949
"8304004",2006,64.6507759666443,23.6026642417908,63.6245731735229,146.233898019791,183.690299968719,367.380599937439,304.782229557037,191.89992231369,183.690299968719,128.275349140167,5.13101396560669,60.5459647941589
"8304004",2007,27.7074754142761,73.8866011047363,21.5502586555481,167.784156675339,43.6136187076569,87.7403388118744,235.513541021347,143.668391036987,72.860398311615,39.91928865242,4.41267201042175,75.2206647357941
"8304004",2008,24.6288670349121,16.9323460865021,0.297300923444257,80.0438178634644,369.433005523682,166.757953882217,297.598810005188,492.577340698242,36.9433005523682,53.8756466388702,50.2839368629456,26.6812726211548
"8304004",2009,10.2620279312134,45.1529228973389,27.7074754142761,61.0590661907196,296.059505815506,257.576901073456,145.207695226669,382.363160717011,103.646482105255,226.277715883255,249.880380125046,63.1114717769623
"8304004",2010,43.1005173110962,64.6507759666443,41.0481117248535,18.9847516727447,61.5721675872803,353.526862230301,183.279818851471,108.777496070862,9.74892653465271,68.0372451839447,50.7970382595062,67.2162829494476
"9111002",1981,118.685190580368,7.48277909088135,68.2803592042923,105.902109633446,411.448922511101,114.632018572807,165.140777436256,53.0030185604095,90.8326239643097,17.0441079292297,16.2126880302429,27.8525666160584
"9111002",1982,80.3359477396011,49.3655565023422,48.118426653862,19.1226576766968,195.383676261902,335.893639190674,267.301497524261,194.448328875542,121.699087714195,145.186699860573,57.0561905679703,0.19490864208375
"9111002",1983,90.4169140148163,11.8477335605621,32.0096661109924,144.563134936333,143.835642524719,194.760111337662,151.318421615601,137.807848257065,131.052561577797,93.9504485855103,0.264470900746898,15.9009055681229
"9111002",1984,34.9196357574463,63.7075497598648,14.8616306943893,34.3999983205795,455.722032132149,147.369177095413,237.993946084976,75.7631382951736,95.3015059213638,176.884583509445,49.4694839897156,10.7045311994553
"9111002",1985,36.6864030427933,11.8477335605621,43.9613271589279,141.341382827759,283.929895503998,149.343799355507,117.853770681381,84.7009022092819,128.454374393463,87.5069443683624,75.7631382951736,6.23564924240112
"9111002",1986,35.7510556564331,109.643499178886,89.4815666284561,171.792136628151,275.511769026756,206.607844898224,123.569782486916,161.399387890816,62.7722023735046,76.1788482446671,138.535340668678,9.66525632572174
"9111002",1987,0.96815687044144,9.45740135097504,68.5921416664124,66.9293018684387,151.941986539841,140.509962928772,229.160109658241,160.879750453949,131.78005398941,82.3105699996948,37.3099679670334,43.2338347473145
"9111002",1988,53.5226559972763,0.204028243525011,92.1836813001633,45.2084570074081,69.4235615653992,197.462226009369,149.239871868134,169.193949443817,65.6821720199585,103.927487373352,31.3861011867523,45.7280944442749
"9111002",1989,25.4622344064713,14.5498482322693,39.9081551513672,23.903322095871,80.6477302017212,241.111770706177,257.32445873642,220.11841825676,64.3311146841049,60.1740151891708,34.2960708332062,202.346817915916
"9111002",1990,14.5498482322693,50.3009038887024,86.2598145198822,84.9087571840286,177.196365971565,161.503315378189,167.73896462059,130.636851628304,203.38609278965,106.837457019806,36.7903305301666,20.7854974746704
"9111002",1991,35.3353457069397,11.4320236110687,27.0211467170715,216.584883686066,344.415693155289,113.280961236954,233.940774077415,63.3957672977448,117.022350782394,60.0700877017975,47.9105716791153,161.711170352936
"9111002",1992,0.184582136423079,30.4507538003922,54.3540758962631,121.699087714195,422.880946122169,296.816903938293,122.842290075302,121.387305252075,163.685792613029,107.357094456673,29.6193339014053,132.507546401024
"9111002",1993,36.89425801754,0.0794235777186045,68.0725042295456,138.223558206558,508.413268230438,236.435033774376,242.670683016777,147.057394633293,47.2870067548752,103.199994961739,99.8743153657913,80.0241652774811
"9111002",1994,16.1087605428696,10.3927487373352,22.5522647600174,99.9782428531647,88.9619291915893,244.541377789497,232.277934279442,60.797580113411,128.870084342957,137.184283332825,115.879148421288,111.722048926353
"9111002",1995,20.2658600378036,0.432044185646052,67.0332293558121,196.942588572502,75.867065782547,311.782462120056,262.416905617714,222.404822978973,36.89425801754,80.9595126638413,27.0211467170715,0.705490415783359
"9111002",1996,8.31419898986816,68.5921416664124,97.6918381309509,101.225372701645,132.507546401024,181.873102903366,18.7069477272034,223.963735289574,52.4833811235428,50.4048313760757,51.4441062498093,19.7462226009369
"9111002",1997,21.3051349115372,7.27492411613464,0.837774360253143,171.480354166031,146.537757196426,301.389713382721,271.250742044449,113.696671186447,150.69485669136,191.226576766968,78.9848904037476,50.4048313760757
"9111002",1998,8.31419898986816,10.3927487373352,21.3051349115372,41.5709949493408,109.643499178886,127.311172032356,88.3383642673492,129.90935921669,80.0241652774811,7.69063406562805,0.836480369943559,27.0211467170715
"9111002",1999,41.0513575124741,24.4229595327377,38.661025302887,10.0809662752151,121.491232739449,274.472494153023,130.428996653557,215.961318761826,144.251352474213,36.89425801754,28.5800590276718,11.9516610479355
"9111002",2000,28.1643490781784,133.027183837891,31.6978836488724,87.2990893936157,62.876129860878,308.352855036736,133.442893787384,118.996973042488,188.212679633141,78.4652529668808,46.7673693180084,45.2084570074081
"9111002",2001,33.2567959594727,4.67673693180084,77.4259780931473,64.4350421714783,234.876121463776,197.981863446236,300.870075945854,109.12386174202,30.0350438508987,32.2175210857391,78.4652529668808,0.441002016127652
"9111002",2002,21.8247723484039,33.2567959594727,94.0543760728836,39.1806627397537,144.978844885826,118.996973042488,99.2507504415512,178.235640845299,157.969780807495,241.111770706177,95.0936509466171,89.3776391410828
"9111002",2003,18.1873102903366,0.269905220426899,23.3836846590042,51.963743686676,49.885193939209,398.561914076805,130.948634090424,93.5347386360168,168.882166981697,74.3081534719467,106.006037120819,58.1993929290771
"9111002",2004,11.4320236110687,16.1087605428696,72.7492411613464,197.981863446236,8.83383642673492,260.857993307114,122.634435100555,136.145008459091,117.438060731888,159.009055681229,130.948634090424,38.4531703281403
"9111002",2005,30.1389713382721,0.400788553852126,76.9063406562805,48.8459190654755,499.891214265823,366.864030427933,188.108752145767,220.326273231506,137.184283332825,38.4531703281403,180.833828029633,43.6495446968079
"9111002",2006,54.0422934341431,53.0030185604095,27.0211467170715,143.419932575226,179.794553155899,298.27188876152,204.737150125504,157.969780807495,116.398785858154,94.5740135097504,17.6676728534698,61.3172175502777
"9111002",2007,30.1389713382721,57.1601180553436,28.0604215908051,156.930505933762,150.590929203987,276.447116413116,283.722040529251,155.891231060028,109.12386174202,124.712984848022,72.7492411613464,51.963743686676
"9111002",2008,6.23564924240112,9.35347386360169,13.5105733585358,111.202411489487,228.640472221375,136.145008459091,319.057386236191,482.223541412354,63.3957672977448,61.3172175502777,61.3172175502777,22.8640472221375
"9111002",2009,9.35347386360169,68.5921416664124,9.35347386360169,64.4350421714783,379.335328912735,202.658600378037,241.111770706177,382.453153533936,122.738362587929,207.854974746704,204.737150125504,53.0030185604095
"9111002",2010,36.3746205806732,60.2779426765442,35.3353457069397,29.0996964645386,49.885193939209,295.15406414032,250.673099544525,138.223558206558,75.867065782547,139.262833080292,121.906942688942,90.4169140148163
"9120003",1981,NA,NA,NA,NA,NA,NA,NA,NA,NA,NA,NA,NA
"9120003",1982,NA,NA,NA,NA,NA,NA,NA,NA,NA,NA,NA,NA
"9120003",1983,NA,NA,NA,NA,NA,NA,NA,NA,NA,NA,NA,NA
"9120003",1984,NA,NA,NA,NA,NA,NA,NA,NA,NA,NA,NA,NA
"9120003",1985,NA,NA,NA,NA,NA,NA,NA,NA,NA,NA,NA,NA
"9120003",1986,NA,NA,NA,NA,NA,NA,NA,NA,NA,NA,NA,NA
"9120003",1987,NA,NA,NA,NA,NA,NA,NA,NA,NA,NA,NA,NA
"9120003",1988,NA,NA,NA,NA,NA,NA,NA,NA,NA,NA,NA,NA
"9120003",1989,37.0924919342995,36.5700624704361,81.4989963626862,27.1663321208954,128.51764811039,500.591912273884,125.905500791073,276.365186383724,98.2167392063141,110.023645089626,37.6149213981628,357.550725068092
"9120003",1990,42.3167865729332,87.2457204651833,159.863415942192,209.912158580303,339.265693832874,352.639888107777,88.3950652856827,364.655765776634,375.41781273222,118.695974189758,121.308121509075,83.0662847542763
"9120003",1991,56.4223820972443,23.5093258738518,91.4251561760902,253.273804080963,805.586233277321,224.64466946125,437.795890717506,30.3009089040756,229.451020528793,48.2724824609757,125.069613648891,283.783684770584
"9120003",1992,6.79158303022385,51.7205169224739,43.8840749645233,319.204402420521,445.109903211594,338.116349012375,127.472789182663,95.6045918869972,243.138672482014,383.463226475716,89.8578677845001,187.029748063087
"9120003",1993,141.578384706974,6.26915356636047,136.35409006834,323.906267595291,642.588240551949,540.401037420273,481.67996568203,353.16231757164,120.681206152439,135.831660604477,203.747490906715,237.078490701199
"9120003",1994,66.8709713745117,37.6149213981628,114.412052586079,196.537964305401,239.795123913288,468.619229085445,547.506078128815,142.623243634701,303.636004397392,348.46045239687,172.924152538776,158.818557014465
"9120003",1995,60.6018178081512,12.5383071327209,108.874300269127,255.468007829189,178.670876641274,729.311531553268,389.732380042076,28.2111910486221,63.7363945913315,187.029748063087,53.287805314064,0.397226493411633
"9120003",1996,56.9448115611076,73.1401249408722,164.042851653099,245.541848015785,272.708180136681,221.51009267807,NA,199.568055195808,106.157667057037,110.755046339035,147.325108809471,33.4354856872559
"9120003",1997,79.4092785072327,67.9158303022385,0.312880808941423,574.149980785847,207.404497153759,645.722817335129,438.840749645233,193.821331093311,254.423148901463,258.811556397915,214.614023755074,132.697083821297
"9120003",1998,39.7046392536163,30.3009089040756,47.0186517477036,127.472789182663,115.979340977669,99.2615981340408,214.196080183983,198.000766804218,128.51764811039,22.9868964099884,60.6018178081512,125.383071327209
"9120003",1999,45.9737928199768,60.6018178081512,42.8392160367966,114.934482049942,245.541848015785,513.025733513832,109.710187411308,483.769683537483,107.620469555855,58.5120999526978,76.7971311879158,83.5887142181396
"9120003",2000,30.9278242607117,262.259590859413,133.741942749023,121.726065080166,139.488666851521,629.005074491501,290.470781908035,289.948352444172,224.122239997387,129.980450609207,157.773698086739,136.040632390022
"9120003",2001,175.536299858093,42.3167865729332,105.321779914856,115.456911513805,568.612228468895,397.046392536163,684.382597661018,221.51009267807,72.0952660131454,44.9289338922501,150.459685592651,2.08971785545349
"9120003",2002,62.1691061997414,106.575610628128,247.631565871239,220.987663214207,288.381064052582,247.631565871239,128.51764811039,301.441800649166,249.198854262829,509.368727266788,316.069825637341,173.969011466503
"9120003",2003,91.3206702833176,31.3457678318024,25.0766142654419,103.441033844948,81.3945104699135,498.397708525658,252.855860509872,112.322334730625,255.468007829189,198.523196268082,85.1560026097298,259.125014076233
"9120003",2004,19.3298901629448,35.002774078846,116.188312763214,467.051940693855,51.1980874586105,547.71504991436,332.787568480969,140.115582208157,253.900719437599,376.149213981628,229.868964099884,124.338212399483
"9120003",2005,65.826112446785,0.919203269123332,134.78680167675,86.7232910013199,300.396941721439,285.246487269402,254.945578365326,330.175421161652,88.8130088567734,53.287805314064,305.09880689621,86.7232910013199
"9120003",2006,172.506208967686,48.0635106754303,89.8578677845001,164.565281116962,168.744716827869,468.096799621582,335.399715800285,174.491440930367,255.990437293053,266.43902657032,66.8709713745117,221.51009267807
"9120003",2007,44.9289338922501,39.7046392536163,41.7943571090698,159.863415942192,110.755046339035,79.4092785072327,90.9027267122269,14.6280249881744,24.0317553377152,143.145673098564,38.6597803258896,130.607365965843
"9120003",2008,95.0821624231339,22.9868964099884,19.8523196268082,129.562507038116,371.969778270721,238.750264985561,351.59502918005,522.429463863373,109.710187411308,108.665328483582,68.4382597661018,41.7943571090698
"9120003",2009,59.5569588804245,105.008322236538,44.9289338922501,202.702631978989,480.635106754303,303.009089040756,156.728839159012,379.283790764809,117.024199905396,306.6660952878,201.657773051262,138.966237387657
"9120003",2010,57.467241024971,126.427930254936,70.005548157692,29.2560499763489,100.306457061768,386.597803258896,104.485892772675,415.853853235245,25.0766142654419,139.07072328043,74.1849838685989,110.755046339035
"9114001",1981,NA,NA,NA,NA,NA,NA,NA,NA,NA,NA,NA,NA
"9114001",1982,NA,NA,NA,NA,NA,NA,NA,NA,NA,NA,NA,NA
"9114001",1983,NA,NA,NA,NA,NA,NA,NA,NA,NA,NA,NA,NA
"9114001",1984,NA,NA,NA,NA,NA,NA,NA,NA,NA,NA,NA,NA
"9114001",1985,NA,NA,NA,NA,NA,NA,NA,NA,NA,NA,NA,NA
"9114001",1986,NA,NA,NA,NA,NA,NA,NA,NA,NA,NA,NA,NA
"9114001",1987,NA,NA,NA,NA,NA,NA,NA,NA,NA,NA,NA,NA
"9114001",1988,NA,NA,NA,NA,NA,NA,NA,NA,NA,NA,NA,NA
"9114001",1989,34.1388561644554,14.5116238741875,64.936906832695,41.9688690462112,69.3217140464783,403.297863496304,396.198651816845,311.425712350368,72.6625195426941,76.3165255541801,39.6720652675629,174.13948649025
"9114001",1990,28.7100472331047,48.9636805539131,117.241392882824,185.623505383492,266.324838151455,202.953933895111,193.140317749977,339.509358552933,284.281667693615,104.922172615528,53.3484877676964,26.1000429391861
"9114001",1991,36.4356599431038,11.0664182062149,39.2544645805359,137.286225860119,456.437550920486,183.222301433086,328.756140861988,148.874644925117,155.973856604576,122.148200955391,62.4313027105331,107.323376565933
"9114001",1992,1.67040274810791,44.6832735118866,86.0257415275574,189.173111223221,490.994007771969,413.111479641438,192.931517406464,152.215450421333,191.052314314842,161.715866051197,37.8972623476982,92.1853516612053
"9114001",1993,28.8144474048615,2.50560412216187,92.6029523482323,189.068711051464,757.423246095181,604.47699447155,406.638668992519,234.795986280918,59.612498073101,96.4657587032318,116.614991852283,120.790998722553
"9114001",1994,34.3476565079689,21.0888346948624,22.9680377864838,126.01100731039,230.306778895378,424.073497675896,540.479689184666,119.016195802689,0.876492756641683,138.956628608227,74.2285221190453,113.169786184311
"9114001",1995,43.9524723095894,3.13200515270233,37.0620609736443,266.429238323212,43.2216711072922,454.140747141838,NA,451.321942504406,99.2845633406639,167.040274810791,27.0396444849968,2.61000429391861
"9114001",1996,41.1336676721573,81.1189334549904,68.9041133594513,120.58219837904,225.086770307541,157.1222584939,56.6892932639122,416.24348479414,90.4105487413406,57.2112941226959,99.8065641994476,45.4140747141838
"9114001",1997,84.6685392947197,32.9904542751312,7.41241219472885,421.463493381977,239.911594696999,559.062919757366,322.59653072834,167.144674982548,207.338741108894,262.984032655239,114.840188932419,35.7048587408066
"9114001",1998,19.6272322902679,0.730801202297211,42.1776693897247,131.648616585255,150.649447844982,121.20859940958,114.840188932419,205.668338360786,77.5693276152611,13.5720223283768,3.65400601148605,33.8256556491852
"9114001",1999,36.1224594278336,28.9188475766182,60.030098760128,10.4400171756744,123.714203531742,159.836662959576,85.6081408405304,181.865099200249,497.571218592644,39.9852657828331,58.4640961837769,21.4020352101326
"9114001",2000,10.8576178627014,91.0369497718811,NA,71.2009171380997,144.698638054848,1005.68685453272,203.997935612679,288.979675422668,156.913458150387,68.0689119853973,143.445835993767,57.3156942944527
"9114001",2001,122.252601127148,20.6712340078354,75.168123664856,103.56497038269,411.545477065086,424.073497675896,598.943785368443,282.19366425848,71.6185178251266,41.8644688744545,91.1413499436378,0.221672088628333
"9114001",2002,35.1828578820229,33.7212554774284,173.930686146736,106.905775878906,377.197820557117,219.97116189146,186.145506242275,305.683702903748,214.85555347538,428.562705061436,147.621842864037,107.218976394176
"9114001",2003,23.0724379582405,19.7316324620247,39.1500644087791,52.2000858783722,76.3165255541801,634.544243937492,214.229152444839,147.20424217701,219.135960517406,167.353475326061,151.797849734306,77.8825281305313
"9114001",2004,3.23640532445908,35.3916582255363,60.3432992753983,188.651110364437,23.4900386452675,442.86552859211,430.02430746603,148.248243894577,171.633882368088,182.387100059032,63.3709042563438,31.7376522140503
"9114001",2005,32.1552529010773,0.5718402662697,57.8376951532364,42.1776693897247,578.794552219391,455.811149889946,315.706119392395,331.992546186447,65.772108206749,92.4985521764755,148.039443551064,58.9860970425606
"9114001",2006,95.8393576726913,15.6600257635117,69.426114218235,257.242023208618,125.802206966877,519.599654833317,423.969097504139,361.224594278336,141.357832558632,122.357001298904,37.584061832428,89.7841477108002
"9114001",2007,36.5400601148605,53.2440875959396,51.886885363102,196.272322902679,84.7729394664764,277.182456014156,283.446466319561,208.278342654705,183.222301433086,74.6461228060722,33.4080549621582,45.9360755729675
"9114001",2008,13.5720223283768,23.4900386452675,13.2588218131065,78.822129676342,439.524723095894,182.491500230789,472.932778058052,618.049016799927,63.6841047716141,51.6780850195885,45.2052743706703,22.4460369277
"9114001",2009,15.1380249047279,45.9360755729675,13.5720223283768,57.4200944662094,299.628492941856,299.628492941856,167.249075154304,461.970760023594,145.638239600658,202.0143323493,98.1361614513397,29.2320480918884
"9114001",2010,26.1000429391861,123.192202672958,28.188046374321,17.2260283398628,43.8480721378326,338.256556491852,327.816539316177,296.496487789154,59.5080979013443,67.3381107831001,93.4381537222862,91.3501502871513
"9124001",1981,161.024211502075,14.1157588005066,75.2840469360352,122.545698623657,421.695224018097,155.273346805573,192.07888086319,92.3275186729431,87.5177045631409,35.5507999420166,19.6575011444092,36.5964117050171
"9124001",1982,89.0861222076416,69.0103763580322,71.6244057655335,47.8890187454224,258.266105461121,333.759274749756,353.103092365265,180.786273822784,108.534500999451,130.701470375061,54.8946175575256,2.09122352600098
"9124001",1983,52.8033940315247,6.79647645950317,26.6630999565125,157.887376213074,197.097817325592,215.918829059601,154.227735042572,127.56463508606,140.111976242065,73.5065069389343,0.142575330288166,8.36489410400391
"9124001",1984,16.2069823265076,89.7134892654419,30.8455470085144,28.2315176010132,474.707740402222,178.276805591583,221.146887874603,63.7823175430298,113.971682167053,227.420558452606,71.9380892944336,13.5929529190063
"9124001",1985,70.578794002533,15.1613705635071,44.961305809021,143.248811531067,294.862517166138,156.841764450073,145.340035057068,95.1506704330444,135.406723308563,73.1928234100342,64.30512342453,0.1298729867933
"9124001",1986,24.5718764305115,108.220817470551,88.8769998550415,197.620623207092,217.487246704102,240.490705490112,120.768158626556,176.708387947083,56.4630352020264,67.9647645950317,165.729464435577,11.1880458641052
"9124001",1987,0.0660991922210501,31.3683528900146,105.606788063049,86.7857763290405,143.771617412567,177.231193828583,212.259187889099,129.655858612061,136.452335071564,90.4454174995422,33.4595764160156,35.0279940605164
"9124001",1988,73.1928234100342,0.500763525571712,140.111976242065,34.5051881790161,74.7612410545349,252.724363117218,119.722546863556,215.396023178101,51.2349763870239,129.13305273056,27.7087117195129,39.7332469940186
"9124001",1989,33.4595764160156,14.6385646820068,48.6209469795227,30.8455470085144,76.8524645805359,243.104734897614,255.652076053619,216.441634941101,59.0770646095276,63.2595116615295,28.2315176010132,164.579291496277
"9124001",1990,14.6385646820068,50.7121705055237,97.7646998405457,77.5843928146362,190.928707923889,162.592629146576,119.408863334656,143.771617412567,191.137830276489,88.0405104446411,31.4729140663147,29.2771293640137
"9124001",1991,50.7121705055237,4.7052529335022,28.7543234825134,229.825465507507,326.753675937653,122.127453918457,202.848682022095,74.0293128204346,105.083982181549,56.4630352020264,47.9935799217224,147.640380935669
"9124001",1992,0.731928234100342,42.9746434593201,48.0981410980225,139.380048007965,379.034264087677,313.997212429047,87.5177045631409,104.247492771149,196.575011444092,90.5499786758423,56.2539128494263,114.180804519653
"9124001",1993,25.1992434883118,0.522805881500244,74.5521187019348,130.492348022461,465.820040416718,250.424017238617,230.557393741608,141.157588005066,44.0202552223206,88.7724386787415,109.893796291351,61.3774104881287
"9124001",1994,27.0813446617126,15.4750540924072,25.617488193512,76.2250975227356,98.2875057220459,247.705426654816,216.023390235901,40.4651752281189,115.226416282654,167.820687961578,81.0349116325378,81.6622786903381
"9124001",1995,28.8588846588135,5.22805881500244,54.0581281471252,195.006593799591,46.1114787483215,390.745115833282,236.20369726181,230.975638446808,36.0736058235168,81.2440339851379,22.7943364334106,0.13287452524689
"9124001",1996,12.4427799797058,64.8279293060303,112.403264522552,110.521163349152,107.17520570755,175.871898536682,19.343817615509,250.319456062317,50.7121705055237,74.970363407135,49.1437528610229,8.36489410400391
"9124001",1997,32.4139646530151,25.0946823120117,0.0349185561609518,132.792693901062,146.594769172668,639.287031898499,283.465348949432,162.592629146576,136.975140953064,124.427799797058,126.623584499359,0.257213926179861
"9124001",1998,0.522805881500244,3.65964117050171,12.3382188034058,40.8834199333191,89.7134892654419,93.3731304359436,57.1949634361267,170.74840089798,51.1304152107239,0.0527770985948463,15.4750540924072,13.5929529190063
"9124001",1999,24.4673152542114,14.6385646820068,49.4574363899231,54.2672504997253,111.043969230652,268.408539562225,108.534500999451,158.201059741974,202.953243198395,22.0624081993103,4.39156940460205,4.39156940460205
"9124001",2000,NA,125.473411560059,35.7599222946167,78.4208822250366,121.813770389557,185.386965579987,79.7801775169373,69.4286210632324,99.2285563087463,14.5340035057068,39.2104411125183,5.75086469650269
"9124001",2001,4.39156940460205,3.76420234680176,66.6054693031311,38.1648293495178,153.182123279572,185.805210285187,224.911090221405,82.8124516296387,18.8210117340088,22.8988976097107,59.3907481384277,2.09122352600098
"9124001",2002,0.439546010004266,3.13683528900147,16.2069823265076,32.9367705345154,39.7332469940186,155.796152687073,247.809987831116,225.852140808105,139.066364479065,322.04842300415,47.052529335022,34.5051881790161
"9124001",2003,8.36489410400391,12.5473411560059,14.6385646820068,27.1859058380127,47.3662128639221,192.18344203949,149.31335975647,84.6945528030396,150.14984916687,59.5998704910278,91.9092739677429,15.1613705635071
"9124001",2004,0.198920301028755,27.1859058380127,75.2840469360352,166.356831493378,12.5473411560059,293.921466579437,275.309577198029,NA,140.111976242065,154.227735042572,141.994077415466,28.7543234825134
"9124001",2005,11.2926070404053,5.22805881500244,23.0034587860107,56.4630352020264,192.39256439209,217.487246704102,151.613705635071,50.1893646240234,17.7753999710083,37.6420234680176,128.61024684906,18.8210117340088
"9124001",2006,44.961305809021,30.3227411270142,57.5086469650269,78.4208822250366,87.831388092041,442.293775749207,223.760917282104,222.715305519104,87.831388092041,44.961305809021,11.5017293930054,41.8244705200195
"9124001",2007,17.7753999710083,20.9122352600098,43.9156940460205,151.613705635071,156.841764450073,215.396023178101,240.490705490112,107.48888923645,77.3752704620361,87.831388092041,41.8244705200195,41.8244705200195
"9124001",2008,9.41050586700439,10.4561176300049,15.6841764450073,91.3864680862427,242.581929016113,102.469952774048,267.676611328125,405.383680515289,NA,NA,69.0103763580322,19.4483787918091
"9124001",2009,26.5585387802124,32.5185258293152,33.4595764160156,NA,303.854778327942,279.701146602631,159.874038562775,301.658993625641,65.3507351875305,155.273346805573,113.971682167053,45.5886728668213
"9124001",2010,9.72418939590454,77.3752704620361,26.1402940750122,7.84208822250366,49.248314037323,143.667056236267,175.453653831482,79.9892998695373,33.4595764160156,65.4552963638306,60.1226763725281,46.5297234535217
"9116002",1981,NA,NA,NA,NA,NA,NA,NA,NA,NA,NA,NA,NA
"9116002",1982,NA,NA,NA,NA,NA,NA,NA,NA,NA,NA,NA,NA
"9116002",1983,NA,NA,NA,NA,NA,NA,NA,NA,NA,NA,NA,NA
"9116002",1984,NA,NA,NA,NA,NA,NA,NA,NA,NA,NA,NA,NA
"9116002",1985,NA,NA,NA,NA,NA,NA,NA,NA,NA,NA,NA,NA
"9116002",1986,NA,NA,NA,NA,NA,NA,NA,NA,NA,NA,NA,NA
"9116002",1987,NA,NA,NA,NA,NA,NA,NA,NA,NA,NA,NA,NA
"9116002",1988,56.7406255722046,0.0041865218419331,93.9493819570541,23.6782995176315,36.0084739208221,84.4562388324738,107.916305174828,171.967742118835,32.5167431163788,68.9616833877564,19.0954028367996,21.3868511772156
"9116002",1989,15.2763222694397,15.821905207634,59.2503070878982,19.0954028367996,55.7585762834549,147.962092838287,210.485897555351,140.869514641762,36.3358236837387,40.0457876634598,21.9324341154099,96.2408302974701
"9116002",1990,8.07462748527527,63.942320356369,58.0500246238709,79.8733421516419,166.73014591217,85.001821770668,105.188390483856,93.6220321941376,103.115175318718,68.7434502124786,39.5002047252655,12.4392909908295
"9116002",1991,42.119002828598,2.72791469097137,19.4227525997162,167.166612262726,259.697478580475,154.072621746063,197.501023626328,84.3471222448349,112.935668206215,60.4505895519257,33.9352587556839,111.51715256691
"9116002",1992,1.74586540222168,25.3150483322144,36.4449402713776,126.684358248711,302.471180934906,273.882634973526,105.079273896217,77.1454274606705,126.793474836349,90.3485345649719,58.0500246238709,93.6220321941376
"9116002",1993,11.7845914649963,0.327349762916565,60.5597061395645,101.587543091774,358.884456744194,198.046606564522,185.934665336609,86.4203374099731,36.881406621933,55.5403431081772,63.2876208305359,25.8606312704086
"9116002",1994,21.823317527771,16.8039544963837,20.295685300827,107.69807199955,88.2753193998337,239.620026454926,194.773108935356,67.6522843360901,104.970157308578,110.53510327816,57.17709192276,49.8662805509567
"9116002",1995,28.6976625490189,0.109116587638855,21.3868511772156,169.458060603142,64.1605535316467,241.584125032425,190.954028367996,207.430633101463,31.6438104152679,99.5143279266357,23.6782995176315,0.466098770509915
"9116002",1996,34.9173080444336,53.6853611183167,74.4175127696991,91.767050204277,100.605493803024,135.413685259819,32.5167431163788,224.234587597847,42.88281894207,30.9891108894348,40.5913706016541,32.4076265287399
"9116002",1997,45.7198502206802,32.9532094669342,0.679780749925436,63.5058540058136,170.112760128975,283.812244448662,218.342291865349,110.207753515244,106.7160227108,139.450999002457,77.8001269865036,27.4973800849915
"9116002",1998,12.5484075784683,12.9848739290237,5.01936303138733,36.2267070960999,126.793474836349,122.319694743156,89.4756018638611,124.174676733017,71.2531317281723,9.60225971221924,11.2390085268021,17.0221876716614
"9116002",1999,19.8592189502716,NA,65.469952583313,70.1619658517837,182.00646818161,223.470771484375,126.029658722877,179.278553490639,136.177501373291,37.3178729724884,35.7902407455444,9.82049288749695
"9116002",2000,6.76522843360901,116.100049247742,27.9338464355469,85.6565212965012,89.4756018638611,411.6968851614,131.703721280098,101.04196015358,145.77976108551,48.120415148735,43.5375184679031,37.9725724983215
"9116002",2001,71.7987146663666,3.70996397972107,70.9257819652557,62.3055715417862,227.944551577568,182.115584769249,295.596835913658,125.920542135239,41.4643033027649,50.3027469015122,50.0845137262344,3.81908056735992
"9116002",2002,25.9697478580475,31.3164606523514,114.790650196075,73.6536966562271,220.524623618126,115.227116546631,96.0225971221924,181.897351593971,87.9479696369171,177.860037851334,94.6040814828873,55.8676928710938
"9116002",2003,13.3122236919403,4.58289668083191,17.7860037851334,29.1341288995743,51.5030293655396,303.99881316185,117.845914649963,91.5488170289993,102.678708968163,84.1288890695572,73.5445800685883,48.0112985610962
"9116002",2004,9.49314312458038,37.0996397972107,35.2446578073502,139.560115590096,9.38402653694153,185.934665336609,222.161372432709,98.532278637886,77.472777223587,115.33623313427,65.1426028203964,33.1714426422119
"9116002",2005,11.8937080526352,5.45582938194275,18.0042369604111,47.3565990352631,335.751740164757,292.650688047409,157.782585725784,193.46370988369,103.333408493996,30.4435279512405,81.8374407291412,17.3495374345779
"9116002",2006,25.3150483322144,10.0387260627747,30.5526445388794,152.872339282036,140.214815115929,255.44193166256,176.223289036751,162.911065344811,68.7434502124786,69.8346160888672,18.0042369604111,41.0278369522095
"9116002",2007,10.9116587638855,30.5526445388794,21.4959677648544,133.667819857597,66.7793516349792,179.715019841194,142.397146868706,105.624856834412,80.7462748527527,35.7902407455444,13.0939905166626,16.3674881458282
"9116002",2008,6.32876208305359,8.18374407291412,11.4572417020798,70.9257819652557,261.879810333252,91.6579336166382,188.226113677025,230.454233093262,40.3731374263763,21.4959677648544,13.0939905166626,10.9116587638855
"9116002",2009,6.5469952583313,8.18374407291412,3.05526445388794,21.823317527771,389.76445104599,240.056492805481,52.0486123037338,115.117999958992,37.8634559106827,51.2847961902618,63.3967374181747,17.1313042593002
"9116002",2010,NA,NA,NA,NA,NA,NA,NA,NA,NA,NA,NA,NA
"8301001",1981,NA,NA,NA,NA,NA,NA,NA,NA,NA,NA,NA,NA
"8301001",1982,NA,NA,NA,NA,NA,NA,NA,NA,NA,NA,NA,NA
"8301001",1983,NA,NA,NA,NA,NA,NA,NA,NA,NA,NA,NA,NA
"8301001",1984,NA,NA,NA,NA,NA,NA,NA,NA,NA,NA,NA,NA
"8301001",1985,NA,NA,NA,NA,NA,NA,NA,NA,NA,NA,NA,NA
"8301001",1986,NA,NA,NA,NA,NA,NA,NA,NA,NA,NA,NA,NA
"8301001",1987,NA,NA,NA,NA,NA,NA,NA,NA,NA,NA,NA,NA
"8301001",1988,30.80561840415,0.335807570749556,69.8591927036047,57.0400805289745,44.3203413169384,259.164686445236,14.9059443891048,99.3729625940323,26.8306999003887,53.6613998007774,0.235482237870618,33.786807281971
"8301001",1989,0.192503556847969,4.96864812970161,3.47805369079113,5.96237775564194,37.2648609727621,229.253424704432,63.1018312472105,54.6551294267178,20.8683221447468,22.8557813966274,14.4090795761347,101.857286658883
"8301001",1990,14.9059443891048,20.8683221447468,61.0149990327358,88.9388015216589,79.0015052622557,64.592425686121,20.8683221447468,75.5234515714645,142.103336509466,37.2648609727621,23.3526462095976,NA
"8301001",1991,NA,NA,NA,NA,NA,NA,NA,NA,NA,NA,NA,NA
"8301001",1992,31.6999750674963,15.8996740150452,47.2021572321653,75.0265867584944,276.25683601141,187.318034489751,90.9262607735395,43.227238728404,108.813394040465,77.5109108233452,17.8871332669258,57.7356912671328
"8301001",1993,42.7303739154339,0.919194971680311,41.7366442894936,118.253825486898,308.0561840415,259.860297183394,125.209932868481,94.4043144643307,31.7993480300903,96.3917737162113,32.7930776560307,63.5986960601807
"8301001",1994,9.93729625940323,1.98745925188065,3.27930776560307,33.786807281971,88.2431907835007,133.954753576756,45.7115627932548,0.794983700752258,209.676951073408,127.197392120361,63.5986960601807,20.5702032569647
"8301001",1995,11.3285177357197,0.702225926522278,84.4670182049274,68.5673441898823,98.379232968092,287.187861896753,18.8808628928661,169.927766035795,61.6112368083,109.807123666406,6.26049664342403,2.7824429526329
"8301001",1996,12.1235014364719,0.368476393365383,28.2219213767052,48.8914975962639,87.6469530079365,93.5099578009844,40.3454228131771,26.8306999003887,6.4592425686121,26.6319539752007,21.3651869577169,33.886180244565
"8301001",1997,46.9040383443832,47.6990220451355,17.3902684539556,255.388513866663,105.23596738708,397.193731488347,75.5234515714645,36.2711313468218,130.178580998182,50.8789568481445,47.2021572321653,45.1153250176907
"8301001",1998,15.6015551272631,0.150771099311397,72.4428897310495,121.930625102878,14.9059443891048,28.2219213767052,24.545121760726,10.1360421845913,7.75109108233452,0.165651230725613,9.63917737162113,61.8099827334881
"8301001",1999,28.5200402644873,33.1905695064068,0.61306587143731,26.6319539752007,NA,300.603211846948,9.93729625940323,145.084525387287,122.22874399066,0.685955466772285,0.304160863406548,0.560591102353762
"8301001",2000,7.94983700752258,47.6990220451355,2.98118887782097,21.0670680699348,9.93729625940323,639.961879105568,169.927766035795,138.625282818675,31.7993480300903,10.9310258853436,0.115734714608367,10.9310258853436
"8301001",2001,0.628764196311283,0.690880189293306,9.93729625940323,4.96864812970161,0.475335851150502,118.253825486898,252.904189801812,9.93729625940323,35.7742665338516,0.0908632067988468,4.96864812970161,0.288025615773076
"8301001",2002,0.328347010919208,28.8181591522694,1.98745925188065,2.98118887782097,22.8557813966274,88.9388015216589,34.2836720949411,132.662905063033,66.0830201250315,187.814899302721,94.4043144643307,16.8934036409855
"8301001",2003,6.95610738158226,4.07429146635532,3.97491850376129,38.7554554116726,19.8745925188065,411.404065139294,151.046903142929,26.8306999003887,73.0391275066137,79.0015052622557,47.6990220451355,46.7052924191952
"8301001",2004,9.93729625940323,4.47178331673145,37.7617257857323,130.675445811152,19.8745925188065,85.9576126438379,121.73187917769,19.8745925188065,76.5171811974049,98.8760977810621,85.4607478308678,28.3212943392992
"8301001",2005,0.993729625940323,3.27930776560307,21.8620517706871,26.8306999003887,341.842991323471,345.321045014262,140.115877257586,146.773865751386,73.0391275066137,26.8306999003887,100.068573332191,31.3024832171202
"8301001",2006,39.7491850376129,18.383998079896,9.93729625940323,137.631553192735,110.303988479376,334.390019128919,107.819664414525,159.990469776392,124.713068055511,88.4419367086887,8.94356663346291,67.0767497509718
"8301001",2007,17.8871332669258,49.6864812970161,17.1915225287676,88.9388015216589,12.421620324254,19.8745925188065,4.96864812970161,8.94356663346291,0.0935426975536227,30.3087535911798,4.47178331673145,19.3777277058363
"8301001",2008,6.95610738158226,4.96864812970161,0.398439016948706,68.2692253021002,294.640834091306,86.3551044942141,175.393278978467,243.463758355379,14.1109606883526,16.8934036409855,15.402809202075,4.96864812970161
"8301001",2009,0.389642171427173,13.4153499501944,8.44670182049274,29.3150239652395,300.603211846948,298.118887782097,97.8823681551218,183.541861911178,55.6488590526581,177.380738230348,77.014046010375,38.2585905987024
"8301001",2010,11.9247555112839,79.4983700752258,26.2344621248245,9.44043144643307,48.6927516710758,225.278506200671,67.0767497509718,16.5952847532034,9.8379232968092,22.6570354714394,31.7993480300903,19.8745925188065
"9131002",1981,143.603916606903,48.9085802936554,111.345065774918,155.050605611801,440.177222642899,259.111414747238,226.852563915253,99.8983767700195,138.400876150131,57.2334450244904,20.8121618270874,50.9897964763641
"9131002",1982,105.101417226791,74.9237825775146,143.603916606903,49.9491883850098,329.872764959335,488.0451948452,440.385344261169,255.365225618362,187.517578062057,191.471888809204,64.8298840913773,2.08121618270874
"9131002",1983,96.4643700685501,21.8527699184418,40.5837155628204,175.862767438889,326.646879876137,285.438799458504,253.388070244789,143.291734179497,182.314537605286,110.096336065292,11.4466890048981,41.6243236541748
"9131002",1984,44.3299046916962,28.096418466568,47.867972202301,33.2994589233398,560.887761240005,218.527699184418,274.200232071877,127.47449119091,143.187673370361,505.423349970818,100.522741624832,126.954187145233
"9131002",1985,125.913579053879,26.0152022838593,90.5329039478302,113.946586003304,274.720536117554,256.509894518852,100.730863243103,92.6141201305389,180.025199804306,201.877969722748,82.2080392169952,5.20304045677185
"9131002",1986,14.5685132789612,166.497294616699,102.916140234947,184.187632169724,261.192630929947,234.344942173004,154.009997520447,177.215557957649,83.7689513540268,64.517701663971,144.644524698257,23.9339861011505
"9131002",1987,5.20304045677185,2.08121618270874,30.1776346492767,82.2080392169952,181.06580789566,272.639319934845,94.6953363132477,106.142025318146,77.0049987602234,140.48209233284,57.2334450244904,23.9339861011505
"9131002",1988,18.7309456443787,1.02627589558675,130.076011419296,54.1116207504272,98.8577686786652,175.862767438889,143.083612561226,229.141901716232,78.2537284698486,206.352584515572,37.9821953344345,60.3552692985535
"9131002",1989,36.9415872430801,27.2639319934845,67.3273435106278,44.3299046916962,95.5278227863312,361.92349417305,279.923576574326,253.908374290466,78.7740325155258,73.8831744861603,40.8958979902267,218.423638375282
"9131002",1990,24.4542901468277,78.0456068515778,135.69529511261,115.507498140335,245.583509559631,252.243401344299,185.020118642807,158.900855549812,265.4591241045,131.740984365463,52.4466478042603,38.814681807518
"9131002",1991,63.7892760000229,11.5507498140335,74.6116001501083,293.867724998474,411.664560939789,170.451605363846,300.527616783142,106.766390172958,156.923700176239,83.8730121631622,63.4770935726166,236.530219164848
"9131002",1992,0.520304045677185,52.2385261859894,79.8146406068802,193.969348228455,503.966498642921,340.070724254608,197.091172502518,166.70541623497,260.360144456863,182.938902460098,122.375511543274,146.101376026154
"9131002",1993,45.9948776378632,3.12182427406311,87.7232621011734,155.258727230072,560.575578812599,294.388029044151,326.855001494408,200.941422440529,84.3933162088394,122.167389925003,110.304457683563,134.238443784714
"9131002",1994,40.5837155628204,21.4365266819,46.0989384469986,107.806998264313,150.680051628113,336.220474316597,275.136779354095,98.5455862512589,175.238402584076,222.065766695023,184.603875406265,152.136902956009
"9131002",1995,45.1623911647797,1.45685132789612,76.5887555236816,240.484529911995,96.9846741142273,456.202587249756,335.075805416107,303.129137011528,55.6725328874588,107.078572600365,33.1953981142044,0.520304045677185
"9131002",1996,23.6218036737442,95.2156403589249,144.644524698257,142.043004469872,152.969389429092,186.581030779839,18.6268848352432,239.860165057182,67.1192218923569,102.499896998405,66.0786138010025,15.6091213703156
"9131002",1997,70.7613502120972,3.12182427406311,6.24364854812622,259.111414747238,187.309456443787,338.19762969017,351.2052308321,152.449085383415,137.880572104454,272.639319934845,111.96943062973,71.8019583034515
"9131002",1998,23.5177428646088,19.2512496900558,41.6243236541748,60.8755733442307,119.149626460075,128.515099282265,120.710538597107,171.700335073471,85.8501675367355,16.1294254159927,37.4618912887573,24.9745941925049
"9131002",1999,37.9821953344345,34.8603710603714,63.9973976182938,54.2156815595627,159.733342022896,388.354939693451,163.375470342636,284.918495412827,225.08353015995,105.725782081604,54.7359856052399,26.5355063295364
"9131002",2000,13.5279051876068,213.949023582458,70.0329245481491,117.588714323044,125.705457435608,531.334491445541,217.591151902199,203.126699432373,250.994671634674,80.1268230342865,76.1725122871399,67.3273435106278
"9131002",2001,95.7359444046021,9.88577686786652,104.060809135437,86.8907756280899,390.852399112701,351.725534877777,375.659520978928,130.076011419296,55.1522288417816,39.5431074714661,95.2156403589249,0.140147838483075
"9131002",2002,41.6243236541748,94.1750322675705,122.999876398087,138.817119386673,286.167225122452,187.933821298599,156.923700176239,161.086132541656,188.454125344276,354.84735915184,162.959227106094,95.2156403589249
"9131002",2003,31.7385467863083,14.5685132789612,31.3223035497665,71.6978974943161,80.1268230342865,413.641716313362,218.527699184418,119.461808887482,227.476928770065,96.1521876411438,119.149626460075,99.3780727243423
"9131002",2004,19.771553735733,20.2918577814102,99.3780727243423,215.926178956032,29.1370265579224,364.733136019707,239.339861011505,150.888173246384,141.002396378517,190.951584763527,122.791754779816,72.8425663948059
"9131002",2005,48.9085802936554,0.3559444352035,103.020201044083,49.9491883850098,496.578181194305,332.26616356945,212.075929018021,236.218036737442,112.385673866272,45.7867560195923,203.542942668915,50.4694924306869
"9131002",2006,84.4973770179749,55.1522288417816,75.964390668869,189.390672626495,197.091172502518,385.024993801117,262.233239021301,185.124179451942,161.294254159927,140.065849096298,36.421283197403,94.6953363132477
"9131002",2007,37.4618912887573,70.7613502120972,29.6573306035995,187.829760489464,126.433883099556,262.753543066978,299.382947882652,170.13942293644,80.6471270799637,90.6369647569656,28.096418466568,91.5735120391846
"9131002",2008,22.8933780097961,37.9821953344345,19.2512496900558,130.076011419296,300.839799210548,238.299252920151,301.776346492767,455.266039967537,45.2664519739151,42.6649317455292,62.4364854812622,24.4542901468277
"9131002",2009,24.9745941925049,54.1116207504272,17.6903375530243,112.385673866272,374.618912887573,297.61391412735,149.327261109352,488.565498890877,101.979592952728,238.819556965828,131.636923556328,68.6801340293884
"9131002",2010,41.6243236541748,103.020201044083,58.7943571615219,16.6497294616699,92.6141201305389,270.037799706459,288.24844130516,218.527699184418,65.5583097553253,103.54050508976,129.451646564484,67.6395259380341
"9130001",1981,NA,NA,NA,NA,NA,NA,NA,NA,NA,NA,NA,NA
"9130001",1982,NA,NA,NA,NA,NA,NA,NA,NA,NA,NA,NA,NA
"9130001",1983,NA,NA,NA,NA,NA,NA,NA,NA,NA,NA,NA,NA
"9130001",1984,NA,NA,NA,NA,NA,NA,NA,NA,NA,NA,NA,NA
"9130001",1985,NA,NA,NA,NA,NA,NA,NA,NA,NA,NA,NA,NA
"9130001",1986,NA,NA,NA,NA,NA,NA,NA,NA,NA,NA,NA,NA
"9130001",1987,NA,NA,NA,NA,NA,NA,NA,NA,NA,NA,NA,NA
"9130001",1988,88.2148372530937,0.245654929351493,98.5930534005165,93.4039453268051,143.219382834434,349.953448491096,242.850257849693,458.405807231665,122.670514862537,220.018182325363,34.5594597709179,147.889580100775
"9130001",1989,50.541912637949,17.6429674506187,67.6659692811966,51.891080737114,102.225429052114,545.375258547068,550.564366620779,314.978860074282,80.4311751425266,176.637238829136,96.517410171032,281.353439756632
"9130001",1990,35.8048457086086,88.7337480604649,142.700472027063,191.166741435528,347.670240938663,443.149829494953,176.948585313559,218.980360710621,333.659649139643,115.717110043764,56.5612780034542,30.0968268275261
"9130001",1991,48.258705085516,5.1891080737114,36.1161921930313,290.071141320467,394.787342247963,228.009408758879,436.403988999128,157.541321117878,217.319846127033,115.198199236393,96.517410171032,280.211835980415
"9130001",1992,2.5945540368557,75.7609778761864,86.1391940236092,269.833619832993,644.487222754955,407.863894593716,209.63996617794,176.948585313559,280.730746787786,242.331347042322,63.8260293066502,139.587007182837
"9130001",1993,53.9667239665985,0.247354132945188,104.301072281599,174.872942084074,720.767111438513,265.682333374023,465.670558534861,230.811527118683,136.47354233861,197.705017608404,235.585506546497,205.488679718971
"9130001",1994,67.4584049582481,67.9773157656193,78.3555319130421,178.505317735672,209.63996617794,496.597642654181,413.571913474798,28.5400944054127,271.390352255106,281.768568402529,257.898671263456,147.889580100775
"9130001",1995,83.5446399867535,5.1891080737114,119.868396502733,322.762522184849,176.429674506187,641.8926687181,449.895669990778,382.956175839901,67.9773157656193,141.14373960495,61.7503860771656,0.974061109981145
"9130001",1996,34.7670240938663,145.295026063919,157.229974633455,0.216887876645966,226.245112013817,220.537093132734,61.7503860771656,294.222427779436,114.160377621651,134.397899109125,61.2314752697945,31.7573414111137
"9130001",1997,109.49018035531,4.67019726634026,4.15128645896912,405.788251364231,237.661149775982,550.045455813408,507.494769608974,226.764022821188,237.661149775982,295.260249394178,151.833302236795,83.5446399867535
"9130001",1998,22.8320755243301,7.78366211056709,23.8698971390724,95.4795885562897,129.416355358362,149.965223330259,169.164923202991,218.980360710621,123.500772154331,24.9077187538147,18.680789065361,73.6853346467018
"9130001",1999,62.7882076919079,46.1830618560314,51.3721699297428,88.2148372530937,218.980360710621,486.738337314129,155.673242211342,419.279932355881,333.140738332272,78.8744427204132,60.1936536550522,74.2042454540729
"9130001",2000,25.945540368557,348.708062553406,126.614236998558,162.419082707167,146.851758486032,671.470584738255,295.77916020155,254.266295611858,302.732565020323,112.084734392166,126.614236998558,124.538593769073
"9130001",2001,179.543139350414,13.4916809916496,121.425128924847,131.803345072269,476.879031974077,424.469040429592,434.847256577015,133.878988301754,79.3933535277843,52.4099915444851,115.717110043764,0.458592849085463
"9130001",2002,36.8426673233509,152.559777367115,176.429674506187,205.592461880445,286.438765668869,302.525000697374,252.190652382374,304.081733119488,305.11955473423,415.128645896912,265.682333374023,121.944039732218
"9130001",2003,85.1013724088669,7.26475130319595,62.2692968845367,90.2904804825783,89.252658867836,671.989495545626,324.838165414333,238.698971390724,314.459949266911,114.160377621651,148.408490908146,152.144648721218
"9130001",2004,17.6429674506187,40.4750429749489,81.98790756464,309.78975200057,30.6157376348972,492.550138356686,335.216381561756,172.278388047218,175.910763698816,245.444811886549,158.267796248198,75.2420670688152
"9130001",2005,63.307118499279,65.3827617287636,148.408490908146,81.98790756464,719.210379016399,492.446356195211,278.136192750931,390.220927143097,73.6853346467018,55.0045455813408,283.325300824642,NA
"9130001",2006,154.6354205966,73.6853346467018,80.9500859498978,234.651467093229,296.816981816292,561.980404382944,370.502316462994,249.077187538147,207.564322948456,206.526501333714,49.2965267002583,169.164923202991
"9130001",2007,41.5128645896912,119.349485695362,53.9667239665985,229.358576858044,173.316209661961,316.535592496395,424.469040429592,257.379760456085,86.1391940236092,149.446312522888,42.0317753970623,99.6308750152588
"9130001",2008,21.2753431022167,48.7776158928871,50.8532591223717,182.656604194641,309.78975200057,333.140738332272,325.875987029076,563.537136805058,81.4689967572689,74.7231562614441,111.046912777424,68.4962265729904
"9130001",2009,17.6429674506187,81.4689967572689,26.9833619832993,154.116509789228,457.160421293974,367.388851618767,194.072641956806,581.180104255676,130.765523457527,337.292024791241,190.440266305208,110.009091162682
"9130001",2010,53.9667239665985,103.782161474228,93.9228561341763,39.9561321675777,138.030274760723,436.403988999128,379.323800188303,265.682333374023,93.9228561341763,174.872942084074,183.175515002012,103.263250666857
"9129005",1981,139.543221824169,12.2033996272087,63.2454450244904,114.605839977264,321.002468454838,151.746621451378,128.400987381935,87.015545167923,79.0568062806129,40.8548596215248,30.2432077717781,44.0383551764488
"9129005",1982,100.280109980106,57.8335025811195,54.1194244337082,29.1820425868034,229.211679954529,311.982564382553,287.575765128136,141.134969601631,145.910212934017,128.400987381935,68.4451544308662,3.71407814741135
"9129005",1983,47.2218507313728,5.83640851736069,23.3456340694427,136.359726269245,185.703907370567,202.682550330162,135.829143676758,120.972831087112,136.359726269245,69.5063196158409,3.18349555492401,20.6927211070061
"9129005",1984,32.3655381417274,64.2004936909676,24.4067992544174,40.3242770290375,424.996656582356,181.459246630669,231.864592916965,82.7708844280243,82.7708844280243,183.581577000618,45.0995203614235,27.5902948093414
"9129005",1985,56.7723373961449,28.6514599943161,57.3029199886322,136.890308861732,323.124798824787,140.073804416656,114.075257384777,92.3213710927963,137.42089145422,84.3626322054863,68.9757370233536,6.36699110984802
"9129005",1986,23.3456340694427,93.9131188702583,93.382536277771,145.910212934017,209.04954144001,207.457793662548,91.790788500309,252.557314023972,44.5689377689362,70.5674848008156,160.766525523663,6.36699110984802
"9129005",1987,5.30582592487335,13.2645648121834,83.832049612999,63.6699110984802,131.053900344372,121.5034136796,246.720905506611,159.174777746201,84.8932147979736,85.423797390461,31.8349555492401,36.6101988816261
"9129005",1988,56.2417548036575,0.0511057024667358,124.156326642036,34.4878685116768,59.4252503585815,174.031090335846,105.055353312492,111.84681049633,56.7723373961449,91.578555463314,35.5490336966515,36.0796162891388
"9129005",1989,18.5703907370567,26.6352461428642,74.4937959852219,36.0796162891388,59.7435999140739,278.768094092846,207.882259736538,188.887402925491,52.4215601377487,54.756123544693,23.2395175509453,157.795263005733
"9129005",1990,14.3257299971581,57.6212695441246,95.5048666477203,77.4650585031509,176.259537224293,176.36565374279,98.7944787211418,113.756907829285,161.933807227135,80.7546705765724,52.7399096932411,13.9012639231682
"9129005",1991,31.1982564382553,12.3095161457062,37.6713640666008,194.087112331867,260.197703355789,140.710503527641,220.934591511726,93.8070023517609,140.498270490646,65.3677753944397,49.3441811013222,147.289727674484
"9129005",1992,0.424466073989868,50.9359288787842,51.9970940637589,179.973615371704,333.418101119041,318.031205936909,120.548365013123,140.604387009144,190.903616776943,169.786429595947,42.3404908804893,104.418654201508
"9129005",1993,47.2218507313728,3.71407814741135,76.4038933181763,122.776811901569,454.815398280144,218.70614462328,248.100420247078,133.494580269814,90.199040722847,84.6809817609787,105.479819386482,91.1540893893242
"9129005",1994,56.8784539146423,10.0810692572594,35.8673832521439,98.4761291656494,108.132732348919,277.070229796886,281.421007055283,66.3228240609169,138.588173157692,149.836524118423,118.001568569183,72.2653490967751
"9129005",1995,35.442917178154,10.6116518497467,44.1444716949463,225.603718325615,73.8570968742371,336.919946229458,229.742262547016,275.902948093414,48.6013654718399,87.4400112419128,26.8474791798592,0.848932147979736
"9129005",1996,35.3368006596565,69.1879700603485,76.8283593921661,87.7583607974052,122.352345827579,145.167397304535,23.2395175509453,203.955948552132,37.2468979926109,49.4502976198196,67.3839892458916,29.5003921422958
"9129005",1997,57.939619099617,28.9698095498085,4.24466073989868,212.339153513432,226.983233066082,286.939066017151,235.366438027382,111.740693977833,124.262443160534,172.120993002892,83.619816576004,38.0958301405907
"9129005",1998,9.76271970176697,14.0073804416656,22.6028184399605,51.572627989769,119.80554938364,112.165160051823,87.2277782049179,134.025162862301,81.7097192430496,7.64038933181763,23.6639836249352,27.1658287353516
"9129005",1999,35.6551502151489,36.2918493261337,61.2292311730385,39.1569953255653,170.10477915144,254.891877430916,148.669242414951,213.506435216904,188.781286406994,30.667673845768,33.851169400692,14.537963034153
"9129005",2000,4.88135985088348,139.755454861164,46.2668020648956,94.1253519072533,91.6846719818115,563.90317929554,172.545459076881,136.678075824738,188.038470777512,47.9646663608551,63.2454450244904,48.17689939785
"9129005",2001,89.5623416118622,5.19970940637589,79.5873888731003,71.6286499857902,264.866830169678,245.341390766144,324.185964009762,143.469533008575,29.075926068306,60.8047650990486,100.704576054096,2.65291296243668
"9129005",2002,31.0921399197578,52.4215601377487,147.077494637489,108.875547978401,206.608861514568,192.28313151741,126.066423974991,162.782739375114,161.933807227135,298.611883051872,132.963997677326,85.9543799829483
"9129005",2003,25.2557314023972,7.42815629482269,35.2306841411591,38.4141796960831,61.6536972470284,371.301698222637,210.216823143482,103.145255979538,160.978758560657,94.8681675367355,84.8932147979736,62.927095468998
"9129005",2004,16.3419438486099,37.034664955616,65.5800084314346,192.389248035908,13.7951474046707,296.171203126431,234.411389360905,124.474676197529,100.916809091091,174.455556409836,106.965450645447,44.2505882134438
"9129005",2005,37.6713640666008,2.86514599943161,78.9506897621155,64.0943771724701,451.313553169727,265.397412762165,199.711287812233,215.73488210535,91.578555463314,42.3404908804893,181.777596186161,NA
"9129005",2006,NA,NA,NA,NA,NA,NA,NA,NA,NA,NA,NA,NA
"9129005",2007,13.7951474046707,63.5637945799828,30.8799068827629,136.99642538023,81.3913696875572,146.865261600494,194.829927961349,152.701670117855,70.885834356308,64.7310762834549,32.4716546602249,46.1606855463982
"9129005",2008,12.6278657011986,9.6566031832695,10.2933022942543,62.2903963580132,239.611098767281,130.735550788879,208.731191884518,358.461599484444,39.4753448810577,44.4628212504387,31.1982564382553,27.3780617723465
"9129005",2009,18.2520411815643,38.626412733078,15.1746621451378,66.2167075424194,239.504982248783,215.416532549858,101.022925609589,290.33479460907,77.252825466156,156.203515228271,107.389916719437,75.0243785777092
"9129005",2010,39.1569953255653,95.3987501292229,53.6949583597183,5.19970940637589,52.7399096932411,162.888855893612,232.289058990955,164.268370634079,28.3331104388237,63.3515615429878,40.21816051054,41.5976752510071
"9153001",1981,104.148474174738,12.8334612727165,46.3978984475136,138.20650601387,358.74460203886,140.477041469812,154.198973138332,139.786008939743,102.667690181732,24.6797332167625,12.8334612727165,44.9171144545078
"9153001",1982,110.071610146761,62.1929277062416,40.4747624754906,54.2954130768776,174.732511174679,205.8289750278,222.117598950863,131.296180713177,170.783753859997,148.078399300575,44.9171144545078,0.333025929998009
"9153001",1983,63.1801170349121,45.4107091188431,55.2826024055481,123.892260748148,107.110042160749,187.565972447395,143.142452657223,144.129641985893,169.796564531326,45.4107091188431,0.909117841379627,2.9615679860115
"9153001",1984,40.7709192740917,48.1748392391205,9.87189328670502,42.9427357971668,272.957849377394,152.520751279593,175.324824771881,88.1560070502758,148.275837166309,130.802586048841,17.769407916069,14.5116831314564
"9153001",1985,60.0211111831665,9.47701755523682,43.4363304615021,98.2253382027149,203.361001706123,85.8854715943337,72.5584156572819,37.5131944894791,36.5260051608086,45.213271253109,30.6028691887856,0.0999366288905857
"9153001",1986,0.987189328670502,101.680500853062,78.9751462936401,83.9110929369926,203.361001706123,196.45067640543,128.334612727165,190.033945769072,35.0452211678028,51.3338450908661,126.360234069824,14.3142452657223
"9153001",1987,8.39110929369926,23.1989492237568,75.5199836432934,98.2253382027149,125.373044741154,119.449908769131,68.1160636782646,153.310502742529,113.329334931374,101.483062987328,49.8530610978603,7.79879569649696
"9153001",1988,41.6593896698952,0.233945262371819,101.680500853062,43.6337683272362,49.7543421649933,191.317291896343,137.811630282402,214.614960052967,47.4838067090511,84.602125467062,20.2373812377453,23.3963870894909
"9153001",1989,11.747553011179,14.5116831314564,51.3338450908661,42.1529843342304,43.6337683272362,183.123620468378,212.936738194227,124.188417546749,47.8786824405193,53.9005373454094,52.4197533524036,135.343656960726
"9153001",1990,15.795029258728,57.158262130022,36.8221619594097,57.8492946600914,238.998536471128,80.8508060181141,28.1348958671093,119.647346634865,133.764154034853,67.6224690139294,40.1786056768894,16.5847807216644
"9153001",1991,NA,NA,NA,NA,NA,NA,NA,NA,NA,NA,NA,NA
"9153001",1992,1.974378657341,16.7822185873985,77.0007676362991,152.027156615257,197.4378657341,311.162076396942,93.5855483579636,163.281114962101,113.526772797108,149.065588629246,30.5041502559185,31.9849342489243
"9153001",1993,9.57573648810387,2.07309759020805,71.0776316642761,166.834996545315,418.568275356293,264.862896882296,290.036224763393,110.565204811096,47.3850877761841,80.2584924209118,122.411476755142,60.2185490489006
"9153001",1994,12.3398666083813,21.0271327006817,15.795029258728,99.2125275313854,95.2637702167034,252.226873475313,256.66922545433,75.5199836432934,103.852317376137,71.5712263286114,102.667690181732,32.5772478461266
"9153001",1995,43.337611528635,0.428932647140057,28.9246473300457,138.700100678206,72.854572455883,245.908861771822,229.422799983025,226.757388795614,31.392620651722,78.678989495039,10.4642068839073,0.304373050667131
"9153001",1996,28.3323337328434,75.1251079118252,38.7965406167507,56.7633863985538,175.02866797328,141.760387597084,25.4694846796989,239.492131135464,50.1492178964615,35.7362536978722,71.8673831272125,9.08214182376861
"9153001",1997,62.7852413034439,20.8296948349476,1.28334612727165,165.946526149511,180.853085012436,335.841809613705,245.31654817462,96.9419920754433,84.2072497355938,188.7505996418,65.7468092894554,36.6247240936756
"9153001",1998,21.9156030964851,0.837582200787393,23.3963870894909,62.5878034377098,123.694822882414,79.3700220251083,70.781474865675,203.953315303326,78.0866758978367,9.18086075663567,24.6797332167625,26.7528308069706
"9153001",1999,21.3232894992828,39.5862920796871,51.235126157999,17.5719700503349,145.018112381697,219.057312031984,81.8379953467846,174.535073308945,120.338379164934,17.769407916069,45.4107091188431,6.41673063635826
"9153001",2000,19.9412244391441,110.269048012495,37.5131944894791,49.260747500658,90.1303857076168,390.828255220652,184.308247662783,115.501151454449,138.601381745338,28.1348958671093,NA,NA
"9153001",2001,68.4122204768658,2.9615679860115,46.1017416489124,53.20950481534,204.644347833395,179.964614616632,203.361001706123,110.565204811096,59.1326407873631,89.3406342446804,95.1650512838364,0.926440275909145
"9153001",2002,14.3142452657223,27.1477065384388,106.41900963068,82.4303089439869,169.796564531326,112.934459199905,183.518496199846,123.102509285212,129.223083122969,231.693335438967,98.2253382027149,50.8402504265308
"9153001",2003,24.3835764181614,7.10776316642761,53.8018184125423,34.5516265034676,71.2750695300102,296.255517534018,167.526029075384,124.385855412483,135.54109482646,97.2381488740444,65.0557767593861,45.5094280517101
"9153001",2004,27.8387390685081,23.692543888092,23.692543888092,124.385855412483,20.8296948349476,218.366279501915,189.342913239002,91.7098886334896,93.1906726264954,152.224594480991,111.354956274033,29.6156798601151
"9153001",2005,20.3361001706123,0.62552199335012,35.9336915636063,41.8568275356293,178.38511169076,248.475554026365,178.088954892159,131.000023914576,111.552394139767,56.8621053314209,142.352701194286,57.6518567943573
"9153001",2006,83.2200604069233,29.3195230615139,69.7942855370045,109.479296549559,91.3150129020214,221.525285353661,197.339146801233,133.270559370518,83.5162172055244,88.9457585132122,27.1477065384388,64.3647442293167
"9153001",2007,5.42954130768776,29.6156798601151,9.18086075663567,122.905071419477,101.186906188726,137.2193166852,193.982703083754,156.173351795673,94.8688944852352,62.2916466391087,20.7309759020805,35.5388158321381
"9153001",2008,15.795029258728,7.40391996502876,22.7053545594215,66.1416850209236,235.93824955225,136.330846289396,290.431100494862,386.287184308767,36.3285672950745,50.2479368293285,39.1914163482189,4.93594664335251
"9153001",2009,19.4476297748089,36.8221619594097,15.696310325861,43.8312061929703,126.16279620409,155.482319265604,93.2893915593624,242.94729378581,62.3903655719757,166.538839746714,84.0098118698597,22.8040734922886
"9153001",2010,32.7746857118607,53.5056616139412,29.3195230615139,17.1770943188667,51.9261586880684,175.719700503349,168.118342672586,182.531306871176,26.6541118741035,66.4378418195248,82.726465742588,41.6593896698952
"9401001",1981,NA,NA,NA,NA,NA,NA,NA,NA,NA,NA,NA,NA
"9401001",1982,NA,NA,NA,NA,NA,NA,NA,NA,NA,NA,NA,NA
"9401001",1983,NA,NA,NA,NA,NA,NA,NA,NA,NA,NA,NA,NA
"9401001",1984,NA,NA,NA,NA,NA,NA,NA,NA,NA,NA,NA,NA
"9401001",1985,NA,NA,NA,NA,NA,NA,NA,NA,NA,NA,NA,NA
"9401001",1986,NA,NA,NA,NA,NA,NA,NA,NA,NA,NA,NA,NA
"9401001",1987,NA,NA,NA,NA,NA,NA,NA,NA,NA,NA,NA,NA
"9401001",1988,NA,NA,NA,NA,NA,NA,NA,NA,NA,NA,NA,NA
"9401001",1989,35.8487360858917,25.9773449897766,54.8641526184082,39.5894737644196,106.507114458084,558.305098520279,326.691090591431,257.175715398788,88.5307917251587,107.234480117798,83.8548696269989,283.049151008606
"9401001",1990,38.9660174846649,41.6676613636017,120.534880752563,98.7139109611511,320.040890274048,259.773449897766,223.612985671997,221.223069932938,283.880426048279,82.0884101676941,106.195386318207,66.7098219337463
"9401001",1991,37.9269236850739,19.7427821922302,64.9433624744415,313.390689956665,515.806162117004,174.567758331299,381.866971349716,166.25500793457,209.793038137436,124.171709051132,133.004006347656,274.320763092041
"9401001",1992,4.67592209815979,110.143942756653,105.364111278534,323.054262292862,650.05708102417,469.462578655243,249.902058801651,158.046166917801,262.682912536621,286.997707447052,90.5050699443817,168.021467393875
"9401001",1993,115.858958654404,0.927961474022196,116.378505554199,281.282691549301,678.00870423317,546.667247964859,409.402957038879,304.142755140305,96.1161764621735,216.651057214737,158.461804437637,176.126399030685
"9401001",1994,69.2036470527649,41.044205083847,109.624395856857,197.012184402466,271.411300453186,512.584971338272,380.30833065033,166.982373594284,357.656085819244,353.291891860962,241.9010365448,256.96789663887
"9401001",1995,57.6697058773041,13.5082193946838,88.2190635852814,324.301174852371,127.185081069946,682.58071695137,425.301092172623,480.165244791031,61.3065341758728,151.707694740295,43.1223926830292,1.02788648570069
"9401001",1996,43.6419395828247,56.1110651779175,184.958696327209,138.719022245407,246.265230503082,211.975135116577,47.4865866413116,281.38660092926,154.72106675911,156.383616838455,130.19845308876,44.3693052425385
"9401001",1997,NA,33.7705484867096,5.71501589775085,315.988424455643,197.947368822098,594.673381505966,438.081945907593,206.364028598785,284.815610467911,303.934936380386,239.51112080574,125.002984090805
"9401001",1998,60.4752591362,67.5410969734192,59.0205278167725,119.495786952972,189.322890285492,141.524575504303,174.775577091217,245.745683603287,NA,20.7818759918213,83.6470508670807,69.0997376728058
"9401001",1999,47.2787678813934,52.4742368793488,41.5637519836426,64.1120874347687,208.857853717804,458.967731279373,104.948473758698,474.658047653198,316.196243215561,65.1511812343597,NA,44.1614864826202
"9401001",2000,32.7314546871185,221.015251173019,101.831192359924,87.803426065445,162.618179636002,780.775081012726,278.581047670364,NA,299.362923662186,167.50192049408,163.657273435593,164.592457855225
"9401001",2001,174.567758331299,28.0555325889587,109.31266771698,116.898052453995,406.285675640106,498.765023803711,556.642548440933,209.896947517395,62.3456279754639,36.3682829856873,175.60685213089,3.11728139877319
"9401001",2002,31.1728139877319,76.8929411697388,166.25500793457,NA,295.102639083862,227.249813970566,215.300235275269,297.388645442963,290.426716985703,543.342147806168,213.845503955841,130.925818748474
"9401001",2003,34.8096422863007,17.3528664531708,32.7314546871185,71.6974721717834,81.5688632678986,671.254594535828,208.338306818008,147.863047681808,240.030667705536,152.746788539886,158.461804437637,195.869181222916
"9401001",2004,21.8209697914124,49.3569554805756,113.780771055222,331.47092206955,2.07818759918213,471.125128734589,356.409173259735,128.847631149292,185.478243227005,246.784777402878,129.367178049088,89.3620667648315
"9401001",2005,46.2396740818024,12.1573974552155,27.0164387893677,58.7087996768951,602.050947483063,467.072662916183,304.142755140305,365.345379936218,70.242740852356,40.9402957038879,269.125294094086,102.246829879761
"9401001",2006,69.6192845726013,58.1892527770996,73.7756597709656,200.441193941116,293.751817144394,526.508828252792,513.727974517822,310.169499177933,199.298190761566,204.70147851944,44.6810333824158,146.51222574234
"9401001",2007,34.2900953865051,78.9711287689209,37.9269236850739,232.237464208603,111.183036556244,285.646885507584,298.012101722717,195.34963432312,99.7530047607422,113.261224155426,40.5246581840515,51.9546899795532
"9401001",2008,27.5359856891632,47.798314781189,13.5082193946838,166.25500793457,268.086200294495,198.778643861771,310.169499177933,686.321454629898,80.5297694683075,81.5688632678986,64.9433624744415,24.41870429039
"9401001",2009,23.3796104907989,65.9824562740326,22.3405166912079,181.841414928436,532.016025390625,317.027518255234,207.299213018417,681.125985631943,144.434038143158,341.86186006546,213.429866436005,92.9988950634003
"9401001",2010,46.2396740818024,107.234480117798,66.5020031738281,33.2510015869141,129.886724948883,329.912281370163,333.549109668732,360.565548458099,60.2674403762817,142.355850543976,134.043100147247,94.0379888629913
"9403001",1981,257.324324684143,33.4730828857422,100.419248657227,145.398703784943,547.598715333939,244.77191860199,229.081410999298,163.181279067993,190.378158912659,80.5446056938171,76.3604703330994,62.7620304107666
"9403001",1982,114.017688579559,104.603384017944,91.3187542476654,40.0630960788727,299.688695211411,497.284487621307,473.330312681198,281.38310300827,167.365414428711,287.136289129257,131.80026386261,0.152962836380639
"9403001",1983,77.4065041732788,20.3976598834991,31.3810152053833,237.972698640823,224.374258718491,315.902219734192,298.119644451141,161.612228307724,256.278290843964,125.524060821533,7.3222368812561,58.0548781299591
"9403001",1984,94.6660625362396,105.649417858124,62.7620304107666,38.1802351665497,683.060097637177,326.362558135986,345.714184179306,112.97165473938,205.022632675171,366.111844062805,103.034333257675,46.966919424057
"9403001",1985,13.075423002243,35.0421336460114,93.0970117759705,222.805207958221,466.531092720032,275.629916887283,210.775818796158,179.394803590775,267.784663085937,156.591265874863,128.243748806,17.1549549789429
"9403001",1986,24.8956053962708,94.1430456161499,145.921720705032,260.671632972717,426.991013561249,393.517930675507,196.758965337753,365.065810222626,96.2351132965088,114.854515651703,399.480323564529,2.51048121643066
"9403001",1987,5.23016920089722,39.435475774765,124.1642168293,110.565776906967,219.771709821701,280.650879320145,442.995331315994,268.621490158081,170.503515949249,153.034750818253,98.5363877449036,66.5277522354126
"9403001",1988,76.2558669490814,0.337561407577884,138.494880439758,116.318963027954,111.507207363129,402.723028469086,193.307053665161,382.011558433533,96.3397166805267,233.788563280106,70.8164909801483,85.6701715106964
"9403001",1989,47.9083498802185,30.3349813652039,83.0550869102478,53.5569326171875,79.1847617015839,440.484850099564,378.559646760941,341.843858970642,92.9924083919525,86.50699858284,37.8664250144959,306.697121940613
"9403001",1990,28.5567238368988,68.9336300678253,152.720940666199,144.666480096817,292.261854946136,232.742529439926,198.328016098022,199.897066858292,371.342013263702,125.419457437515,86.2977918148041,37.0295979423523
"9403001",1991,84.8333444385529,16.2135245227814,39.540079158783,224.269655334473,517.159130584717,NA,359.312624101639,175.733685150146,193.411657049179,112.44863781929,81.4860361499786,238.181905408859
"9403001",1992,0.0655669863335568,59.6239288902283,74.2684026527405,192.051813056946,433.05800983429,417.367502231598,182.009888191223,166.842397508621,281.38310300827,213.913920316696,19.8746429634094,121.862942380905
"9403001",1993,80.5446056938171,5.23016920089722,21.4436937236786,145.398703784943,629.189354867935,313.287135133743,279.291035327911,245.817952442169,113.49467165947,105.126400938034,152.720940666199,126.570094661713
"9403001",1994,41.8413536071777,16.7365414428711,42.3643705272675,102.615919721603,356.69753950119,242.679850921631,155.859042186737,16.7365414428711,103.034333257675,199.792463474274,109.833553218842,66.9461657714844
"9403001",1995,8.47287410545349,15.1674906826019,53.8707427692413,71.6533180522919,25.1048121643066,314.856185894012,231.382685447693,158.997143707275,7.84525380134582,59.1009119701385,6.79921996116638,0.16813911630055
"9403001",1996,17.7825752830505,18.82860912323,25.6278290843964,21.4436937236786,162.135245227814,194.562294273376,NA,209.729784955978,90.9003407115936,32.9500659656525,59.6239288902283,NA
"9403001",1997,21.4436937236786,10.4603384017944,8.36827072143555,317.471270494461,223.851241798401,406.907163829803,241.633817081451,173.118600549698,84.2057241344452,207.11470035553,132.846297702789,40.2723028469086
"9403001",1998,3.13810152053833,0.104640552330948,13.5984399223328,71.1303011322021,64.3310811710358,100.419248657227,107.218468618393,165.273346748352,92.050977935791,0.391506863366981,61.1929796504974,52.3016920089722
"9403001",1999,74.2684026527405,42.3643705272675,42.3643705272675,19.3516260433197,172.072566709518,457.116788158417,98.3271809768677,380.756317825317,211.298835716248,33.9960998058319,28.7659306049347,52.8247089290619
"9403001",2000,10.4603384017944,237.972698640823,66.4231488513947,95.1890794563294,81.5906395339966,767.788838691711,195.608328113556,235.357614040375,289.751373729706,84.7287410545349,43.9334212875366,NA
"9403001",2001,143.306636104584,11.5063722419739,84.2057241344452,57.5318612098694,392.262690067291,413.70638379097,585.255933580399,100.419248657227,28.242913684845,58.5778950500488,26.6738629245758,0.196314834405006
"9403001",2002,12.5524060821533,110.356570138931,149.059822225571,127.616128501892,293.935509090424,202.930564994812,131.80026386261,125.524060821533,291.843441410065,326.362558135986,126.570094661713,52.3016920089722
"9403001",2003,52.4062953929901,5.75318612098694,17.7825752830505,21.9667106437683,62.7620304107666,679.398979196548,256.801307764053,136.507416143417,119.247857780457,121.339925460815,188.80910815239,90.4819271755218
"9403001",2004,5.75318612098694,63.2850473308563,52.8247089290619,NA,20.9206768035889,414.22940071106,307.010932092667,148.013788385391,156.905076026917,167.365414428711,115.586739339828,35.0421336460114
"9403001",2005,37.1342013263702,0.0213619038323207,66.9461657714844,47.5945397281647,507.84942940712,241.738420465469,162.658262147903,175.210668230057,61.1929796504974,63.808064250946,221.236157197952,NA
"9403001",2006,NA,62.7620304107666,71.6533180522919,168.93446518898,213.913920316696,NA,299.688695211411,NA,160.043177547455,278.245001487732,37.65721824646,174.687651309967
"9403001",2007,41.8413536071777,62.7620304107666,36.6111844062805,197.700395793915,99.4778182010651,402.200011548996,342.053065738678,155.336025266647,78.975554933548,NA,14.1214568424225,38.7032520866394
"9403001",2008,52.3016920089722,23.0127444839478,41.8413536071777,107.218468618393,271.968798446655,219.144089517593,361.927708702087,598.331356582642,35.5651505661011,34.5191167259216,134.938365383148,19.3516260433197
"9403001",2009,13.5984399223328,66.9461657714844,39.7492859268188,129.185179262161,310.149033613205,NA,118.724840860367,553.874918375015,129.708196182251,321.132388935089,69.0382334518433,53.8707427692413
"9403001",2010,26.6738629245758,115.586739339828,21.9667106437683,5.23016920089722,92.5739948558807,273.014832286835,286.613272209167,269.353713846207,34.5191167259216,66.4231488513947,108.264502458572,73.7453857326508
"9404002",1981,393.629019732475,77.3684624991417,102.844717357159,261.027201414108,554.421775803566,305.401825654507,172.80000733614,126.859219887257,150.873722417355,123.726893470287,60.5583107280731,22.9703937244415
"9404002",1982,101.800608551502,96.0580101203918,87.1830852723122,58.9921475195885,291.515178539276,392.584910926819,531.973436481953,283.99759513855,188.461639420986,289.74019356966,81.4404868412018,0.375061088741857
"9404002",1983,70.4773443818092,19.8380673074722,50.639277074337,261.549255816936,249.019950149059,381.099714064598,302.060677476406,174.366170544624,183.763149795532,184.28520419836,0.0424109515284561,13.5734144735336
"9404002",1984,76.2199428129196,135.212090332508,49.5951682686806,68.3891267704964,603.390478788853,306.445934460163,439.569807181358,135.734144735336,190.549857032299,396.761346149445,69.4332355761528,42.8084610319138
"9404002",1985,116.418131830692,13.5734144735336,95.0139013147354,251.108167760372,524.664674842358,357.607265937328,143.56496077776,149.829613611698,103.888826162815,105.4549893713,85.6169220638275,0.180510620328476
"9404002",1986,13.9910579957962,163.92508248806,149.829613611698,299.972459865093,295.796024642468,354.579350400925,128.947437498569,151.082544178486,61.0803651309013,48.5510594630241,235.968590078354,0.176176434059429
"9404002",1987,2.08821761131287,4.69848962545395,121.638675858974,144.50465870285,150.873722417355,412.422978234291,672.71930348444,207.77765232563,135.212090332508,210.387924339771,190.027802629471,86.1389764666557
"9404002",1988,NA,0.413729056003072,NA,117.984295039177,144.087015180588,401.981890177727,143.56496077776,315.320859308243,71.4170423069,239.205327375889,54.2936578941345,69.5376464567184
"9404002",1989,28.9218139166832,27.6688833498955,69.0155920538902,39.3629019732475,72.3567402319908,442.075668314934,299.763638103962,522.472046350479,76.115531932354,91.8815748977661,58.4700931167603,248.497895746231
"9404002",1990,12.5293056678772,93.969792509079,155.572212042809,135.003268571377,524.351442200661,226.153967305183,258.625751161098,200.573301566601,363.349864368439,111.510820444107,80.7096106772423,50.2216335520744
"9404002",1991,50.2216335520744,10.9631424593925,48.4466485824585,242.964119076252,464.94165115881,192.638074643612,426.205214468956,144.609069583416,193.577772568703,82.4845956468582,71.2082205457687,250.899345999241
"9404002",1992,2.61027201414108,78.8302148270607,78.5169821853638,248.706717507362,484.779718466282,458.676998324871,197.336564269066,206.837954400539,308.116508549213,289.218139166832,48.7598812241554,163.1942063241
"9404002",1993,46.0451983294487,2.4014502530098,80.7096106772423,178.020551364422,628.971144527435,478.619476512909,518.295611127853,273.347685320854,125.501878439903,144.087015180588,171.233844127655,95.8491883592606
"9404002",1994,51.3701532382965,26.3115419025421,50.3260444326401,182.510219228745,166.744176263332,422.133190126896,457.632889519215,151.395776820183,228.451006677628,265.203636636734,198.902727477551,249.750826313019
"9404002",1995,50.2216335520744,10.9631424593925,81.6493086023331,274.600615887642,163.611849846363,601.30226117754,322.10756654501,379.429139975548,77.264051618576,144.50465870285,32.4717838559151,5.22054402828217
"9404002",1996,40.3025998983383,107.438796102047,73.6096707987785,147.845806880951,224.170160574436,194.726292254925,47.5069506573677,309.369439116001,75.6978884100914,93.1345054645538,82.9022391691208,26.2071310219765
"9404002",1997,116.731364472389,38.1099714064598,3.65438081979752,405.845092758656,277.52412054348,514.014765024662,487.285579599857,226.780432588577,152.753118267536,276.79324437952,173.635294380665,48.7598812241554
"9404002",1998,16.1836864876747,21.1954087548256,43.330515434742,81.1272541995049,114.016681577683,142.8340846138,100.130034462452,224.692214977264,111.19758780241,16.8101517710686,43.1216936736107,64.0038697867393
"9404002",1999,39.3629019732475,41.7643522262573,55.9642319831848,55.1289449386597,227.19807611084,482.691500854969,154.736924998283,292.350465583801,264.159527831078,57.7392169528007,72.878794634819,21.9262849187851
"9404002",2000,33.7247144227028,209.343815534115,81.7537194828987,79.7699127521515,122.682784664631,648.182746551514,252.569920088291,187.626352376461,276.584422618389,131.140065990448,67.1361962037086,85.5125111832619
"9404002",2001,175.410279350281,18.7939585018158,71.5214531874657,20.8821761131287,298.61511841774,283.99759513855,405.114216594696,116.940186233521,63.1685827422142,87.7051396751404,104.932934968472,6.78670723676681
"9404002",2002,20.3601217103004,87.7051396751404,200.782123327732,151.395776820183,318.453185725212,230.225991647243,146.697287194729,244.634693165302,234.506837750435,414.511195845604,254.240494177341,103.784415282249
"9404002",2003,58.4700931167603,19.316012904644,40.1981890177727,56.0686428637505,84.0507588553429,629.075555408001,370.136571605206,167.579463307858,327.85016497612,143.042906374931,210.909978742599,147.741396000385
"9404002",2004,22.9703937244415,95.5359557175636,107.543206982613,289.322550047398,20.3601217103004,501.172226715088,339.857416241169,144.087015180588,186.373421809673,296.526900806427,122.682784664631,50.1172226715088
"9404002",2005,65.2568003535271,0.0103031513696495,75.1758340072632,64.7347459506989,609.237488100529,436.437480764389,249.855237193584,320.019348933697,87.1830852723122,96.5800645232201,337.769198629856,70.4773443818092
"9404002",2006,125.293056678772,63.6906371450424,103.888826162815,236.490644481182,194.204237852097,475.591560976505,422.864066290855,223.439284410477,205.167380311489,205.689434714317,61.0803651309013,158.18248405695
"9404002",2007,30.2791553640366,85.0948676609993,31.323264169693,230.748046050072,133.123872721195,323.151675350666,288.487263002872,155.05015763998,95.5359557175636,142.520851972103,20.8821761131287,77.264051618576
"9404002",2008,17.7498496961594,30.2791553640366,38.1099714064598,120.07251265049,289.74019356966,190.341035271168,307.49004326582,542.414524538517,99.1903365373611,51.1613314771652,134.167981526852,44.3746242403984
"9404002",2009,25.5806657385826,64.2126915478706,50.1172226715088,124.248947873116,444.268296806812,272.512398276329,126.337165484428,508.480988354683,129.469491901398,292.872519986629,173.322061738968,108.587315788269
"9404002",2010,57.4259843111038,148.785504806042,54.2936578941345,41.7643522262573,97.6241733288765,335.680981018543,316.364968113899,239.622970898151,67.3450179648399,92.9256837034225,81.96254124403,80.3963780355454
"9135003",1981,202.622134366035,26.2463904619217,67.1907595825195,142.780364112854,452.48777156353,174.27603266716,171.126465811729,141.730508494377,124.932818598747,66.1409039640427,11.5484118032455,44.0939359760284
"9135003",1982,133.331663546562,66.035918402195,48.2933584499359,38.8446578836441,203.671989984512,373.748600177765,325.350256165981,185.299516661167,196.742942902565,54.8024632844925,64.0411927270889,0.0518043183035676
"9135003",1983,68.2406152009964,4.19942247390747,38.8446578836441,179.525310759544,182.674877614975,268.763038330078,228.868524827957,135.431374783516,187.924155707359,107.085273084641,8.39884494781494,32.860480858326
"9135003",1984,41.9942247390747,87.13801633358,24.146679224968,36.7449466466904,414.168041489124,266.663327093124,246.191142532825,82.9385938596726,150.654281251431,244.091431295872,58.7919146347046,26.2463904619217
"9135003",1985,70.3403264379501,41.4692969298363,71.9151098656654,172.176321430206,353.801343426704,188.134126831055,200.417437567234,139.630797257423,168.501826765537,82.4136660504341,74.0148211026192,4.93432140684128
"9135003",1986,17.2176321430206,113.384406795502,107.610200893879,228.343597018719,346.452354097366,265.403500350952,149.814396756649,268.23811052084,66.035918402195,64.0411927270889,220.469679880142,14.1730508494377
"9135003",1987,13.6481230401993,14.6979786586761,96.0617890906334,109.709912130833,193.698361608982,254.065059671402,342.777859432697,175.850816094875,158.003270580769,128.607313263416,30.2358418121338,40.9443691205978
"9135003",1988,69.2904708194733,0.52667385122332,139.630797257423,73.4898932933807,113.489392357349,277.686811087132,135.956302592754,275.062172040939,56.6922033977509,151.179209060669,7.34898932933807,22.5718957972527
"9135003",1989,13.6481230401993,19.9472567510605,60.8916258716583,40.9443691205978,65.6159761548042,337.528581340313,258.789409954548,174.800960476398,15.9578054008484,70.3403264379501,33.5953797912598,171.126465811729
"9135003",1990,9.97362837553024,47.7684306406975,133.856591355801,116.009045841694,250.915492815971,193.173433799744,142.255436303616,149.079497823715,243.566503486633,96.5867168998718,34.6452354097366,33.5953797912598
"9135003",1991,26.2463904619217,10.4985561847687,58.7919146347046,141.730508494377,354.851199045181,179.525310759544,275.062172040939,118.633684887886,151.179209060669,67.1907595825195,50.3930696868896,137.53108602047
"9135003",1992,1.00427081858905,55.642347779274,41.9942247390747,162.727620863914,372.698744559288,354.851199045181,130.182096691132,162.727620863914,216.270257406235,196.323000655174,47.243502831459,156.428487153053
"9135003",1993,25.1965348434448,1.04985561847687,52.4927809238434,162.727620863914,488.182862591743,337.003653531075,399.994990639687,191.07372256279,41.9942247390747,69.2904708194733,132.281807928085,170.076610193253
"9135003",1994,34.6452354097366,29.3959573173523,51.4429253053665,109.184984321594,134.381519165039,313.906829924583,291.859861936569,76.6394601488113,114.119305728436,145.929930968285,150.129353442192,92.9122222352028
"9135003",1995,29.9208851265907,4.19942247390747,47.7684306406975,165.352259910107,122.308179552555,414.692969298363,281.781247999191,282.411161370277,115.484118032455,152.229064679146,13.1231952309608,1.03230393944736
"9135003",1996,34.1203076004982,55.1174199700356,77.1643879580498,79.7890270042419,167.45197114706,128.607313263416,29.3959573173523,260.364193382263,54.5924921607971,54.8024632844925,41.9942247390747,7.34898932933807
"9135003",1997,71.390182056427,31.495668554306,1.04985561847687,324.405386109352,191.07372256279,473.694855056763,299.208851265907,172.176321430206,149.604425632954,261.41404900074,137.53108602047,45.6687194037437
"9135003",1998,0.629913371086121,8.39884494781494,27.2962460803986,32.0205963635445,107.610200893879,128.607313263416,108.135128703117,131.756880118847,51.9678531146049,21.5220401787758,24.6716070342064,59.316842443943
"9135003",1999,26.7713182711601,40.9443691205978,57.7420590162277,37.2698744559288,164.827332100868,365.874683039188,30.9707407450676,186.874300088882,146.454858777523,1.04985561847687,NA,NA
"9135003",2000,18.3724733233452,149.079497823715,116.533973650932,139.630797257423,105.090547409534,746.972272546291,215.220401787758,435.6900816679,372.698744559288,113.384406795502,76.2195179014206,71.390182056427
"9135003",2001,172.176321430206,15.747834277153,34.6452354097366,86.6130885243416,366.924538657665,430.440803575516,342.252931623459,157.47834277153,35.6950910282135,84.5133772873879,0.596896510846369,7.34898932933807
"9135003",2002,15.747834277153,32.5455241727829,104.460634038448,133.331663546562,169.761653507709,72.4400376749039,106.770316399097,NA,NA,346.347368535519,15.43287759161,66.1409039640427
"9135003",2003,25.1965348434448,5.77420590162277,13.3331663546562,52.4927809238434,41.9942247390747,433.170428183556,130.70702450037,52.8077376093864,112.019594491482,48.5033295736313,81.783752679348,49.5531851921082
"9135003",2004,2.93959573173523,28.8710295081139,15.0129353442192,175.850816094875,8.60881607151032,NA,NA,115.904060279846,101.521038306713,192.648505990505,110.339825501919,37.8997878270149
"9135003",2005,50.9179974961281,0.675166811138353,155.588602658272,47.4534739551544,600.727384892464,418.052507277489,209.65616700983,220.154723194599,108.03014314127,56.9021745214462,191.598650372028,30.7607696213722
"9135003",2006,87.13801633358,33.5953797912598,67.1907595825195,213.120690550804,177.425599522591,462.986327748299,270.862749567032,219.419824261665,162.727620863914,125.457746407986,32.5455241727829,86.0881607151031
"9135003",2007,30.4458129358292,46.1936472129822,19.9472567510605,149.079497823715,77.6893157672882,199.997495319843,275.062172040939,140.6806528759,78.7391713857651,79.7890270042419,24.146679224968,34.6452354097366
"9135003",2008,13.6481230401993,20.9971123695374,19.9472567510605,73.8048499789238,310.757263069153,150.129353442192,333.854086675644,384.247156362534,57.7420590162277,12.5982674217224,48.2933584499359,32.5455241727829
"9135003",2009,8.39884494781494,9.44870056629181,34.1203076004982,69.2904708194733,274.012316422462,220.469679880142,167.976898956299,327.554952964783,104.985561847687,226.768813591003,89.2377275705337,76.6394601488113
"9135003",2010,73.4898932933807,122.833107361794,41.9942247390747,2.09971123695374,58.7919146347046,198.422711892128,222.569391117096,157.47834277153,26.2463904619217,68.2406152009964,53.5426365423203,44.0939359760284
"9404003",1981,305.560853242874,62.6764753580093,105.329850435257,215.352614998817,554.806736946106,368.133041620255,229.431357383728,168.944908618927,200.752437710762,98.0297617912292,109.501329660416,66.7436676025391
"9404003",1982,136.615944623947,82.1781407356262,106.372720241547,67.2651025056839,272.710454344749,426.012315869331,567.321174621582,310.775202274323,216.916919708252,341.018426656723,133.487335205078,0.649084784941191
"9404003",1983,93.8582825660706,22.9431357383728,55.7935346364975,293.046415567398,197.93668923378,330.589728593826,270.62471473217,175.72356235981,201.273872613907,165.816299200058,10.4286980628967,51.100620508194
"9404003",1984,80.8224099874496,138.180249333382,66.2222326993942,49.5363157987595,633.021972417831,293.046415567398,327.982554078102,105.329850435257,176.7664321661,401.504875421524,135.051639914513,85.5153241157532
"9404003",1985,168.423473715782,54.229229927063,110.02276456356,254.981667637825,471.377152442932,307.646592855453,229.952792286873,216.395484805107,195.538088679314,157.473340749741,99.5940665006638,18.2502216100693
"9404003",1986,29.2003545761108,135.051639914513,157.994775652885,272.189019441605,357.704343557358,343.104166269302,174.472118592262,308.168027758598,81.8652797937393,114.194243788719,311.296637177467,28.678919672966
"9404003",1987,12.5144376754761,19.2930914163589,171.030648231506,139.744554042816,232.559966802597,339.975556850433,327.982554078102,187.195130228996,169.466343522072,176.244997262955,113.672808885574,79.2581052780151
"9404003",1988,75.0866260528564,0.844838924624477,146.523207783699,122.015767335892,124.101506948471,317.032421112061,150.173252105713,289.396371245384,84.4724543094635,221.609833836555,63.0936232805252,75.6080609560013
"9404003",1989,46.4077063798904,43.2790969610214,71.9580166339874,55.7935346364975,141.830293655396,403.590615034103,276.881933569908,273.753324151039,65.1793628931046,73.5223213434219,45.3648365736008,234.645706415176
"9404003",1990,19.2930914163589,66.2222326993942,137.658814430237,125.144376754761,368.133041620255,360.832952976227,184.587955713272,201.273872613907,339.975556850433,118.887157917023,92.293977856636,49.5363157987595
"9404003",1991,73.0008864402771,17.7287867069244,71.9580166339874,260.717451572418,470.334282636642,216.395484805107,399.419135808945,143.39459836483,200.231002807617,94.9011523723602,82.908149600029,270.62471473217
"9404003",1992,12.5144376754761,96.9868919849396,86.5581939220428,208.573961257935,446.34827709198,402.026310324669,242.988664865494,179.999328565598,252.374493122101,288.874936342239,70.9151468276978,127.751551270485
"9404003",1993,79.2581052780151,8.34295845031738,89.6868033409119,181.459346294403,493.277418375015,325.896814465523,583.381369638443,316.510986208916,102.722675919533,149.651817202568,159.55908036232,195.016653776169
"9404003",1994,83.9510194063187,42.2362271547318,83.9510194063187,231.517096996307,165.294864296913,405.676354646683,520.913468241692,101.679806113243,244.552969574928,284.182022213936,210.659700870514,199.813854885101
"9404003",1995,47.4505761861801,14.6001772880554,97.5083268880844,287.310631632805,105.851285338402,549.070953011513,293.567850470543,336.846947431564,102.722675919533,124.101506948471,43.8005318641663,5.21434903144836
"9404003",1996,54.7506648302078,104.808415532112,93.3368476629257,149.651817202568,182.189355158806,240.38149034977,53.7077950239182,308.689462661743,81.8652797937393,111.06563436985,92.8154127597809,35.9790083169937
"9404003",1997,122.015767335892,38.0647479295731,8.86439335346222,322.246770143509,195.538088679314,414.540748000145,469.291412830353,184.170807790756,179.373606681824,259.153146862984,192.513766241074,45.3648365736008
"9404003",1998,29.2003545761108,7.82152354717255,42.7576620578766,86.5581939220428,114.194243788719,146.001772880554,NA,172.69923992157,108.458459854126,18.2502216100693,22.421700835228,NA
"9404003",1999,NA,41.1933573484421,65.7007977962494,68.3079723119736,176.7664321661,407.240659356117,146.001772880554,409.326398968697,264.888930797577,NA,80.4052620649338,27.1146149635315
"9404003",2000,17.7287867069244,333.19690310955,107.415590047836,127.751551270485,98.5511966943741,678.908243894577,259.674581766129,234.124271512032,239.33862054348,96.9868919849396,82.908149600029,106.372720241547
"9404003",2001,171.030648231506,15.6430470943451,95.9440221786499,116.279983401299,317.866716957092,422.362271547318,480.241545796394,64.1364930868149,122.015767335892,78.2152354717255,80.8224099874496,3.12860941886902
"9404003",2002,57.357839345932,106.894155144691,205.445351839066,150.694687008858,253.834510850906,174.159257650375,134.008770108223,224.738443255424,266.036087584496,318.805299782753,168.944908618927,90.7296731472015
"9404003",2003,63.61505818367,20.1273872613907,24.5074404478073,59.5478659391403,100.115501403809,562.211112570763,237.252880930901,146.001772880554,256.024537444115,199.709567904472,197.623828291893,129.002995038033
"9404003",2004,13.5573074817657,70.3937119245529,88.1224986314774,256.024537444115,19.8145263195038,297.739329695702,343.104166269302,NA,132.444465398788,311.818072080612,121.494332432747,84.3681673288345
"9404003",2005,63.0936232805252,0.991612588401145,112.629939079285,62.0507534742355,524.042077660561,441.655362963676,223.17413854599,326.418249368668,108.458459854126,111.587069272995,233.185688686371,76.1294958591461
"9404003",2006,124.101506948471,61.5293185710907,88.6439335346222,261.760321378708,187.82085211277,NA,NA,NA,243.510099768639,222.652703642845,67.2651025056839,187.195130228996
"9404003",2007,41.7147922515869,85.5153241157532,30.7646592855453,208.573961257935,157.264766788483,334.23977291584,309.732332468033,205.445351839066,92.8154127597809,156.53475792408,20.9616831064224,81.3438448905945
"9404003",2008,53.7077950239182,33.3718338012695,40.6719224452972,164.773429393768,334.761207818985,184.587955713272,309.210897564888,548.549518108368,63.61505818367,54.7506648302078,124.101506948471,29.7217894792557
"9404003",2009,38.5861828327179,81.3438448905945,42.7576620578766,138.180249333382,481.805850505829,266.453235507011,140.265988945961,511.00620508194,100.636936306953,308.585175681114,138.701684236526,118.887157917023
"9404003",2010,51.6220554113388,145.480337977409,65.7007977962494,71.9580166339874,87.0796288251877,334.23977291584,304.517983436584,268.538975119591,58.9221440553665,112.10850417614,74.0437562465668,120.451462626457
"9438001",1981,NA,NA,NA,NA,NA,NA,NA,NA,NA,NA,NA,NA
"9438001",1982,NA,NA,NA,NA,NA,NA,NA,NA,NA,NA,NA,NA
"9438001",1983,NA,NA,NA,NA,NA,NA,NA,NA,NA,NA,NA,NA
"9438001",1984,NA,NA,NA,NA,NA,NA,NA,NA,NA,NA,NA,NA
"9438001",1985,NA,NA,NA,NA,NA,NA,NA,NA,NA,NA,NA,NA
"9438001",1986,NA,NA,NA,NA,NA,NA,NA,NA,NA,NA,NA,NA
"9438001",1987,NA,NA,NA,NA,NA,NA,NA,NA,NA,NA,NA,NA
"9438001",1988,NA,NA,NA,NA,NA,NA,NA,NA,NA,NA,NA,NA
"9438001",1989,22.3824303030968,15.5521111965179,NA,60.3169718027115,45.2902697682381,230.33937664032,424.110275602341,199.445317912102,83.7502204298973,71.875973367691,50.3341977238655,156.046521127224
"9438001",1990,25.5348852753639,60.7372991323471,117.271324968338,174.330759966373,309.886323773861,236.329041087627,155.731275629997,186.940579855442,180.530588078499,NA,33.9414318680763,6.62015544176102
"9438001",1991,8.93195575475693,14.0809655427933,70.7200732111931,40.4565054774284,242.633951032162,112.017233347893,234.227404439449,90.1602122068405,38.3548688292503,61.0525446295738,65.1507360935211,271.741618609428
"9438001",1992,11.7691652297974,42.7683057904243,107.603796386719,194.296308124065,290.130939280987,382.91819729805,201.336790895462,204.174000370502,167.92076818943,161.090449082851,36.2532321810722,72.7166280269623
"9438001",1993,69.1438457250595,0.21016366481781,26.9009490966797,254.613279926777,587.092197668552,719.915633833408,513.009505820274,136.186054801941,52.7510798692703,89.8449667096138,67.1472909092903,52.9612435340881
"9438001",1994,27.9517674207687,10.7183469057083,34.6770046949387,46.0258425951004,120.423779940605,456.370398151875,172.439286983013,36.46339584589,63.5745086073875,205.329900527,57.2695986628532,27.8466855883598
"9438001",1995,23.0129212975502,0.33658071066308,15.0267020344734,54.8527165174484,39.6158508181572,246.837224328518,160.144712591171,91.2110305309296,37.8294596672058,37.0938868403435,0.43131855575297,0.223664642742685
"9438001",1996,0.387208131141372,10.8234287381172,54.9577983498573,84.065465927124,240.006905221939,115.695097482204,27.2161945939064,258.711471390724,70.9302368760109,50.2291158914566,55.4832075119019,52.1205888748169
"9438001",1997,55.5882893443108,0.994873671758354,2.62704581022263,98.8820042967796,108.44445104599,375.562469029427,78.601210641861,31.7347133874893,78.4961288094521,55.0628801822662,47.2868245840073,35.6227411866188
"9438001",1998,10.9285105705261,0.474502147875503,0.455440319807626,9.77261041402817,68.3031910657883,33.4160227060318,59.1610716462135,29.3178312420845,18.4944025039673,4.41343696117401,8.82687392234802,20.7011209845543
"9438001",1999,NA,NA,NA,NA,NA,NA,NA,NA,NA,NA,NA,NA
"9438001",2000,30.5788132309914,137.867364120483,73.6623645186424,115.274770152569,85.7467752456665,587.512524998188,199.970727074146,149.426365685463,155.100784635544,62.5236902832985,74.5030191779137,54.0120618581772
"9438001",2001,91.841521525383,20.5960391521454,52.7510798692703,85.0112024188042,274.263582587242,336.472027373314,359.9052760005,158.673566937447,62.8389357805252,60.2118899703026,81.5435019493103,9.45736491680145
"9438001",2002,34.9922501921654,41.8225692987442,182.842388391495,113.698542666435,214.156774449348,206.906128013134,154.995702803135,150.056856679916,178.639115095139,280.358328866959,181.581406402588,111.28166052103
"9438001",2003,42.2428966283798,23.3281667947769,63.3643449425697,59.0559898138046,79.1266198039055,463.095635426044,232.756258785725,144.697683227062,211.424646806717,141.229982757568,132.298027002811,92.3669306874275
"9438001",2004,29.1076675772667,40.981914639473,48.4427247405052,241.267887210846,23.223084962368,374.30148704052,271.216209447384,125.152462399006,134.819990980625,198.604663252831,106.447896230221,38.670114326477
"9438001",2005,39.9310963153839,2.31180031299591,61.8931992888451,60.3169718027115,482.325610756874,385.335079443455,207.851864504814,212.05513780117,115.274770152569,88.1636573910713,213.316119790077,61.5779537916183
"9438001",2006,92.8923398494721,27.8466855883598,55.7984530091286,173.595187139511,134.189499986172,384.599506616592,257.135243904591,213.736447119713,124.521971404552,142.175719249249,40.0361781477928,94.8888946652412
"9438001",2007,12.2945743918419,51.8053433775902,47.1817427515984,148.79587469101,108.129205548763,216.363492929935,281.934556353092,163.717494893074,104.766586911678,92.3669306874275,60.3169718027115,61.3677901268005
"9438001",2008,17.5486660122871,48.3376429080963,19.2299753308296,71.2454823732376,278.361774051189,218.78037507534,345.403983128071,477.596928298473,59.0559898138046,62.7338539481163,60.9474627971649,18.7045661687851
"9438001",2009,15.0267020344734,28.2670129179955,40.4565054774284,71.0353187084198,282.039638185501,212.265301465988,168.130931854248,307.154196131229,98.7769224643707,205.750227856636,127.989671874046,72.1912188649178
"9438001",2010,37.619296002388,91.2110305309296,61.998281121254,22.8027576327324,93.7329945087433,301.584859013557,225.610694181919,247.677878987789,71.5607278704643,117.586570465565,81.6485837817192,79.4418653011322
"9433003",1981,173.916549968719,21.7395687460899,108.69784373045,278.473523461819,602.496619534493,143.895240747929,79.7117520689964,246.381779122353,239.135256206989,54.8665306448936,19.6691336274147,64.1834886789322
"9433003",1982,113.873931527138,64.1834886789322,55.9017482042313,45.5495726108551,405.805283260345,547.630088889599,485.517035329342,370.090277463198,165.634809494019,220.501340138912,79.1941432893276,1.03521755933762
"9433003",1983,90.5815364420414,1.03203643351573,53.3137043058872,232.923950850964,211.805512640476,395.970716446638,336.445706784725,239.652864986658,257.769172275066,105.592191052437,0.13395148456547,19.6691336274147
"9433003",1984,49.6904428482056,99.3808856964111,23.8100038647652,21.7395687460899,522.267258685827,401.146804243326,389.241802310944,129.402194917202,267.086130309105,269.15656542778,57.9721833229065,41.4087023735046
"9433003",1985,110.768278849125,47.6200077295303,62.113053560257,221.53655769825,496.904428482056,288.825699055195,231.888733291626,199.79698895216,201.867424070835,167.705244612694,122.155672001839,11.3873931527138
"9433003",1986,20.7043511867523,0.673432455310185,12.4226107120514,229.818298172951,569.369657635689,574.545745432377,105.592191052437,204.973076748848,135.613500273228,41.4087023735046,227.747863054276,28.9860916614532
"9433003",1987,0.207043511867523,10.5592191052437,178.05742020607,283.649611258507,203.420250409842,283.649611258507,541.418783533573,191.515248477459,195.138509935141,144.930458307266,69.3595764756203,48.655225288868
"9433003",1988,75.0532730519772,0.487755163130621,89.028710103035,83.8526223063469,167.705244612694,403.73484814167,296.072221970558,374.748756480217,94.7224066793919,160.45872169733,36.2326145768166,62.113053560257
"9433003",1989,30.0213092207909,22.2571775257587,66.2539237976074,51.243269187212,110.250670069456,528.996172821522,397.523542785645,297.107439529896,66.2539237976074,91.0991452217102,57.4545745432377,202.385032850504
"9433003",1990,38.3030496954918,86.4406662046909,172.363723629713,149.899502592087,384.583323293924,257.251563495398,228.783080613613,307.459615123272,322.470269733667,114.909149086475,46.3777466583252,42.4439199328423
"9433003",1991,20.7043511867523,19.6691336274147,102.590060130358,165.634809494019,476.200077295303,232.923950850964,350.938752615452,283.649611258507,211.184382104874,86.9582749843597,48.655225288868,244.311344003677
"9433003",1992,2.07043511867523,56.9369657635689,103.521755933762,247.41699668169,473.09442461729,494.83399336338,184.268725562096,229.818298172951,243.27612644434,259.839607393742,87.9934925436974,132.507847595215
"9433003",1993,39.3382672548294,3.10565267801285,92.1343627810478,204.455467969179,710.159245705605,496.904428482056,603.014228314161,207.561120647192,68.3243589162826,116.979584205151,116.461975425482,27.4332653224468
"9433003",1994,35.1973970174789,33.1269618988037,41.4087023735046,107.145017391443,233.441559630632,446.178768074513,442.037897837162,137.166326612234,170.810897290707,184.268725562096,240.170473766327,113.356322747469
"9433003",1995,35.1973970174789,0.646286539970737,71.4300115942955,240.688082545996,118.014801764488,719.476203739643,417.192676413059,394.417890107632,99.3808856964111,176.504593867064,27.9508741021156,4.65847901701927
"9433003",1996,30.0213092207909,86.9582749843597,87.4758837640286,116.979584205151,296.072221970558,185.303943121433,87.4758837640286,288.308090275526,79.7117520689964,71.4300115942955,72.4652291536331,30.0213092207909
"9433003",1997,110.768278849125,34.1621794581413,1.03521755933762,474.647250956297,232.406342071295,658.915976518393,424.956808108091,251.557866919041,194.620901155472,289.860916614532,172.881332409382,55.9017482042313
"9433003",1998,10.3521755933762,1.03521755933762,44.5143550515175,134.57828271389,234.47677718997,199.79698895216,124.226107120514,320.399834614992,112.8387139678,4.14087023735046,37.4748756480217,75.0532730519772
"9433003",1999,36.2326145768166,50.7256604075432,73.5004467129707,59.0074008822441,268.638956648111,592.144443941116,167.705244612694,372.678321361542,268.121347868443,26.915656542778,78.6765345096588,17.5986985087395
"9433003",2000,23.8100038647652,163.564374375343,46.5847901701927,157.353069019318,140.789588069916,908.921017098427,284.684828817844,198.761771392822,200.832206511498,118.014801764488,64.701097458601,91.0991452217102
"9433003",2001,121.120454442501,18.6339160680771,64.1834886789322,84.8878398656845,509.327039194107,517.608779668808,627.341840958595,194.620901155472,62.6306623399258,62.113053560257,60.0426184415817,9.31695803403854
"9433003",2002,23.8100038647652,35.1973970174789,203.420250409842,134.57828271389,349.385926276445,219.983731359243,240.170473766327,292.966569292545,211.184382104874,539.348348414898,232.923950850964,103.521755933762
"9433003",2003,51.243269187212,10.3521755933762,53.3137043058872,71.9476203739643,104.556973493099,660.986411637068,295.554613190889,161.493939256668,269.15656542778,132.507847595215,150.106546103954,91.616754001379
"9433003",2004,14.4930458307266,34.1621794581413,70.3947940349579,317.294181936979,18.6339160680771,608.707924890518,415.122241294384,195.656118714809,185.303943121433,273.297435665131,122.155672001839,24.8452214241028
"9433003",2005,35.1973970174789,1.03521755933762,119.050019323826,27.4332653224468,725.687509095669,535.207478177548,251.557866919041,345.762664818764,142.860023188591,79.7117520689964,335.410489225388,63.1482711195946
"9433003",2006,124.226107120514,21.7395687460899,82.8174047470093,275.367870783806,232.923950850964,582.827485907078,512.43269187212,366.467016005516,122.155672001839,129.402194917202,47.6200077295303,159.423504137993
"9433003",2007,26.915656542778,56.9369657635689,22.7747863054276,168.740462172031,132.507847595215,298.142657089233,403.73484814167,195.656118714809,147.000893425941,175.986985087395,33.1269618988037,60.0426184415817
"9433003",2008,18.6339160680771,34.1621794581413,22.7747863054276,114.909149086475,426.509634447098,263.980477631092,557.982264482975,628.377058517933,57.9721833229065,37.2678321361542,68.3243589162826,21.7395687460899
"9433003",2009,16.5634809494019,46.5847901701927,47.6200077295303,107.662626171112,403.73484814167,310.565267801285,163.564374375343,541.418783533573,136.648717832565,268.121347868443,133.543065154552,57.9721833229065
"9433003",2010,35.1973970174789,114.909149086475,80.746969628334,24.8452214241028,89.028710103035,464.81268414259,250.522649359703,280.543958580494,64.1834886789322,84.8878398656845,107.662626171112,78.6765345096588
"9417001",1981,253.969848060608,103.045143270493,192.559106111526,239.397807598114,1150.15033650398,408.017132949829,462.141854667664,264.378448390961,288.318229150772,190.477386045456,51.0021416187286,67.6559021472931
"9417001",1982,124.903203964233,144.679544591904,154.047284889221,47.8795615196228,466.305294799805,790.012765073776,870.575331630707,530.110014824867,510.750018210411,402.292402768135,223.264477086067,7.39010623455048
"9417001",1983,69.3212782001495,19.2559106111527,78.1685884809494,407.392616930008,454.335404419899,706.952134437561,539.269583115578,352.851551198959,425.711753511429,267.501028490067,7.28602023124695,60.3698819160461
"9417001",1984,106.167723369598,190.477386045456,97.8408431053162,131.148364162445,827.483726263046,620.352579689026,791.053625106812,189.436526012421,365.445957598686,695.294502067566,71.8193422794342,108.249443435669
"9417001",1985,147.80212469101,85.3505227088928,172.782765483856,320.584890174866,12.4903203964233,471.509594964981,277.909628820419,324.748330307007,347.647251033783,274.787048721313,179.027925682068,34.3483810901642
"9417001",1986,15.6129004955292,171.741905450821,55.1655817508697,379.081224031448,754.623523950577,531.983562884331,277.909628820419,357.431335344315,144.679544591904,131.148364162445,528.340552768707,30.1849409580231
"9417001",1987,0.0581285810211281,7.28602023124695,315.380590009689,193.599966144562,220.662327003479,399.690252685547,793.135345172882,431.956913709641,195.681686210632,153.006424856186,158.210725021362,106.167723369598
"9417001",1988,57.2473018169403,0.39896913726412,112.41288356781,90.5548228740692,221.703187036514,641.169780349731,397.608532619476,549.574097442627,57.2473018169403,359.096711397171,40.5935412883759,175.905345582962
"9417001",1989,73.9010623455048,54.1247217178345,121.780623865128,55.1655817508697,22.8989207267761,707.784822463989,502.735395956039,444.447234106064,59.3290218830109,82.3320286130905,72.8602023124695,260.52726626873
"9417001",1990,30.1849409580231,87.4322427749634,311.217149877548,363.260151529312,439.242933940887,525.634316682816,295.604249382019,313.298869943619,423.630033445358,145.720404624939,126.984924030304,NA
"9417001",1991,64.5333220481873,16.6537605285645,99.9225631713867,308.094569778442,1055.43207349777,289.359089183807,656.782680845261,197.347062263489,396.567672586441,156.129004955292,102.004283237457,311.217149877548
"9417001",1992,0.49786564469047,109.810733485222,115.535463666916,472.550454998016,527.716036748886,787.931045007706,362.219291496277,267.501028490067,401.771972751617,544.994313297272,109.290303468704,215.458026838303
"9417001",1993,144.679544591904,5.20430016517639,116.576323699951,327.870910406113,1198.02989802361,1275.05354046822,838.933186626434,435.599923825264,134.270944261551,273.746188688278,199.845126342773,453.814974403381
"9417001",1994,36.4301011562347,60.3698819160461,139.579330430031,180.172871718407,423.630033445358,678.640741539002,886.812748146057,168.619325351715,385.118212223053,392.4042324543,358.055851364136,205.04942650795
"9417001",1995,53.0838616847992,2.08172006607056,139.579330430031,374.7096118927,166.537605285645,1043.46218311787,823.320286130905,795.217065238953,160.292445087433,208.172006607056,53.0838616847992,0.495862090679917
"9417001",1996,53.0838616847992,61.4107419490814,294.563389348984,227.948347234726,368.464451694489,262.29672832489,110.331163501739,472.550454998016,161.333305120468,188.395665979385,186.313945913315,93.677402973175
"9417001",1997,223.784907102585,70.7784822463989,8.32688026428223,831.543080391884,235.234367465973,672.916011357307,643.251500415802,410.931541042328,317.46231007576,390.322512388229,298.310485467911,118.658043766022
"9417001",1998,23.9397807598114,6.24516019821167,52.0430016517639,NA,213.376306772232,216.498886871338,210.253726673126,435.079493808746,126.984924030304,37.47096118927,58.2881618499756,89.5139628410339
"9417001",1999,51.0021416187286,NA,32.2666610240936,77.0236424446106,292.065325269699,861.83210735321,168.098895335197,667.191281175613,446.528954172134,NA,131.148364162445,32.2666610240936
"9417001",2000,NA,NA,NA,NA,NA,NA,NA,NA,NA,NA,NA,NA
"9417001",2001,NA,NA,NA,NA,NA,NA,NA,NA,NA,NA,NA,NA
"9417001",2002,NA,NA,NA,NA,NA,NA,NA,NA,NA,NA,NA,NA
"9417001",2003,NA,NA,NA,NA,NA,NA,NA,NA,NA,NA,NA,NA
"9417001",2004,NA,NA,NA,NA,NA,NA,NA,NA,NA,NA,NA,NA
"9417001",2005,NA,NA,NA,NA,NA,NA,NA,NA,NA,NA,NA,NA
"9417001",2006,NA,NA,NA,NA,NA,NA,NA,NA,NA,NA,NA,NA
"9417001",2007,NA,NA,NA,NA,NA,NA,NA,NA,NA,NA,NA,NA
"9417001",2008,NA,NA,NA,NA,NA,NA,NA,NA,NA,NA,NA,NA
"9417001",2009,NA,NA,NA,216.498886871338,649.496660614014,342.442950868607,220.662327003479,664.068701076508,167.058035302162,449.131104254723,247.724687862396,135.311804294586
"9417001",2010,60.3698819160461,177.466635632515,170.284701404572,54.5410657310486,182.150505781174,629.720319986343,332.971124567985,317.150052065849,61.2025699424744,194.640826177597,153.4227688694,161.333305120468
"9420003",1981,349.013925880194,6.20469201564789,128.230301656723,233.710065922737,579.621645795107,262.665295329094,211.99364386797,160.287877070904,188.72604880929,148.912608375549,24.3017103946209,61.0128048205376
"9420003",1982,111.167398613691,92.5533225667477,70.8369005119801,48.0863631212711,281.796429044008,433.811383427382,524.296475322247,291.620524735451,249.221795961857,236.29535426259,63.0810354924202,0.739716817608245
"9420003",1983,118.923263633251,17.5799607110024,74.4563041877747,219.749508887529,229.573604578972,329.365734497309,248.187680625916,196.48191382885,190.277221813202,109.616225609779,12.4093840312958,27.9211140704155
"9420003",1984,58.9445741486549,128.230301656723,40.3304981017113,67.7345545041561,539.291147693396,319.541638805866,403.822038685083,148.395550707579,221.817739559412,331.951022837162,110.650340945721,54.8081128048897
"9420003",1985,69.2857275080681,62.5639778244495,92.036264898777,273.006448688507,493.273015244007,279.211140704155,192.345452485085,160.287877070904,199.584259836674,175.799607110023,85.8315728831291,11.3752686953545
"9420003",1986,49.6375361251831,105.479764266014,80.5575846698284,253.358257305622,458.113093822002,327.814561493397,170.629030430317,426.055518407822,104.445648930073,102.37741825819,275.07467936039,9.30703802347183
"9420003",1987,6.20469201564789,5.17057667970657,160.287877070904,147.878493039608,225.437143235207,299.893447422981,409.509673032761,194.413683156967,146.844377703667,189.243106477261,63.0810354924202,33.0916907501221
"9420003",1988,36.194036757946,0.681883116398431,121.094905838728,100.309187586308,243.017103946209,811.780538713932,288.001121059656,374.349751610756,52.7398821330071,134.434993672371,39.29638276577,51.7057667970657
"9420003",1989,29.9893447422981,13.4434993672371,53.7739974689484,48.6034207892418,86.8656882190704,433.294325759411,384.690904970169,275.07467936039,73.4221888518333,71.3539581799507,36.194036757946,277.349733099461
"9420003",1990,40.3304981017113,82.7292268753052,171.663145766258,148.912608375549,270.938218016624,257.494718649387,169.69832662797,193.379567821026,267.8358720088,102.37741825819,64.1151508283615,44.4669594454765
"9420003",1991,17.7867837781906,16.545845375061,106.513879601955,183.555472129583,496.271949718237,260.493653123617,382.312439697504,157.18553106308,232.469127519608,109.616225609779,57.9104588127136,339.189830188751
"9420003",1992,0.837209416726094,62.0469201564789,96.1727262425423,237.846527266502,440.533133111,402.270865681171,188.208991141319,239.914757938385,275.07467936039,283.34760204792,61.0128048205376,171.663145766258
"9420003",1993,43.4328441095352,7.2388073515892,143.742031695843,204.75483651638,552.217589392662,501.545937931538,475.693054533005,268.352929676771,93.0703802347183,132.366763000488,129.781474660635,208.891297860146
"9420003",1994,34.1258060860634,57.9104588127136,60.4957471525669,153.049069719315,252.324141969681,434.328441095352,395.032058329582,145.810262367725,284.381717383862,215.095989875793,248.187680625916,115.303859957457
"9420003",1995,63.0810354924202,13.4434993672371,78.5927655315399,206.823067188263,156.151415727139,639.083277611732,418.816711056232,387.793250977993,85.8315728831291,128.230301656723,47.0522477853298,0.198281964971803
"9420003",1996,53.2569398009777,100.309187586308,53.2569398009777,84.7974575471878,236.915823464155,248.187680625916,86.3486305510998,358.320963903666,80.9712308042049,92.036264898777,109.616225609779,35.1599214220047
"9420003",1997,89.9680342268944,11.3752686953545,11.3752686953545,465.351901173592,240.948873274326,510.852975955009,486.3444424932,206.926478721857,250.255911297798,116.855032961369,149.119431442738,69.2857275080681
"9420003",1998,10.3411533594131,2.06823067188263,37.2281520938873,95.1386109066009,119.026675166845,176.937133979559,131.436059198141,353.66744489193,139.088512684107,19.648191382885,20.6823067188263,76.1108887252808
"9420003",1999,32.0575754141808,52.2228244650364,70.8369005119801,53.7739974689484,192.862510153055,604.440413857698,187.174875805378,346.945695208311,277.659967700243,36.4008598251343,79.6268808674812,19.648191382885
"9420003",2000,43.4328441095352,174.248434106112,83.7633422112465,192.345452485085,126.782540186405,770.415925276279,211.99364386797,262.665295329094,283.34760204792,112.718571617603,99.7921299183369,114.786802289486
"9420003",2001,169.594915094376,18.6140760469437,86.8656882190704,78.5927655315399,429.674922083616,451.391344138384,482.931861884594,173.731376438141,64.1151508283615,56.8763434767723,86.8656882190704,3.10234600782394
"9420003",2002,35.1599214220047,57.9104588127136,209.925413196087,148.395550707579,302.995793430805,305.064024102688,248.187680625916,275.07467936039,251.80708430171,479.82951587677,224.403027899265,114.786802289486
"9420003",2003,81.6951115393639,5.17057667970657,66.1833815002441,33.0916907501221,118.923263633251,688.720813736916,309.200485446453,180.97018378973,298.85933208704,132.366763000488,154.083185055256,127.196186320782
"9420003",2004,22.7505373907089,64.1151508283615,91.0021495628357,375.383866946697,18.6140760469437,542.91055136919,343.326291532517,221.300681891441,199.584259836674,360.906252243519,153.049069719315,65.1492661643028
"9420003",2005,47.5693054533005,4.13646134376526,118.923263633251,57.9104588127136,723.88073515892,501.545937931538,311.268716118336,291.620524735451,156.151415727139,88.9339188909531,324.712215485573,90.485091894865
"9420003",2006,139.605570352077,84.7974575471878,82.7292268753052,250.772968965769,223.368912563324,547.047012712956,269.904102680683,282.313486711979,222.334797227383,207.857182524204,73.4221888518333,149.946723711491
"9420003",2007,29.9893447422981,65.1492661643028,41.3646134376526,221.300681891441,138.571455016136,266.801756672859,408.475557696819,247.670622957945,153.049069719315,210.442470864058,76.0074771916866,81.6951115393639
"9420003",2008,36.194036757946,41.3646134376526,34.1258060860634,160.391288604498,415.197307380438,318.507523469925,345.394522204399,579.104588127136,116.855032961369,68.7686698400974,51.7057667970657,38.2622674298286
"9420003",2009,17.0629030430317,66.1833815002441,53.7739974689484,152.014954383373,529.467052001953,321.609869477749,241.465930942297,619.435086228847,121.508551973104,297.308159083128,179.419010785818,111.684456281662
"9420003",2010,59.4616318166256,128.747359324694,83.7633422112465,32.5746330821514,92.5533225667477,358.838021571636,272.489391020536,308.683427778482,79.6268808674812,111.167398613691,104.962706598043,115.820917625427
"9420002",1981,NA,NA,NA,NA,NA,NA,NA,NA,NA,NA,NA,NA
"9420002",1982,NA,NA,NA,NA,NA,NA,NA,NA,NA,NA,NA,NA
"9420002",1983,NA,NA,NA,NA,NA,NA,NA,NA,NA,NA,NA,NA
"9420002",1984,NA,NA,NA,NA,NA,NA,NA,NA,NA,NA,NA,NA
"9420002",1985,76.2746888113022,87.3035965178013,118.01961984992,229.442509856701,440.228643125773,542.374881790638,137.500587667942,123.791758462667,205.52936417532,165.639763405085,122.142576001883,22.6762588357925
"9420002",1986,56.7937209932804,99.9816866850853,101.321647434473,264.281489340782,376.838192289352,303.758794495821,167.28894586587,284.174752774,87.0974487102032,127.399345095634,267.78600206995,28.0361018333435
"9420002",1987,10.5135381875038,20.8209285674095,153.167821045399,121.31798477149,221.093523648977,304.99568134141,407.966511236668,215.32138503623,153.477042756796,194.60353037262,108.742968508005,85.035970634222
"9420002",1988,77.3054278492928,0.105807019140097,105.959973105431,92.0449960925579,138.119031090736,427.653626862288,153.0647471416,278.71183587265,96.8894695711136,142.448135050297,45.7648132867813,77.717723464489
"9420002",1989,45.8678871905804,27.3145845067501,72.1517326593399,69.9871806795597,112.350555140972,354.058859549761,285.514713523388,237.069978737831,94.3126219761372,80.8099405784607,36.5912358486652,278.299540257454
"9420002",1990,27.8299540257454,62.4627857022285,101.527795242071,133.789927131176,316.436884663105,295.822103903294,136.572922533751,186.666839780092,281.391757371426,111.52596391058,61.3289727604389,65.8642245275974
"9420002",1991,75.6562453885079,27.108436699152,120.1841718297,228.308696914911,539.798034195662,236.14231360364,334.784039539337,137.809809379339,252.118768692493,128.327010229826,75.3470236771107,329.836492156982
"9420002",1992,0.0445182006574255,80.3976449632645,91.1173309583664,197.695747486591,457.854280675411,406.523476583481,243.666708580971,198.108043101788,303.037277169228,301.903464227438,74.0070629277229,168.216611000061
"9420002",1993,100.806277915478,16.285676800251,94.3126219761372,236.245387507439,548.971611633778,454.246694042444,352.718898800373,260.880050515413,102.970829895258,138.119031090736,155.023151313782,203.26173829174
"9420002",1994,64.8334854896069,43.0848917880058,91.7357743811607,125.131719212055,195.737343314409,405.080441930294,316.024589047909,123.688684558868,220.78430193758,285.617787427187,191.30516545105,144.200391414881
"9420002",1995,78.9546103100777,10.4104642837048,72.8732499859333,284.999344004393,171.102680306435,569.380244585991,416.933940867186,359.418702547312,80.0884232518673,139.562065743923,69.5748850643635,2.8860693063736
"9420002",1996,86.6851530950069,122.864093328476,165.536689501286,156.053890351772,224.185740762949,217.48593701601,73.1824716973305,306.0264203794,102.249312568665,147.189534625053,100.084760588884,81.325310097456
"9420002",1997,115.133550543547,26.0776976611614,13.1934596862793,383.022626517296,211.507650595665,606.58992385745,410.027989312649,262.632306879997,204.910920752525,329.630344349384,206.663177117109,99.7755388774872
"9420002",1998,47.7232174589634,17.3164158382416,42.0541527500153,76.7900583302975,135.336035688162,171.308828114033,120.493393541098,250.366512327909,106.990712143421,32.0559840815067,66.9980374693871,114.205885409355
"9420002",1999,47.1047740361691,70.1933284871578,101.63086914587,82.0468274240494,213.259906960249,387.660952188253,171.205754210234,340.143882536888,266.858336935759,63.1843030288219,116.370437389135,47.4139957475662
"9420002",2000,64.7304115858078,195.531195506811,102.249312568665,148.426421470642,133.789927131176,744.090511525392,340.246956440687,246.346630079746,230.370174990892,141.00510039711,95.2402871103287,121.31798477149
"9420002",2001,185.223805126905,34.9420533878803,79.8822754442692,105.341529682636,351.275864147186,381.785739671707,524.543096433401,150.281751739025,66.7918896617889,63.9058203554153,116.267363485336,35.4574229068756
"9420002",2002,75.7593192923069,112.350555140972,240.162195851803,155.538520832777,299.738912247658,258.406276824236,234.802352854252,255.520207517862,292.729886789322,406.935772198677,192.33590448904,166.773576346874
"9420002",2003,148.323347566843,40.9203398082256,44.8371481525898,88.2312616519928,143.581947992086,617.61883156395,298.914321017265,165.330541693687,297.26513855648,143.066578473091,192.438978392839,175.225636458397
"9420002",2004,41.641857134819,45.9709610943794,104.826160163641,342.617656228065,21.8516676054001,505.989793749571,348.183647033215,219.032045572996,185.8422485497,342.411508420467,136.263700822353,99.0540215508938
"9420002",2005,83.0775664620399,0.103073903799057,188.316022240877,75.5531714847088,556.805228322506,431.673509110451,244.80052152276,376.632044481754,138.531326705933,115.339698351145,372.509088329792,118.947284984112
"9420002",2006,165.330541693687,73.8009151201248,114.927402735949,191.820534970045,181.306996782541,614.114318834782,368.076910466433,276.753431700468,218.6197499578,244.388225907564,76.9962061378956,160.795289926529
"9420002",2007,31.1283189473152,90.2927397279739,61.9474161832333,232.328579163074,163.9905809443,265.930671801567,386.630213150263,226.453366646528,109.052190219402,193.366643527031,67.3072591807842,116.98888081193
"9420002",2008,28.963766967535,41.7449310386181,59.5767163958549,190.480574220657,338.8039217875,346.225242861032,307.263307224989,566.288027472019,104.92923406744,69.6779589681625,114.205885409355,38.7557878284454
"9420002",2009,30.716023332119,98.7447998394966,72.0486587555409,192.33590448904,479.087504858017,259.540089766026,165.536689501286,508.772789152145,165.02131998229,330.351861675978,201.715629734755,127.296271191835
"9420002",2010,79.8822754442692,129.976192690611,129.976192690611,21.3362980864048,105.032307971239,475.170696513653,301.594242516041,320.456766911268,82.0468274240494,152.755525430202,108.021451181412,110.701372680187
"9414002",1981,261.985852184296,36.1004127025604,223.822558755875,291.897622709274,781.831795101166,593.078208684921,314.589310693741,228.979760570526,342.438200492859,85.6095501232147,145.433091173172,104.17547665596
"9414002",1982,137.18156826973,62.9178621387482,117.584201374054,52.6034585094452,570.386520700455,517.78306219101,764.297308931351,407.418943357468,308.400668516159,469.305365133286,128.930045366287,9.28296326637268
"9414002",1983,170.187659883499,49.5091374206543,59.8235410499573,256.828650369644,364.098448114395,367.192769203186,348.626842670441,294.991943798065,187.722146053314,286.740420894623,16.5030458068848,66.0121832275391
"9414002",1984,183.596384601593,223.306838574409,102.112595930099,55.6977795982361,788.020437278748,485.80841094017,387.821576461792,234.136962385178,230.011200933456,598.235410499573,150.590292987823,133.055806818008
"9414002",1985,166.061898431778,96.955394115448,268.174494361877,429.079190979004,729.228336591721,441.456475334167,409.481824083328,377.507172832489,304.274907064438,188.753586416245,199.067990045547,41.2576145172119
"9414002",1986,50.5405777835846,224.853999118805,275.39457690239,446.613677148819,662.184713001251,569.87080051899,335.733838133812,533.254667634964,173.28198097229,161.936136980057,442.487915697098,64.9807428646088
"9414002",1987,16.5030458068848,30.9432108879089,198.036549682617,294.991943798065,276.42601726532,581.216644511223,582.248084874153,321.293673052788,235.684122929573,245.482806377411,193.910788230896,152.137453532219
"9414002",1988,183.080664420128,1.0280917284706,167.093338794708,218.149636759758,333.155237226486,625.05285993576,269.721654906273,545.631951990128,168.124779157639,343.985361037254,82.5152290344238,152.653173713684
"9414002",1989,167.093338794708,66.4247593727112,111.911279377937,120.16280228138,153.684614076614,691.0650431633,553.367754712105,396.5888195467,119.131361918449,145.433091173172,80.9680684900284,366.161328840256
"9414002",1990,42.2890548801422,115.521320648193,291.381902527809,281.583219079971,580.700924329758,704.989488062859,317.167911601067,462.601002774239,499.217135658264,144.917370991707,96.955394115448,110.879839015007
"9414002",1991,75.2951464939117,29.3960503435135,198.036549682617,279.004618172646,706.020928425789,355.846925210953,617.317057213783,217.118196396828,380.60149392128,112.942719740868,121.19424264431,573.996561970711
"9414002",1992,4.64148163318634,109.332678470612,134.087247180939,466.72676422596,714.788171510696,582.248084874153,329.029475774765,287.771861257553,483.74553021431,584.826685781479,125.320004096031,254.250049462318
"9414002",1993,150.590292987823,24.7545687103271,212.476714763641,329.54519595623,828.246611433029,922.107684459686,830.825212340355,407.934663538933,126.351444458961,204.225191860199,189.991314851761,368.224209566116
"9414002",1994,61.8864217758179,81.4837886714935,133.055806818008,253.218609099388,424.437709345818,763.781588749886,692.09648352623,245.482806377411,397.62025990963,399.68314063549,403.293181905746,247.029966921806
"9414002",1995,112.426999559402,7.73580272197723,118.099921555519,445.066516604423,284.161819987297,1050.00628946304,658.574671730995,572.96512160778,125.320004096031,261.47013200283,89.2195913934708,6.70436235904694
"9414002",1996,167.093338794708,248.577127466202,207.31951294899,251.671448554993,370.802810473442,301.696306157112,124.804283914566,426.500590071678,242.38848528862,193.395068049431,104.691196837425,90.7667519378662
"9414002",1997,186.690705690384,102.112595930099,29.3960503435135,727.16545586586,271.784535632133,823.605129799843,867.957065405846,463.116722955704,259.922971458435,416.70190662384,292.929063072205,168.640499339104
"9414002",1998,68.5907841348648,29.3960503435135,50.0248576021194,120.678522462845,197.005109319687,230.526921114922,247.029966921806,409.997544264793,172.766260790825,40.2261741542816,84.0623895788193,128.414325184822
"9414002",1999,74.7794263124466,71.6851052236557,98.5025546598434,96.955394115448,481.166929306984,714.788171510696,238.778444018364,652.901749734879,486.324131121635,61.3707015943527,138.21300863266,60.8549814128876
"9414002",2000,63.9493025016785,349.658283033371,197.520829501152,219.696797304153,199.583710227013,998.434271316528,602.361171951294,405.356062631607,304.274907064438,205.256632223129,189.26930659771,NA
"9414002",2001,261.47013200283,64.4650226831436,100.565435385704,179.470623149872,548.726273078918,638.97730483532,820.510808711052,235.684122929573,115.005600466728,53.1191786909103,179.986343331337,14.4401650810242
"9414002",2002,67.0436235904694,199.583710227013,344.501081218719,329.029475774765,458.990961503983,491.997053117752,379.57005355835,390.400177369118,450.73943860054,732.322657680511,429.594911160469,244.451366014481
"9414002",2003,169.156219520569,43.3204952430725,66.5279034090042,155.23177462101,198.036549682617,911.793280830383,487.871291666031,218.149636759758,384.211535191536,197.520829501152,240.325604562759,304.790627245903
"9414002",2004,36.6161328840256,78.9051877641678,164.514737887382,628.147181024551,28.3646099805832,817.932207803726,533.254667634964,289.319021801949,275.39457690239,510.047259469032,203.709471678734,112.426999559402
"9414002",2005,126.351444458961,6.70436235904694,212.476714763641,98.5025546598434,968.52250079155,617.317057213783,386.790136098862,493.544213662148,150.074572806358,113.458439922333,470.336805496216,132.024366455078
"9414002",2006,225.36971930027,63.9493025016785,161.420416798592,307.369228153229,298.086264886856,870.019946131706,686.939281711578,436.299273519516,361.519847207069,340.375319766998,117.068481192589,292.413342890739
"9414002",2007,37.6475732469559,90.7667519378662,96.4396739339828,231.558361477852,231.042641296387,401.746021361351,669.404795541763,272.300255813599,152.85946178627,300.149145612717,95.2019454984665,106.754077563286
"9414002",2008,34.553252158165,38.6790136098862,77.8737474012375,279.520338354111,407.934663538933,545.116231808662,575.543722515106,959.239537525177,139.24444899559,101.596875748634,95.4082335710525,42.8047750616074
"9414002",2009,55.6977795982361,84.5781097602844,95.9239537525177,274.363136539459,750.888584213257,428.047750616074,251.155728373528,888.585872664452,191.33218732357,499.732855839729,276.42601726532,165.546178250313
"9414002",2010,83.5466693973541,165.546178250313,170.703380064964,82.5152290344238,174.31342133522,661.668992819786,421.343388257027,359.972686662674,95.4082335710525,206.803792767525,195.973668956757,134.087247180939
"9412002",1981,219.469625697136,40.5095804440975,139.476023807526,208.701256211996,568.15968521595,220.495184695721,193.830650732517,187.677296741009,161.833209976673,154.859408786297,65.1229964101314,134.348228814602
"9412002",1982,110.24759234786,87.6852943789959,135.16867601347,45.1245959377289,404.07024544239,446.630943883657,539.444033255577,275.875370619297,167.166116769314,284.284954407692,92.3003098726273,6.15335399150848
"9412002",1983,125.118197827339,16.408943977356,30.7667699575424,277.926488616467,290.233196599484,290.745976098776,343.049485026598,192.497424034357,156.910526783466,165.114998772144,7.17891299009323,52.8162884271145
"9412002",1984,108.709253849983,153.32107028842,61.5335399150848,60.5079809165001,712.250724517107,376.380152480602,491.242760322094,150.141837392807,222.54630269289,548.67406424284,39.9968009448051,65.6357759094238
"9412002",1985,114.862607841492,78.0450397922993,150.757172791958,167.166116769314,532.265120265484,326.640541049242,121.528741332293,272.798693623543,222.54630269289,115.888166840076,112.811489844322,24.6134159660339
"9412002",1986,34.0485587530136,149.731613793373,161.525542277098,246.134159660339,571.749141710997,535.85457676053,201.00956372261,427.145322910547,141.527141804695,105.837688653946,360.483988002539,31.2795494568348
"9412002",1987,8.20447198867798,29.2284314596653,178.85748935318,170.345349664927,193.522983032942,393.301875957251,512.984611092091,287.156519603729,147.680495796204,200.496784223318,111.785930845737,110.24759234786
"9412002",1988,110.24759234786,0.131683244448678,94.4539837696552,97.428104865551,182.549501748085,410.12104353404,90.7619713747501,224.289752990484,42.8683661408424,219.982405196428,35.8945649504662,93.325868871212
"9412002",1989,33.8434469532967,26.6645339632034,61.5335399150848,107.683694851398,89.223632876873,410.736378933191,281.003165612221,279.977606613636,74.8658068966865,69.7380119037628,51.2779499292374,286.130960605144
"9412002",1990,16.408943977356,38.9712419462204,76.916924893856,156.910526783466,222.033523193598,154.859408786297,118.964843835831,191.164197336197,332.076003741741,126.041200926065,64.5076610109806,66.3536672084332
"9412002",1991,58.4568629193306,16.408943977356,74.3530273973942,210.752374209166,222.033523193598,213.82905120492,517.189402986288,24.1006364667416,168.191675767899,90.6594154748917,33.3306674540043,416.992288824558
"9412002",1992,0.949110597069774,110.24759234786,44.6118164384365,271.773134624958,497.396114313602,434.734459500074,256.492305546045,196.907327728271,328.999326745987,400.993568446636,70.3533473029137,123.06707983017
"9412002",1993,90.5568595750332,0.923003098726273,109.632256948709,286.643740104437,685.073411054611,742.29960317564,548.161284743547,246.954606859207,129.220433821678,228.699656684399,174.345029759407,290.233196599484
"9412002",1994,42.0479189419746,42.0479189419746,104.607017855644,224.59742069006,303.565463581085,528.162884271145,526.111766273975,220.495184695721,469.706021351814,309.718817572594,300.488786585331,174.345029759407
"9412002",1995,88.1980738782883,8.20447198867798,92.6079775722027,324.07664355278,142.55270080328,802.80758409214,519.958412282467,431.760338404179,89.223632876873,174.345029759407,36.9201239490509,3.07667699575424
"9412002",1996,64.6102169108391,74.8658068966865,89.223632876873,177.421706755161,305.616581578255,216.392948701382,77.4297043931484,353.817854511738,137.424905810356,152.808290789127,112.29871034503,65.6357759094238
"9412002",1997,146.654936797619,52.3035089278221,32.8178879547119,594.824219179153,217.418507699966,102.658455758333,694.303442041874,369.201239490509,227.674097685814,332.281115541458,245.108600661755,107.170915352106
"9412002",1998,37.4329034483433,14.3578259801865,42.560698441267,123.579859329462,174.857809258699,184.600619745255,188.190076240301,343.56226452589,164.08943977356,24.1006364667416,69.7380119037628,65.6357759094238
"9412002",1999,54.3546269249916,23.0750774681568,94.3514278697968,61.0207604157925,227.161318186522,704.559032027721,174.345029759407,543.033489750624,356.894531507492,59.9952014172077,78.4552633917332,38.9712419462204
"9412002",2000,41.0223599433899,287.669299103022,103.581458857059,161.012762777805,164.08943977356,944.539837696552,446.118164384365,317.923289561272,261.517544639111,148.193275295496,158.961644780636,177.934486254454
"9412002",2001,195.881768729687,33.8434469532967,89.7364123761654,115.888166840076,605.592588664293,528.162884271145,815.319403874874,223.571861691475,92.3003098726273,25.1261954653263,145.629377799034,14.3578259801865
"9412002",2002,35.8945649504662,153.833849787712,271.260355125666,214.341830704212,357.920090506077,347.664500520229,286.643740104437,353.817854511738,373.303475484848,696.354560039043,297.412109589577,185.626178743839
"9412002",2003,95.3769868683815,36.4073444497585,32.8178879547119,96.9153253662586,104.607017855644,697.380119037628,382.020726972818,171.781132262945,313.821053566933,183.57506074667,163.063880774975,156.910526783466
"9412002",2004,22.0495184695721,50.2523909306526,128.194874823093,454.322636373043,26.6645339632034,740.453596978188,386.63574246645,176.396147756577,234.340231176615,336.383351535797,137.424905810356,73.8402478981018
"9412002",2005,81.019160888195,2.05111799716949,121.528741332293,77.4297043931484,824.549434862137,631.744343128204,380.995167974234,446.630943883657,110.760371847153,88.7108533775806,437.913692395687,102.555899858475
"9412002",2006,174.345029759407,41.0223599433899,130.758772319555,259.466426641941,286.130960605144,713.789063014984,579.440834200382,373.303475484848,308.180479074717,264.594221634865,83.0702788853645,202.547902220488
"9412002",2007,47.1757139348984,86.1469558811188,106.760691752672,225.622979688644,199.984004724026,332.281115541458,489.191642324924,189.728414738178,150.757172791958,230.750774681568,75.8913658952713,69.7380119037628
"9412002",2008,41.0223599433899,48.2012729334831,47.6884934341907,185.626178743839,427.145322910547,300.488786585331,509.702822296619,772.758705433607,120.503182333708,82.0447198867798,97.9408843648434,36.9201239490509
"9412002",2009,21.5367389702797,69.7380119037628,66.6613349080086,218.444066698551,645.076610109806,353.817854511738,234.340231176615,772.245925934315,139.988803306818,432.785897402763,253.825852149725,141.014362305403
"9412002",2010,46.1501549363136,156.397747284174,105.632576854229,61.0207604157925,117.939284837246,546.110166746378,380.482388474941,378.944049977064,81.019160888195,153.833849787712,146.654936797619,154.346629287004
"9420004",1981,NA,NA,NA,NA,NA,NA,NA,NA,NA,NA,NA,NA
"9420004",1982,NA,NA,NA,NA,NA,NA,NA,NA,NA,NA,NA,NA
"9420004",1983,NA,NA,NA,NA,NA,NA,NA,NA,NA,NA,NA,NA
"9420004",1984,NA,NA,NA,NA,NA,NA,NA,NA,NA,NA,NA,NA
"9420004",1985,NA,NA,NA,NA,NA,NA,NA,NA,NA,NA,NA,NA
"9420004",1986,NA,NA,NA,NA,NA,NA,NA,NA,NA,NA,NA,NA
"9420004",1987,NA,NA,NA,NA,NA,NA,NA,NA,NA,NA,NA,NA
"9420004",1988,99.6461421203613,0.0281748686428254,105.296181106567,77.9705380096436,179.054871871948,395.194545089722,200.627748001099,366.019798324585,96.5643026733398,206.996882858276,51.3639907836914,81.1551054382324
"9420004",1989,38.5229930877686,38.0093531799316,81.1551054382324,86.8051444244385,118.650818710327,581.954015579224,497.203430786133,511.790804168701,74.7859705810547,91.9415435028076,47.768511428833,272.229151153564
"9420004",1990,54.4458302307129,74.9914265441895,212.646921844482,224.563367706299,401.15276802063,327.188621292114,268.120031890869,359.239751541138,375.470772628784,129.950896682739,74.1696026916504,50.1312550048828
"9420004",1991,27.0174591522217,22.7028839263916,141.970070526123,182.958535171509,508.092596832275,227.64520715332,443.476696426392,219.221512664795,251.580826858521,89.0651600189209,56.5003898620605,293.288387374878
"9420004",1992,3.80093531799316,56.2949338989258,104.063445327759,250.142635116577,581.440375671387,NA,156.351987945557,287.124708480835,302.328449752808,305.307561218262,75.6077944335937,91.6333595581055
"9420004",1993,53.1103664703369,6.36913485717773,170.939361328125,259.696337402344,596.23320501709,856.134998382568,439.778489089966,243.876228240967,94.8179269866943,212.33873789978,171.761185180664,186.964926452637
"9420004",1994,37.1875293273926,44.3784880371094,57.5276696777344,169.501169586182,270.893687393188,432.073890472412,494.018863357544,160.563835189819,249.62899520874,235.247077789307,301.095713973999,138.271863189697
"9420004",1995,62.1504288482666,3.08183944702148,81.6687453460693,240.897116775513,190.560405807495,752.996104888916,488.985192260742,441.730320739746,131.49181640625,197.134996627808,52.3912705993652,0.513639907836914
"9420004",1996,44.6866719818115,135.600935668945,152.551052627563,128.923616867065,334.174124038696,213.160561752319,107.350740737915,NA,92.4551834106445,109.9189402771,93.6879191894531,60.0958692169189
"9420004",1997,114.541699447632,47.768511428833,10.2727981567383,402.180047836304,165.392050323486,534.082776168823,520.317226638794,260.929073181152,264.627280517578,324.62042175293,180.287607650757,51.1585348205566
"9420004",1998,16.5392050323486,0.0308812503906045,47.2548715209961,NA,NA,170.014809494019,151.010132904053,340.235074951172,154.091972351074,25.6819953918457,52.3912705993652,66.2595481109619
"9420004",1999,51.3639907836914,43.6593921661377,88.3460641479492,79.1005458068848,271.715511245728,571.681217422485,162.721122802734,NA,333.352300186157,NA,87.3187843322754,34.4138738250732
"9420004",2000,42.3239284057617,191.587685623169,77.559626083374,190.046765899658,164.878410415649,908.628996963501,356.671552001953,209.770538360596,330.784100646973,140.737334747314,91.9415435028076,163.337490692139
"9420004",2001,176.692128295898,54.4458302307129,60.0958692169189,52.3912705993652,528.021825256348,563.976618804932,641.022604980469,266.065472259521,82.6960251617432,54.4458302307129,114.028059539795,11.813717880249
"9420004",2002,36.9820733642578,92.9688233184814,240.383476867676,137.655495300293,353.384256591797,400.125488204956,295.856586914063,305.615745162964,277.879190139771,537.267343597412,314.861263504028,135.600935668945
"9420004",2003,112.487139816284,23.627435760498,73.4505068206787,71.909587097168,158.714731521606,665.163680648804,275.310990600586,220.865160369873,320.511302490234,176.692128295898,193.12860534668,142.791894378662
"9420004",2004,11.3000779724121,42.118472442627,100.673421936035,356.979735946655,18.4910366821289,542.917382583618,478.712394104004,197.751364517212,192.101325531006,258.874513549805,172.069369125366,54.4458302307129
"9420004",2005,73.4505068206787,1.02727981567383,124.300857696533,86.2915045166016,732.964148483276,580.92673576355,381.12081161499,365.197974472046,144.332814102173,61.1231490325928,385.640842803955,33.9002339172363
"9420004",2006,186.4512865448,66.7731880187988,137.655495300293,220.865160369873,314.347623596191,634.345286178589,473.575995025635,392.420889587402,221.892440185547,199.292284240723,99.6461421203613,148.955573272705
"9420004",2007,39.5502729034424,77.0459861755371,35.954793548584,249.62899520874,166.41933013916,388.825410232544,487.033360610962,235.247077789307,133.649104019165,212.133281936646,63.6913485717773,74.4777866363525
"9420004",2008,36.9820733642578,47.2548715209961,57.0140297698975,148.955573272705,434.539362030029,258.874513549805,635.8862059021,731.423228759766,102.727981567383,51.6721747283935,107.350740737915,24.6547155761719
"9420004",2009,23.627435760498,58.5549494934082,35.954793548584,159.228371429443,500.182542251587,322.565862121582,227.542479171753,659.513641662598,134.573655853271,337.975059356689,171.658457199097,97.5915824890137
"9420004",2010,84.2369448852539,137.655495300293,86.8051444244385,40.5775527191162,121.219018249512,571.681217422485,300.992985992432,380.093531799316,79.6141857147217,159.228371429443,129.950896682739,107.864380645752
"9412003",1981,NA,NA,NA,NA,NA,NA,NA,NA,NA,NA,NA,NA
"9412003",1982,NA,NA,NA,NA,NA,NA,NA,NA,NA,NA,NA,NA
"9412003",1983,NA,NA,NA,NA,NA,NA,NA,NA,NA,NA,NA,NA
"9412003",1984,NA,NA,NA,NA,NA,NA,NA,NA,NA,NA,NA,NA
"9412003",1985,NA,NA,NA,NA,NA,NA,NA,NA,NA,NA,NA,NA
"9412003",1986,NA,NA,NA,NA,NA,NA,NA,NA,NA,NA,NA,NA
"9412003",1987,NA,NA,NA,NA,NA,NA,NA,NA,NA,NA,NA,NA
"9412003",1988,153.6562073946,0.94681711861389,168.384640598297,98.2940116643906,258.53100836277,583.392194628716,251.741305112839,512.361452937126,111.246676325798,310.237210035324,48.572492480278,143.523881006241
"9412003",1989,79.909584403038,72.075311422348,84.0878633260727,96.6227000951767,79.3872995376587,583.392194628716,527.507714033127,388.579939842224,170.57823703289,165.564302325249,89.8329968452454,722.946710658073
"9412003",1990,12.3259228229523,157.730029344559,216.225934267044,368.733114957809,511.839168071747,686.700141000748,281.511542439461,612.117862224579,552.577387571335,251.636848139763,141.748112463951,124.408254933357
"9412003",1991,59.6449316263199,24.0251038074493,117.096266818047,304.178705596924,999.966603255272,383.774919080734,636.769707870483,295.508776831627,439.868313622475,122.423572444916,120.647803902626,558.635892009735
"9412003",1992,8.35655784606934,116.678438925743,56.406765460968,342.723328661919,366.330604577064,683.670888781548,336.351453304291,289.86810028553,274.095097351074,518.733328294754,154.805234098434,336.351453304291
"9412003",1993,79.909584403038,11.4902670383453,175.487714767456,466.504841756821,1186.63121414185,1187.6757838726,839.834063529968,440.808426380157,140.494628787041,249.652165651321,161.908308267593,36.5599405765533
"9412003",1994,56.9290503263474,83.043293595314,75.7313054800034,322.249761939049,680.014894723892,724.931393146515,763.684930157661,295.613233804703,619.42985033989,456.476972341537,418.872462034225,219.35964345932
"9412003",1995,90.877566576004,7.83427298069,100.278694152832,425.662165284157,211.52537047863,857.800662899017,489.903203725815,491.992343187332,143.106053113937,194.289969921112,61.6296141147614,0.208913946151733
"9412003",1996,73.1198811531067,180.18827855587,298.538029050827,204.735667228699,260.933518743515,281.407085466385,124.303797960281,481.546645879745,247.040741324425,196.901394248009,193.767685055733,61.6296141147614
"9412003",1997,216.225934267044,62.1518989801407,22.9805340766907,488.858633995056,254.875014305115,810.586111068726,561.456230282784,478.412936687469,342.93224260807,403.726200938225,367.688545227051,153.029465556145
"9412003",1998,35.5153708457947,6.78970324993134,101.323263883591,14.6239762306213,171.309435844421,83.9834063529968,66.3301779031754,107.486225295067,112.813530921936,46.5878099918366,46.2744390726089,33.4262313842773
"9412003",1999,57.4513351917267,82.9388366222382,110.724391460419,79.3872995376587,89.8329968452454,725.453678011894,126.706308341026,592.271037340164,507.556432175636,67.8970324993134,129.526646614075,44.9164984226227
"9412003",2000,NA,NA,NA,NA,NA,NA,NA,NA,NA,NA,NA,NA
"9412003",2001,330.084034919739,49.0947773456573,101.323263883591,102.367833614349,818.942668914795,644.499523878098,982.940116643906,409.471334457397,82.5210087299347,20.8913946151733,125.34836769104,10.4456973075867
"9412003",2002,66.8524627685547,121.170088768005,377.611957669258,360.898841977119,763.580473184586,577.647061109543,338.440592765808,432.974153399467,362.465696573257,1119.77875137329,338.440592765808,243.384747266769
"9412003",2003,79.3872995376587,0.231079093415784,179.665993690491,107.590682268143,165.042017459869,1167.82895898819,432.451868534088,347.841720342636,494.081482648849,360.37655711174,294.568664073944,196.379109382629
"9412003",2004,0.268839464768828,29.2479524612427,280.989257574081,457.521542072296,31.33709192276,860.725458145142,287.256675958633,48.9903203725815,233.983619689941,534.819702148438,223.433465409279,106.546112537384
"9412003",2005,69.9861719608307,34.470801115036,256.964153766632,144.150622844696,1221.10201525688,777.159879684448,395.891927957535,575.557921648026,231.790023255348,110.724391460419,317.549198150635,NA
"9412003",2006,165.042017459869,100.278694152832,85.6547179222107,315.460058689117,355.153708457947,695.683440685272,570.335072994232,401.114776611328,191.156260728836,279.944687843323,127.437507152557,232.939049959183
"9412003",2007,NA,NA,NA,NA,NA,NA,NA,NA,NA,NA,NA,NA
"9412003",2008,78.5516437530518,55.3621957302094,89.310711979866,196.588023328781,891.85363612175,416.365494680405,826.254657030106,1122.49463267326,99.8608662605286,131.093501210213,191.57408862114,48.0502076148987
"9412003",2009,33.7396023035049,94.846931552887,108.217424106598,249.129880785942,728.58738720417,471.727690410614,345.334752988815,992.967986059189,214.345708751678,504.213809037209,405.397512507439,375.000533342361
"9412003",2010,75.3134775876999,221.13541200161,138.405489325523,118.872035360336,190.738432836533,823.225404810906,482.173387718201,443.419850707054,62.0474420070648,240.251038074493,170.369323086739,118.036379575729
"10106002",1981,NA,NA,NA,NA,NA,NA,NA,NA,NA,NA,NA,NA
"10106002",1982,NA,NA,NA,NA,NA,NA,NA,NA,NA,NA,NA,NA
"10106002",1983,NA,NA,NA,NA,NA,NA,NA,NA,NA,NA,NA,NA
"10106002",1984,NA,NA,NA,NA,NA,NA,NA,NA,NA,NA,NA,NA
"10106002",1985,NA,NA,NA,NA,NA,NA,NA,NA,NA,NA,NA,NA
"10106002",1986,NA,NA,NA,NA,NA,NA,NA,NA,NA,NA,NA,NA
"10106002",1987,20.5134234387875,31.5355614058971,165.332069506645,158.494261693716,188.090743272066,355.566006272316,553.658319181204,245.752853933334,191.96890292716,225.85177149272,106.343220016003,95.0149115498066
"10106002",1988,84.7071714138985,0.732770012353274,102.260946694851,100.423923700333,177.783003136158,321.070796708584,157.575750196457,288.208496473312,NA,NA,NA,83.0742620854378
"10106002",1989,80.7269549257755,NA,76.6446816046238,98.0766165406704,109.200811340809,394.347602823257,335.154639666557,184.926981448174,78.1755341000557,88.7894447350502,40.7206763784885,228.301135485411
"10106002",1990,71.133612621069,67.0513392999172,126.550472955704,113.385141494989,NA,337.50194682622,157.269579697371,254.223571074724,236.159511628628,130.836859942913,71.0315557880402,62.9690659787655
"10106002",1991,47.9667115235329,3.0617049908638,157.371636530399,181.150878626108,431.802460544825,177.783003136158,294.638076954126,142.369282075167,216.360486021042,108.996697674751,54.1921783382893,384.346033186436
"10106002",1992,0.0387033623834669,71.5418399531841,74.3994312779903,119.916778808832,350.361107787848,453.3364523139,173.802786648035,197.684085576773,189.723652600527,290.759917299032,85.4215692451,206.665086883307
"10106002",1993,68.3780781292915,12.7571041285992,175.027468644381,68.3780781292915,483.953502222538,418.024788085938,311.375397570848,179.722082963705,96.0354798800945,157.371636530399,171.557536321402,89.9120698983669
"10106002",1994,34.6993232297897,47.9667115235329,65.8266573035717,123.692881630898,249.5289567554,395.980512151718,303.925248759747,198.602597074032,199.112881239176,235.036886465311,217.074883852243,135.32736059618
"10106002",1995,60.2135314869881,17.0434911158085,106.955561014175,211.767928534746,147.063896394491,534.573691404819,302.088225765228,277.492529005289,NA,134.919133264065,71.5418399531841,10.0015696368217
"10106002",1996,NA,NA,NA,NA,NA,NA,NA,NA,NA,NA,NA,NA
"10106002",1997,161.351853018522,44.8029496996403,20.1051961066723,338.216344657421,208.604166710854,512.121188138485,379.345248368025,243.303489940643,207.073314215422,303.312907761574,204.930120721817,59.7032473218441
"10106002",1998,26.5347765874863,40.516562712431,31.9437887380123,148.492692056894,127.775154952049,180.946764960051,128.183382284164,240.752069114923,93.6881727204323,27.7594585838318,63.3772933108807,105.220594852686
"10106002",1999,46.5379158611298,50.5181323492527,101.138321531534,80.3187275936604,302.700566763401,448.641837994575,156.861352365255,329.235343350887,221.871555004597,42.8638698720932,126.346359289646,34.1890390646458
"10106002",2000,65.5204868044853,143.491907238483,66.4389983017445,177.272718971014,141.450770577908,690.822702771902,240.956182780981,222.483896002769,241.976751111269,127.264870786905,79.9105002615452,112.568686830759
"10106002",2001,167.679376666307,50.0078481841087,94.9128547167778,116.140675986767,386.387169847012,392.306466162682,517.428143455982,165.332069506645,74.6035449440479,58.5806221585274,116.75301698494,12.6550472955704
"10106002",2002,48.0687683565617,65.0102026393414,208.706223543882,152.677022211075,354.137210609913,264.837481709719,194.316210086823,247.998104259968,248.916615757227,428.332528221846,204.317779723644,129.101893781424
"10106002",2003,80.7269549257755,52.9674963419437,71.6438967862129,61.0299861512184,115.732448654652,627.343352627993,257.08116239953,194.826494251966,277.288415339232,167.47526300025,178.803571466446,149.309146721125
"10106002",2004,50.0078481841087,48.4769956886768,81.3392959239483,287.902325974226,32.8623002352715,446.192474001884,296.373043115616,169.108172328711,181.763219624281,241.772637445211,150.53382871747,56.8456559970379
"10106002",2005,79.1961024303436,0.408227332115173,118.3859263134,75.5220564413071,581.826005097151,508.855369481564,240.037671283722,303.721135093689,102.056833028793,70.7253852889538,262.081947217941,100.423923700333
"10106002",2006,160.229227855206,66.0307709696293,99.8115827021599,229.934044813871,259.020242227078,563.149604652882,355.463949439287,243.303489940643,183.906413117886,188.907197936296,64.6019753072262,137.470554089785
"10106002",2007,26.1265492553711,88.381217402935,56.5394854979515,258.101730729818,171.455479488373,306.272555919409,348.626141626358,221.769498171568,92.0552633919716,139.715804416418,55.4168603346348,90.9326382286549
"10106002",2008,39.2918807160854,45.0070633656979,40.4145058794022,137.266440423727,430.373664882422,221.973611837625,387.713908676386,557.740592502356,80.4207844266891,58.1723948264122,91.9532065589428,27.9635722498894
"10106002",2009,18.1661162791252,96.1375367131233,40.6186195454597,128.795723282337,382.611067024946,238.710932454348,131.449200941086,421.698834074974,106.445276849031,216.564599687099,133.082110269547,100.423923700333
"10106002",2010,39.8021648812294,91.4429223937988,110.83372066927,31.4335045728683,121.855858636379,359.342109094381,250.34541141963,279.635722498894,78.7878750982285,108.486413509607,95.2190252158642,66.1328278026581
"10111002",1981,NA,NA,NA,NA,NA,NA,NA,NA,NA,NA,NA,NA
"10111002",1982,NA,NA,NA,NA,NA,NA,NA,NA,NA,NA,NA,NA
"10111002",1983,NA,NA,NA,NA,NA,NA,NA,NA,NA,NA,NA,NA
"10111002",1984,NA,NA,NA,NA,NA,NA,NA,NA,NA,NA,NA,NA
"10111002",1985,NA,NA,NA,231.748027679443,460.880843240976,384.436181332827,164.557193265438,203.584204871178,167.474160627723,123.31730986762,113.258801721811,40.7369579905272
"10111002",1986,53.5112633357048,132.269382117391,104.709069797873,348.225552007914,446.396591511011,298.536521767616,242.410046314001,373.975332861185,112.051780744314,114.465822699308,211.932766632199,31.0807901705503
"10111002",1987,6.1356899689436,16.2947831962109,125.932521985531,154.398100038171,213.542127935529,301.051148804069,557.040181114912,245.829939083576,209.518724677205,168.480011442304,32.891321636796,71.6165779981613
"10111002",1988,68.2972703100443,0.0353374449525822,115.270503350973,87.5090208685398,149.570016128182,291.99849147284,188.898782978296,305.074552062392,102.898538331628,189.602878548503,65.1791327848434,107.123111752868
"10111002",1989,46.4703076336384,31.1813752520084,73.3265243829489,85.5979043208361,135.99103013134,402.239740750909,355.367092791438,249.551587097526,58.9428577344418,127.944223614693,52.4048274396658,181.455486950397
"10111002",1990,40.2340325832367,26.7556316678524,69.3031211246252,251.764458889604,456.052759330988,320.061729199648,177.029743366241,365.425600937247,308.293274669051,124.021405437827,69.8060465319157,30.678449844718
"10111002",1991,10.2596783087254,10.1590932272673,69.0013658802509,110.14066419661,315.73657069695,143.937251566529,369.147248951197,217.766701356769,148.362995150685,100.987421783924,NA,237.883717648387
"10111002",1992,0.173732348400007,18.1053146624565,145.345442706943,195.939738680363,410.185962186098,443.580209230185,191.513995096207,220.985423963428,185.378305127263,334.847736173987,94.1476362447739,140.517358796954
"10111002",1993,33.0924917997122,0.0853727735480906,601.800542363763,278.82184580183,231.245102272153,478.784987740517,518.616679997921,192.821601155162,86.5031700539589,165.462458998561,90.6271583937406,96.1593378739357
"10111002",1994,19.0105803955793,62.6645057483912,42.9498297826052,153.492834305048,314.931890045285,510.77104364419,383.933255925536,184.975964801431,222.091859859467,268.763337656021,226.014678036332,113.057631558895
"10111002",1995,67.0902493325472,26.6550465863943,47.5767435296774,253.776160518765,232.150368005276,530.28454944706,356.372943606019,363.112144063711,100.987421783924,212.033351713657,43.1509999455214,16.395368277669
"10111002",1996,64.4750372146368,94.5499765706062,106.117260938287,160.835545251489,253.574990355849,203.98654519701,144.741932218194,308.8967851578,126.133692148447,103.502048820376,144.138421729445,NA
"10111002",1997,145.144272544026,75.2376409306526,17.7029743366241,320.564654606938,221.991274778008,526.864656677485,483.411901487589,248.24398103857,228.22754982841,238.386643055677,231.144517190695,83.2844474473
"10111002",1998,31.5837155778408,22.1287179207802,51.8013169509172,110.040079115152,115.169918269515,212.737447283864,171.095223560214,264.136423908949,102.697368168712,22.8328134909868,71.7171630796194,84.9943938320875
"10111002",1999,44.2574358415604,41.3404684792757,99.2774753991365,88.0119462758303,281.537643001199,375.081768757224,198.856706042647,355.568262954354,275.401953032255,43.4527551898956,114.36523761785,47.8784987740517
"10111002",2000,49.286689914465,227.121113932371,97.9698693401814,160.835545251489,151.179377431512,779.534381300211,372.868896965146,237.481377322555,235.469675693393,139.209752737999,154.096344793797,171.497563886046
"10111002",2001,137.198051108837,57.9370069198608,78.0540232114792,157.315067400455,425.273724404812,427.587181278348,640.626383806586,232.753878494024,75.639981256485,91.1300838010311,89.2189672533274,27.1579719936848
"10111002",2002,37.9205757097006,85.8996595652103,235.972601100683,181.656657113314,342.492202364802,329.214971612334,288.679183784723,329.717897019625,349.130817741036,353.053635917902,307.790349261761,145.144272544026
"10111002",2003,97.0646036070585,32.6901514738798,86.2014148095846,114.164067454934,147.155974173188,597.676554023981,309.600880728006,229.937496213198,304.269871410727,142.629645507574,181.354901868939,168.480011442304
"10111002",2004,22.1287179207802,47.2749882853031,72.9241840571165,304.269871410727,13.0760605895519,677.943449027538,346.616190704584,232.653293412566,163.95368277669,256.994883125424,173.006340107918,100.082156050801
"10111002",2005,81.0715756552219,5.02925407290459,142.931400751948,107.123111752868,637.508246281385,452.532281479955,309.299125483632,325.392738516927,140.014433389664,70.0072166948318,346.917945948958,78.0540232114792
"10111002",2006,165.965384405851,44.961531411767,115.572258595347,347.420871356249,186.887081349134,588.22155636692,390.672456383228,305.979817795515,173.710435678124,184.372454312682,88.816626927495,278.117750231624
"10111002",2007,22.4304731651545,68.0961001471281,74.0306199531555,202.678939138055,131.26353130281,256.290787555218,488.038815234661,253.675575437307,123.015554623246,205.797076663256,59.6469533046484,89.7218926606178
"10111002",2008,34.8024381844997,36.7135547322035,59.244612978816,124.121990519285,426.078405056477,223.701221162796,464.40132109201,584.198153108597,73.5276945458651,54.3159439873695,101.088006865382,25.5486106903553
"10111002",2009,30.9802050890923,74.6341304419041,44.961531411767,135.186349479675,439.456220890403,293.306097531796,198.756120961189,628.053248624325,163.551342450857,277.916580068708,170.994638478756,124.423745763659
"10111002",2010,47.3755733667612,104.105559309125,98.9757201547623,67.0902493325472,156.912727074623,557.744276685119,284.555195444941,304.068701247811,113.158216640353,164.255438021064,91.5324241268635,140.71852895987
"10123004",1981,203.465255619049,35.4338194665909,120.718657151222,196.764304086685,587.754673043251,202.856078207016,252.605566856384,248.138265834808,190.164882122993,70.8676389331818,30.3573410329819,48.1250155506134
"10123004",1982,128.841022644997,81.0205958003998,36.3475855846405,94.117910159111,496.987238650322,361.445264472961,383.172592168808,354.439724234581,202.754548638344,161.939662032127,85.3863672533035,24.3670964813232
"10123004",1983,96.6561493759155,8.73154290580749,84.7771898412704,183.565460159302,142.344455278397,282.861378320694,180.722632236481,167.117670034409,198.693365891457,80.2083592510223,12.0820186719894,34.0124055051804
"10123004",1984,46.5005424518585,95.234735414505,33.4032280931473,103.763219182968,426.525717991829,347.332654427528,322.660969240189,103.560160045624,226.30940857029,223.669639784813,38.885824801445,33.9108759365082
"10123004",1985,92.2903779230118,40.9164161748886,101.428039103508,200.7239572649,374.745637969017,400.534148411751,219.405397900581,155.340240068436,152.903530420303,88.8383725881577,77.0609426221848,36.652174290657
"10123004",1986,94.7270875711441,148.334699830055,106.707576674461,241.2342551651,407.742747787476,294.841867424011,197.271951930046,298.293872758865,151.482116458893,97.3668563566208,162.244250738144,11.7774299659729
"10123004",1987,25.382392168045,31.3726367197037,83.3557758798599,109.854993303299,162.54883944416,281.643023496628,486.428163508415,246.006144892693,234.22871492672,210.673854994774,45.7898354711533,39.9011204881668
"10123004",1988,59.3947976732254,1.5229435300827,74.7257625427246,78.1777678775787,110.971818558693,189.758763848305,163.665664699554,238.086838536263,95.8439128265381,93.6102623157501,24.3670964813232,51.4754913167953
"10123004",1989,31.2711071510315,27.2099244041443,71.8829346199036,71.7814050512314,93.5087327470779,254.940746935844,311.898834960938,228.949177355766,93.1026144723892,83.964953291893,52.5923165721893,190.774059535027
"10123004",1990,44.7745397844315,83.7618941545486,94.5240284337997,96.351560669899,371.801280477524,214.2273898983,220.014575312614,274.73901282692,259.814166232109,114.829942168236,80.9190662317276,43.3531258230209
"10123004",1991,20.9150911464691,26.8038061294556,68.735517991066,92.8995553350449,304.385646879196,231.385887003899,292.100569069862,237.98530896759,189.758763848305,83.7618941545486,53.7091418275833,231.995064415932
"10123004",1992,2.84282792282104,28.2252200908661,123.663014642715,204.175962599754,334.742987912178,382.868003462791,169.351320545197,200.317838990211,218.796220488548,205.292787855148,70.3599910898209,145.694931044579
"10123004",1993,38.2766473894119,16.0416718502045,261.134050624847,356.876433882713,456.476940750122,429.267016345978,373.222694438934,121.429364131927,114.626883030891,144.781164926529,164.985549092293,65.385042224884
"10123004",1994,20.305913734436,16.6508492622375,46.3990128831863,223.161991941452,271.896184904099,441.95821243,317.178372531891,177.067567764282,163.970253405571,149.451525085449,147.319404143333,114.119235187531
"10123004",1995,77.0609426221848,10.7621342792511,48.4296042566299,230.97976872921,154.324944381714,442.770448979378,268.139590863228,325.706856300354,58.7856202611923,142.750573553085,63.2529212827682,0.345364273526556
"10123004",1996,24.6716851873398,42.7439484109879,123.561485074043,131.074673155785,285.704206243515,161.330484620094,154.731062656403,281.439964359283,67.618692735672,136.557269864082,106.301458399773,34.5200533485413
"10123004",1997,115.439119580269,51.1709026107788,16.4477901248932,284.282792282104,220.217634449959,523.486456073761,471.401787344933,231.182827866554,177.981333882332,236.259306300163,186.611347219467,44.8760693531036
"10123004",1998,19.0875589103699,8.52848376846313,41.3225344495773,118.891124915123,215.039626447678,236.157776731491,190.571000397682,229.558354767799,102.849453064919,27.3114539728165,64.8773943815231,60.0039750852585
"10123004",1999,35.6368786039352,52.9984348468781,97.5699154939651,42.84547797966,230.878239160538,440.333739331245,210.673854994774,395.457669978142,184.783814983368,36.4491151533127,78.9900044269562,56.1458514757156
"10123004",2000,39.7995909194946,164.884019523621,78.5838861522675,140.415393473625,127.521138252258,837.111293702126,292.202098638535,174.123210272789,194.530653575897,130.567025312424,89.9551978435516,47.4143085699081
"10123004",2001,121.124775425911,39.9011204881668,66.4003379116058,58.3795019865036,309.969773156166,319.00590476799,478.508857151985,192.195473496437,82.2389506244659,64.1666874008179,94.3209692964554,12.1835482406616
"10123004",2002,28.0221609535217,48.3280746879578,211.790680250168,137.978683825493,330.17415732193,252.199448581696,309.259066175461,340.42864375782,199.099484166145,389.568954995155,162.244250738144,108.0274610672
"10123004",2003,37.3628812713623,37.1598221340179,61.3238594779968,122.343130249977,128.739493076324,475.767558797836,222.755873666763,139.907745630264,247.935206697464,131.683850567818,144.273517083168,80.6144775257111
"10123004",2004,15.6355535755157,37.4644108400345,78.6854157209396,269.662534393311,32.3879324064255,517.39468195343,268.444179569244,213.110564642906,151.075998184204,162.0411916008,116.962063110352,77.3655313282013
"10123004",2005,60.0039750852585,4.87341929626465,115.540649148941,76.9594130535126,630.600151022911,475.361440523148,277.378781612396,334.539928774834,137.674095119476,68.6339884223938,236.970013280869,37.9720586833954
"10123004",2006,135.745033314705,22.6410938138962,74.1165851306915,260.118754938126,176.864508626938,479.118034564018,432.719021680832,257.783574858665,155.949417480469,184.276167140007,42.5408892736435,174.021680704117
"10123004",2007,20.1028545970917,38.4797065267563,54.9274966516495,185.392992395401,96.9607380819321,174.529328547478,300.527523269653,178.895100000381,152.903530420303,123.561485074043,41.119475312233,36.4491151533127
"10123004",2008,35.6368786039352,38.6827656641006,41.9317118616104,89.9551978435516,526.329283996582,188.235820318222,512.825851363182,509.475375597,47.5158381385803,52.6938461408615,80.3098888196945,27.2099244041443
"10123004",2009,21.1181502838135,31.6772254257202,25.6869808740616,67.9232814416885,292.709746481895,354.135135528564,159.198363677979,435.358790466309,116.251356129646,206.003494835854,114.829942168236,80.5129479570389
"10123004",2010,38.4797065267563,130.465495743752,50.9678434734344,49.7494886493683,94.6255580024719,445.308688196182,263.063112429619,349.870893644333,94.8286171398163,102.849453064919,118.485006640434,88.2291951761246
"10304002",1981,497.507092835903,93.7187709951401,260.119439921617,217.447488872766,932.202668941021,576.270740799904,598.204921245575,365.802309341669,345.961846120358,121.635000653267,119.940086709738,208.374714233875
"10304002",1982,NA,175.672845205784,231.305902881622,172.482418959141,542.372461929321,841.474922552109,672.980536401272,703.887790665627,531.405371706486,525.622724134445,301.096477026939,157.527295928001
"10304002",1983,149.551230311394,74.7756151556969,498.504101037979,385.842174203396,425.722502286434,715.851889090538,714.854880888462,667.995495390892,471.584879581928,336.988772301674,207.377706031799,18.9431558394432
"10304002",1984,334.994755897522,539.381437323093,181.455492777824,170.089599274158,711.863856282234,351.943895332813,668.992503592968,249.25205051899,381.854141395092,950.148816578388,245.264017710686,148.354820468903
"10304002",1985,179.461476373672,180.458484575748,375.872092182636,571.285699789524,1135.59234216452,608.175003266335,437.686600711346,244.26700950861,133.599099078178,139.581148290634,278.165288379192,20.9371722435951
"10304002",1986,194.416599404812,291.12639500618,117.646967844963,330.009714887142,728.812995717525,249.25205051899,183.449509181976,436.68959250927,151.545246715546,128.614058067799,283.150329389572,37.2881067576408
"10304002",1987,46.2611805763245,71.6848897292614,124.82542689991,198.105529752493,174.875238644123,390.926916033983,476.270818131685,259.421534180164,200.797451898098,214.755566727161,128.015853146553,97.4077013428211
"10304002",1988,176.570152587652,6.77965577411652,119.242180968285,109.770603048563,144.067685199976,372.681665935993,120.239189170361,261.814353865147,109.371799767733,247.756538215876,114.755644058943,137.387730246067
"10304002",1989,73.8783077738285,39.9800289032459,105.981971880674,146.959008985996,143.46948027873,430.408440836191,371.285854453087,137.088627785444,69.4914716846943,122.133504754305,74.0777094142437,246.360726732969
"10304002",1990,70.3887790665626,102.193340712786,174.17733290267,306.87912459898,512.661617507458,355.234022399664,179.56117719388,438.883010553837,242.871198025703,163.010841039419,181.854296058655,36.5902010161877
"10304002",1991,93.5193693547249,107.676885824203,159.720713972568,311.565063148737,368.593932307482,110.069705509186,380.159227451563,208.972919155121,230.607997140169,122.532308035135,156.131484445095,560.318609566689
"10304002",1992,20.0398648617268,69.0926684038639,145.064693402052,333.499243594408,435.094379385948,606.28068768239,171.385709936857,244.66581278944,320.338735327005,472.282785323381,86.839414400816,85.84240619874
"10304002",1993,109.770603048563,43.8683608913422,347.856161704302,714.456077607632,682.850917601824,534.496097132921,542.073359468699,183.748611642599,56.4306642374992,43.2701559700966,350.248981389284,113.958037497282
"10304002",1994,35.4934919939041,137.387730246067,33.4994755897522,282.053620367289,565.702453857899,677.566774130821,355.034620759249,225.822357770205,254.336792349577,483.449277186632,264.506276010752,225.224152848959
"10304002",1995,222.532230703354,46.9590863177776,77.1684348406792,360.717567511082,420.438358815432,620.139101691246,381.555038934469,364.905001959801,146.560205705166,209.471423256159,126.420640023231,4.685938549757
"10304002",1996,122.432607214928,130.707775292158,201.495357639551,220.937017580032,587.63663430357,180.956988676786,178.265066531181,321.236042708874,181.156390317202,187.337841170073,189.331857574224,57.3279716193676
"10304002",1997,161.116525455475,84.1474922552109,60.3189962255955,447.756383552313,232.602013544321,659.820028133869,554.934765275478,228.51427991581,174.974939464331,186.340832967997,299.202161442995,86.2412094795704
"10304002",1998,56.231262597084,68.095660201788,109.571201408148,130.907176932573,118.145471946001,189.232156754017,186.639935428619,300.996776206732,160.119517253399,83.4495865137577,70.3887790665626,98.0059062640667
"10304002",1999,74.8753159759045,70.0896766059399,109.272098947525,89.0328324453831,238.384661116362,352.043596153021,220.837316759825,413.4593014009,257.92602187705,66.101643797636,154.336869681358,120.538291630983
"10304002",2000,46.85938549757,239.68077177906,159.222209871531,153.738664760113,150.348836873055,806.479934659243,383.349653698206,205.184287987232,233.200218465567,147.956017188072,186.041730507374,117.34786538434
"10304002",2001,204.586083065987,83.3498856935501,80.5582627277374,124.127521158457,505.08435517168,379.261920069694,474.575904188156,230.707697960377,54.6360494737625,83.6489881541729,116.051754721642,14.6560205705166
"10304002",2002,78.7636479640007,60.2192954053879,291.624899107218,209.471423256159,365.004702780008,390.129309472322,250.448460361481,293.120411410332,300.498272105694,555.931773477554,316.151300878286,173.678828801632
"10304002",2003,136.490422864199,70.787582347393,92.3229595122337,137.387730246067,124.526324439287,490.428334601164,292.123403208256,189.431558394432,354.835219118833,184.346816563845,246.161325092554,257.826321056843
"10304002",2004,36.1913977353573,80.657963547945,124.42662361908,326.021682078838,37.8863116788864,642.970589518785,295.612931915522,323.927964854479,174.775537823915,328.115399303198,187.636943630695,127.71675068593
"10304002",2005,122.632008855343,4.18743444871903,187.936046091318,136.789525324821,733.698335907698,490.727437061787,263.908071089506,284.944944153309,91.6250537707806,80.0597586266994,416.948830108166,98.0059062640667
"10304002",2006,222.631931523561,67.3977544603348,178.863271452427,319.441427945137,199.700742875814,610.368421310902,432.302756420135,293.61891551137,227.816374174356,210.66783309865,107.477484183788,260.817345663071
"10304002",2007,40.7776354649067,98.2053079044819,107.776586644411,251.943972664595,147.656914727449,249.949956260443,400.298793133497,225.922058590412,145.264095042467,250.149357900858,82.4525783116817,77.8663405821323
"10304002",2008,63.0109183712006,44.0677625317574,69.1923692240715,153.539263119698,495.612777251959,254.436493169785,516.450248675346,663.010454380512,77.7666397619248,98.5044103651047,120.438590810776,25.6231107933521
"10304002",2009,54.1375453727245,74.8753159759045,88.4346275241375,253.838288248539,453.937834405184,261.914054685354,211.166337199688,629.90978207159,154.735672962189,334.994755897522,231.605005342245,154.835373782396
"10304002",2010,90.6280455687046,142.173369616032,116.849361283302,98.8035128257275,207.577107672215,432.402457240343,327.61689520216,351.943895332813,96.3109923205376,163.210242679834,204.586083065987,184.446517384052
"10307001",1981,220.864460755438,24.4297033341229,141.59256626308,144.583958508074,396.858037835956,281.689436403662,243.798467967063,225.850114497095,180.979230822176,102.205901703984,42.8766221782565,87.7475058531761
"10307001",1982,123.145647418946,96.2231172139943,81.2661559890211,79.7704598665237,371.431203753501,264.23964830786,330.548843071908,250.778383205384,172.005054087192,189.454842182994,90.240332724005,21.4383110891283
"10307001",1983,70.297717757374,21.936876463294,112.177209187299,124.641343541443,192.944799802154,267.72960592702,182.973492318839,170.010792590529,211.890284020454,79.271894492358,21.936876463294,15.455526599139
"10307001",1984,42.8766221782565,111.180078438967,37.8909684365988,148.5724815014,339.024454432726,322.07323171109,264.738213682026,111.180078438967,188.457711434662,255.764036947042,71.7934138798714,53.8450604099035
"10307001",1985,69.3005870090425,89.7417673498392,117.661428303123,208.898891775459,322.571797085255,355.477111780196,130.624128031433,190.451972931325,115.667166806459,125.638474289775,72.7905446282029,48.8594066682458
"10307001",1986,95.2259864656627,124.641343541443,112.576061486632,257.758298443705,288.669351641983,290.16504776448,171.00792333886,309.609097356945,108.188686193973,118.658559051454,178.984969325513,53.8450604099035
"10307001",1987,12.9626997283101,51.3522335390747,137.105477895588,175.993577080518,136.606912521422,263.242517559528,406.629919169605,325.064623956084,183.472057693005,219.867330007106,68.303456260711,76.2805022473633
"10307001",1988,75.7819368731976,3.98852299332619,79.7704598665237,150.566742998064,95.7245518398285,211.391718646288,110.182947690636,230.835768238753,106.19442469731,131.122693405598,59.8278448998928,81.2661559890211
"10307001",1989,60.8249756482244,40.3837953074276,83.2604174856842,103.601884751648,111.778356887966,236.319987354577,305.221722064286,144.583958508074,85.2546789823472,81.2661559890211,72.7905446282029,174.497880958021
"10307001",1990,45.3694490490854,NA,NA,195.437626672983,320.078970214427,258.755429192036,189.95340755716,179.483534699678,255.764036947042,201.918976537138,101.208770955652,5.48421911582351
"10307001",1991,20.4411803407967,16.4526573474705,65.3120640157163,179.483534699678,447.711706000865,362.457027018517,416.800652802587,113.174339935631,255.265471572876,69.7991523832083,17.4497880958021,455.190186613351
"10307001",1992,2.49282687082887,71.7934138798714,147.575350753069,207.403195652962,96.9211087378263,562.481455133826,226.847245245427,117.661428303123,267.72960592702,206.505777979463,54.3436257840693,32.5064623956084
"10307001",1993,29.9139224499464,6.48134986415505,73.8873884513676,71.6937008050382,73.2891100023687,68.6025954852104,273.71239041701,136.606912521422,81.2661559890211,124.641343541443,76.7790676215291,32.4067493207753
"10307001",1994,21.4383110891283,38.8880991849303,88.7446366015077,103.701597826481,160.538050481379,266.732475178689,223.855853000432,114.171470683962,185.964884563833,215.87880701378,113.174339935631,107.191555445641
"10307001",1995,113.672905309796,10.4698728574812,89.7417673498392,287.173655519485,101.707336329818,414.806391305923,272.715259668678,289.167917016149,87.2489404790103,172.503619461358,68.9017347097099,1.79483534699678
"10307001",1996,46.1671536477506,95.6248387649953,203.115533435136,135.111216398925,245.59330331406,118.957698275954,121.649951296449,248.883834783554,88.4454973770082,132.11982415393,154.55526599139,95.2259864656627
"10307001",1997,160.23891125688,91.0380373226702,33.1047408446074,251.974940103382,231.434046687752,391.772671019465,408.225328366935,180.979230822176,179.383821624845,252.373792402714,277.002921886504,58.1327226277292
"10307001",1998,35.2984284909368,48.959119743079,49.1585458927453,82.9612782611847,187.161441461831,123.345073568612,142.689410086244,207.502908727795,92.3343072955012,45.9677274980843,77.975624519527,87.647792778343
"10307001",1999,55.5401826820672,66.9074732130468,111.5789307383,58.8307141515613,206.505777979463,401.644265427947,183.073205393672,331.147121520907,198.927584292144,49.5573981920779,143.786253909409,94.9268472411633
"10307001",2000,74.5853799751997,200.622706564307,104.499302425146,165.025138848871,151.663586821228,644.046750347346,262.145673736364,189.65426833266,244.197320266396,160.538050481379,174.497880958021,114.969175282627
"10307001",2001,151.165021447062,53.7453473350704,83.7589828598499,121.251098997116,303.42688671729,339.423306732059,399.450577781618,164.925425774038,88.944062751174,85.2546789823472,92.0351680710018,21.0394587897956
"10307001",2002,32.8056016201079,45.4691621239185,213.485693217784,123.644212793112,271.618415845513,314.19589879927,275.108373464674,316.987864894599,216.177946238279,324.167206282586,206.206638754964,142.789123161077
"10307001",2003,68.303456260711,53.5459211854041,111.678643813133,124.342204316944,124.54163046661,423.481428816408,200.323567339808,170.609071039528,233.528021259248,132.319250303596,206.605491054296,185.266893040001
"10307001",2004,20.9397457149625,17.1506488713026,77.2776329956949,322.970649384588,36.1958461644351,473.936244681984,294.153570757806,263.741082933694,147.375924603403,237.715970402241,142.988549310744,96.1234041391611
"10307001",2005,65.0129247912168,4.48708836749196,121.949090520948,117.362289078623,527.581878942221,310.805654254943,241.903919545233,235.821421980411,102.205901703984,72.0925531043708,333.540235316902,55.1413303827345
"10307001",2006,149.170759950399,90.3400457988381,112.675774561465,226.94695832026,164.028008100539,461.970675702006,252.573218552381,200.522993489474,194.041643625319,191.449103679657,64.3149332673848,195.437626672983
"10307001",2007,38.688673035264,30.911053198278,81.3658690638542,178.58611702618,115.667166806459,178.685830101013,327.258311602414,168.814235692531,129.527284208268,247.088999436557,71.6937008050382,85.5538182068467
"10307001",2008,42.9763352530897,45.6685882735848,76.4799283970296,89.3429150505066,407.028771468937,178.58611702618,429.962778680563,455.888178137183,72.3916923288703,58.3321487773955,84.9555397578478,50.0559635662437
"10307001",2009,49.4576851172447,78.8730421930253,60.1269841243923,115.966306030959,399.251151631951,263.94050908336,124.342204316944,408.325041441768,128.33072731027,203.713811884135,170.409644889861,83.6592697850168
"10307001",2010,63.4175155938864,106.294137772143,137.205190970421,67.3063255123794,109.185816942304,303.42688671729,270.920424321681,296.446971478969,95.7245518398285,102.804180152982,126.635605038106,96.2231172139943
"10360002",1981,NA,NA,NA,NA,NA,NA,NA,NA,NA,NA,NA,NA
"10360002",1982,NA,NA,NA,NA,NA,NA,NA,NA,NA,NA,NA,NA
"10360002",1983,88.7430920476913,11.7910402021408,99.9135511865616,131.976906122208,120.806446983337,214.410757359982,153.076662273407,141.906203134537,189.0703639431,44.8886969099045,4.24063726568222,16.031677467823
"10360002",1984,40.8549199986458,109.118836958408,40.337769112587,100.637562427044,262.092069054604,250.404459029675,211.514712398052,55.4385749855042,140.458180653572,184.002285259724,36.2005620241165,35.2696904292107
"10360002",1985,102.085584908009,67.5399057192802,61.4375252637863,169.10833974123,282.260953610897,286.915311585426,155.765846880913,94.6386121487618,143.87137650156,60.1963631372452,51.611658428669,44.5784063782692
"10360002",1986,58.3346199474335,129.804872400761,146.974281817913,234.786502270699,230.545865005016,205.205471588135,124.219642831326,200.757973968029,66.6090341243744,54.9214240994453,128.56371027422,12.1013307337761
"10360002",1987,9.41214612627029,61.2306649093628,66.2987435927391,111.187440502644,140.35475047636,132.70091736269,347.421965254307,128.046559388161,136.320973565102,164.040261057854,37.7520146822929,34.8559697203636
"10360002",1988,67.1261850104332,3.20633549356461,48.8190436439514,104.878199692726,61.6443856182098,157.93788060236,103.430177211761,151.525209615231,81.089258934021,69.5050790863037,10.2395875439644,69.1947885546684
"10360002",1989,31.1324833407402,16.7556887083054,49.853345416069,60.713514023304,60.2997933144569,146.353700754642,222.995462068558,222.478311182499,82.3304210605621,75.4005991873741,39.7171880493164,111.601161211491
"10360002",1990,56.2660164031982,42.923523542881,58.955201010704,128.874000805855,199.413381664276,161.351076450348,156.489858121395,189.277224297524,200.654543790817,56.5763069348335,60.2997933144569,39.9240484037399
"10360002",1991,40.337769112587,36.8211430873871,33.821667948246,86.8813488578796,214.824478068829,189.587514829159,167.660317260265,174.072988247395,101.361573667526,51.8185187830925,66.7124643015862,222.788601714134
"10360002",1992,1.13773194932938,96.8106458702087,148.732594830513,122.564759995937,157.420729716301,240.682022371769,106.636512705326,100.534132249832,136.941554628372,127.115687793255,36.2005620241165,110.98058014822
"10360002",1993,31.8564945812225,21.9271975688934,257.230850725651,272.124796244144,285.467289104462,257.437711080074,203.964309461594,75.5040293645859,58.3346199474335,83.0544323010445,110.566859439373,28.6501590876579
"10360002",1994,34.9593998975754,11.7910402021408,49.439624707222,138.182716754913,207.27407513237,240.682022371769,197.758498828888,132.494057008266,107.670814477444,129.701442223549,76.9520518455505,109.429127490044
"10360002",1995,85.433326376915,7.34354258203506,28.0295780243874,128.977430983067,97.7415174651146,356.523820848942,180.692519588947,208.204946727276,65.471302175045,92.77686895895,34.235388657093,0.981209921958756
"10360002",1996,40.4411992897987,44.3715460238457,82.9510021238327,118.427552907467,135.07981143856,88.019080807209,80.675538225174,190.621816601276,54.4042732133865,74.9868784785271,77.6760630860329,42.509802834034
"10360002",1997,133.528358780384,47.267590985775,7.86069346809387,192.483559791088,95.5694837436676,323.839884850025,241.095743080616,101.982154730797,114.704066527843,167.35002672863,92.9837293133736,39.2000371632576
"10360002",1998,23.6855105814934,36.3039922013283,48.7156134667397,81.9167003517151,160.833925564289,134.148939843655,107.567384300232,136.010683033466,89.3636731109619,18.1002810120583,27.7192874927521,34.1319584798813
"10360002",1999,32.4770756444931,35.8902714924812,60.8169442005157,39.6137578721046,115.117787236691,289.914786724567,86.2607677946091,228.166970929146,104.671339338303,24.6163821763992,58.955201010704,41.5789312391281
"10360002",2000,26.6849857206345,148.629164653301,51.8185187830925,92.77686895895,72.8148447570801,504.118683730125,176.555312500477,93.0871594905853,118.63441326189,94.6386121487618,64.5404305801392,43.5441046061516
"10360002",2001,127.219117970467,28.0295780243874,95.6729139208794,39.4068975176811,212.859304701805,179.037636753559,297.878910369873,118.220692553043,53.0596809096336,66.9193246560097,104.154188452244,11.687610024929
"10360002",2002,16.6522585310936,53.1631110868454,104.981629869938,117.703541666985,236.958535992146,140.458180653572,192.380129613876,235.924234220028,134.769520906925,284.432987332344,145.422829159737,67.0227548332214
"10360002",2003,22.547778632164,25.5472537713051,42.4063726568222,89.8808239970207,45.7161383275986,280.916361307144,162.799098931313,92.9837293133736,172.418105412006,88.4328015160561,117.806971844196,68.1604867825508
"10360002",2004,20.0654543790817,16.9625490627289,69.5050790863037,244.819229460239,33.6148075938225,344.525920292378,164.350551589489,91.0185559463501,104.981629869938,109.429127490044,100.740992604256,68.4707773141861
"10360002",2005,28.1330082015991,6.51610116434097,95.8797742753029,74.0560068836212,355.386088899612,259.920035333157,185.657168095112,212.755874524593,57.7140388841629,31.3393436951637,107.981105009079,32.0633549356461
"10360002",2006,107.877674831867,16.2385378222465,63.6095589852333,115.324647591114,148.008583590031,270.780203940392,251.33533062458,171.073513108253,110.98058014822,153.697243336678,58.2311897702217,115.945228654385
"10360002",2007,10.6533082528114,36.8211430873871,21.4100466828346,115.841798477173,64.5404305801392,123.28877123642,148.422304298878,130.425453464031,133.631788957596,106.533082528114,29.2707401509285,28.3398685560226
"10360002",2008,34.235388657093,39.2000371632576,43.5441046061516,77.0554820227623,375.554973455906,128.253419742584,335.837785406589,288.570194420815,40.2343389353752,48.8190436439514,59.3689217195511,21.2031863284111
"10360002",2009,13.6527833919525,54.197412858963,29.1673099737167,83.261292655468,260.12689568758,206.756924246311,60.713514023304,283.295255383015,49.2327643527985,104.774769515514,70.9531015672684,77.9863536176682
"10360002",2010,37.1314336190224,103.637037566185,48.0950324034691,40.337769112587,75.7108897190094,180.692519588947,125.04708424902,194.759023689747,66.0918832383156,66.5056039471626,31.7530644040108,39.7171880493164
"10410005",1981,164.401346940994,44.7268370354176,212.653948157132,182.130903964043,468.523691557944,385.214920773506,267.353661018014,217.590018010139,287.097940430045,100.433911090791,86.2301182484627,104.664828107655
"10410005",1982,237.334297422171,116.350217963755,194.521446656287,80.0852149620652,541.960322636366,316.311415070295,314.397428800762,408.585700485706,164.502083060443,223.231240699291,138.612900362015,43.7194758409262
"10410005",1983,131.057691403329,86.3308543679118,104.463355868757,238.643866975009,228.973199507892,267.454397137463,268.763966690302,189.887585161626,231.59233861357,137.907747525871,56.6136991304159,44.7268370354176
"10410005",1984,154.831415593326,230.081296821833,89.1514657124877,170.949194705188,442.936717217863,242.774047872424,292.839899238646,115.443592888713,153.824054398835,279.54273147136,127.028246625364,123.401746325195
"10410005",1985,90.0580907875299,208.926711737514,177.698514708281,283.572176249325,611.065300578475,369.802294497788,304.626025214195,119.573773786128,147.880623351336,107.787647810578,132.266524836719,NA
"10410005",1986,166.617541568875,188.074335011542,172.963917094171,293.746524313688,294.653149388731,320.240123728812,201.774447256625,199.356780389845,146.470317679048,134.684191703498,168.934472316206,63.2622830140591
"10410005",1987,46.4393510660529,0.886428724275462,116.551690202653,224.238601893783,186.865501578152,254.761646086872,344.114584038258,215.978240098953,290.925912969112,192.204515908957,142.440872901082,146.470317679048
"10410005",1988,127.229718864262,30.9259886708856,90.7632436236739,181.828695605695,165.106499777138,312.483442531228,104.967036466002,293.54505207479,138.915108720362,189.383904564381,127.834135580957,175.079375602603
"10410005",1989,141.634983945489,90.0580907875299,157.249082460105,288.81045446068,116.249481844306,264.130105195642,276.319175648987,323.463679551184,119.070093188882,89.5544101902843,123.502482444644,193.312613222897
"10410005",1990,125.920149311423,61.2475606250763,138.00848364532,310.267247903347,324.269568506777,313.087859247923,199.054572031498,247.609381605983,240.658589363992,176.489681274891,111.615620349646,150.600498576462
"10410005",1991,118.264204233289,92.7779660126567,164.099138582647,167.322694405019,326.485763134658,263.12274400115,342.905750604868,148.787248426378,236.125463988781,172.460236496925,88.0433683985472,427.624827061594
"10410005",1992,12.1890704533458,NA,NA,NA,185.858140383661,281.758926099241,174.172750527561,174.877903363705,246.501284292042,405.261408543885,125.416468714178,259.999924298227
"10410005",1993,128.841496775448,48.7562818133831,253.250604295135,341.394708813131,290.01928789407,334.846861048937,359.728682552874,150.096817979217,75.1491451090574,83.5102430233359,257.179312953651,168.733000077307
"10410005",1994,116.95463468045,90.8639797431231,97.5125636267662,280.348620426953,433.87046646744,481.921595444679,216.884865173996,248.012326083779,236.22620010823,239.449755930603,212.351739798784,224.339338013232
"10410005",1995,128.64002453655,53.5916155469418,63.3630191335082,206.106100392938,358.318376880586,495.82317992866,393.878227046132,309.86430342555,158.558652012944,155.435832310021,142.743081259429,12.0883343338966
"10410005",1996,99.8294943740964,135.893025136888,192.305252028406,208.624503379166,239.953436527848,193.413349342346,167.121222166121,232.801172046959,169.438152913451,186.764765458703,188.074335011542,86.6330627262592
"10410005",1997,302.712038944662,81.8984651121497,70.0116030171514,385.718601370752,110.406786916256,473.258289172053,369.298613900542,184.347098591924,246.702756530941,224.641546371579,287.097940430045,172.359500377476
"10410005",1998,62.8593385362625,33.444391657114,105.571453182697,87.7411600401997,192.506724267304,132.971677672863,245.090978619754,261.108021612167,114.63770393312,77.1638674980402,68.0976167476177,73.5373671978712
"10410005",1999,71.7241170477867,77.3653397369385,170.143305749595,76.1565063035488,268.058813854158,350.058015085757,254.862382206321,437.094022289813,271.886786393225,72.4292698839307,131.057691403329,140.829094989896
"10410005",2000,57.8225325638056,200.464877703786,100.937591688037,143.347497976124,184.548570830822,511.739486801624,283.773648488224,201.17003053993,156.241721265614,196.636905164719,178.705875902772,129.748121850491
"10410005",2001,243.479200708568,95.195632879436,116.95463468045,124.409107519686,307.345900439322,267.555133256912,353.483043147027,189.283168444932,84.6183403372765,NA,117.256843038797,40.697392257452
"10410005",2002,53.9945600247383,104.261883629858,205.80389203459,291.631065805256,278.434634157419,370.305975095034,295.660510583222,291.22812132746,226.656268760562,338.271889110208,214.769406665564,136.396705734134
"10410005",2003,109.600897960663,50.9724764412642,86.1293821290135,139.821733795404,147.880623351336,328.802693881988,242.874783991873,239.046811452806,227.260685477257,175.482320080399,231.491602494121,222.828296221495
"10410005",2004,79.3800621259212,56.8151713693142,201.774447256625,461.97584379375,45.8349343493581,496.629068884254,306.338539244831,231.491602494121,171.251403063536,316.210678950846,167.322694405019,192.808932625651
"10410005",2005,85.726437651217,45.4319898715615,277.628745201826,208.624503379166,623.153634912372,348.043292696774,264.33157743454,296.869344016612,123.200274086297,70.2130752560496,288.004565505087,120.278926622272
"10410005",2006,298.984802525044,94.490480043292,188.074335011542,236.729880705476,155.234360071123,487.159873656035,294.250204910934,200.666349942684,205.098739198446,249.321895636618,108.79500900507,NA
"10410005",2007,NA,NA,NA,NA,NA,NA,NA,NA,NA,NA,NA,NA
"10410005",2008,NA,NA,NA,NA,NA,NA,NA,NA,NA,NA,NA,NA
"10410005",2009,NA,NA,NA,NA,NA,NA,NA,NA,NA,NA,NA,NA
"10410005",2010,NA,NA,NA,NA,NA,NA,NA,NA,NA,NA,NA,NA
"10425001",1981,179.114096581936,47.081419672966,131.827975084305,141.756013580561,489.237360949516,302.44694594264,245.642189598083,198.560769925117,214.936915898323,85.9747663593292,63.9693202078342,126.40337673068
"10425001",1982,94.162839345932,112.074249004126,60.8987928378582,58.8517745912075,456.485069003105,273.276935927868,233.871834679842,NA,131.009167785645,NA,128.450394977331,12.7938640415668
"10425001",1983,88.0217846059799,40.9403649330139,111.255441705465,172.973041841984,167.855496225357,179.114096581936,168.264899874687,179.114096581936,193.443224308491,160.69093236208,47.081419672966,33.7758010697365
"10425001",1984,111.562494442463,203.678315541744,37.8698375630379,104.397930579185,150.455841128826,250.247980653048,285.559045407772,35.8228193163872,144.314786388874,260.994826447964,32.7522919464111,66.5280930161476
"10425001",1985,99.2803849625587,149.944086567163,89.8641010279655,215.960425021648,376.651357383728,245.130435036421,221.487374287605,158.132159553766,148.920577443838,93.1393302226067,117.703549182415,74.7161660027504
"10425001",1986,108.491967072487,124.970463958025,205.213579226732,232.745974644184,271.74167224288,237.965871173143,192.010311535835,153.731070323467,120.364672903061,118.624707393408,161.612090573072,46.1602614619732
"10425001",1987,33.878151982069,55.2694926595688,103.988526929855,162.021494222403,141.346609931231,150.660542953491,306.848035172939,190.884451500177,205.418281051397,132.85148420763,69.9056731231213,79.9360625317097
"10425001",1988,92.8322774856091,24.1548153104782,104.397930579185,107.263756124496,106.752001562834,216.676881407976,75.2279205644131,211.354633966684,112.074249004126,149.637033830166,56.1906508705616,112.586003565788
"10425001",1989,117.703549182415,83.9277481126785,143.086575440884,173.996550965309,67.6539530518055,159.667423238754,210.535826668024,298.557611274004,119.648216516733,84.7465554113388,92.3205229239464,161.714441485405
"10425001",1990,60.6940910131931,55.7812472212315,114.530670900106,231.006009134531,256.081982656002,244.106925913095,168.060198050022,157.722755904436,226.809621728897,164.682617943048,105.830843351841,121.388182026386
"10425001",1991,117.191794620752,62.3317056105137,103.579123280525,178.807043844938,243.08341678977,141.244259018898,201.221893645763,193.647926133156,195.080838905811,111.664845354795,105.114386965513,160.895634186745
"10425001",1992,16.273795060873,283.102623511791,145.031242775202,217.905092355967,204.292421015739,206.134737437725,113.097758127451,124.254007571697,188.939784165859,291.495398323059,68.9845149121285,142.984224528551
"10425001",1993,64.1740220324993,55.5765453965664,173.894200052977,243.697522263765,241.241100367784,245.130435036421,204.906526489735,86.9982754826546,57.1118090815544,110.948388968468,156.494544956446,86.9982754826546
"10425001",1994,89.8641010279655,46.0579105496407,64.4810747694969,194.057329782486,317.287828230858,312.374984438896,200.710139084101,195.797295292139,189.349187815189,183.208133075237,157.313352255106,180.342307529926
"10425001",1995,118.522356481075,45.7508578126431,46.9790687606335,197.332558977127,221.794427024603,386.477044967651,NA,192.62441700983,105.830843351841,111.767196267128,65.0951802434921,14.1244259018898
"10425001",1996,80.4478170933723,97.233366715908,159.667423238754,160.281528712749,200.710139084101,91.5017156252861,124.049305747032,210.228773931026,120.467023815393,147.692366495848,175.429463737965,95.69810303092
"10425001",1997,245.846891422749,70.9291822464466,32.6499410340786,309.71386071825,117.191794620752,443.486503136873,395.995679814577,176.350621948957,185.152800409555,207.260597473383,142.779522703886,106.342597913504
"10425001",1998,57.7259145555496,10.8491967072487,107.877861598492,99.6897886118889,168.060198050022,126.40337673068,165.501425241709,256.696088129997,98.8709813132286,59.8752837145329,72.8738495807648,85.0536081483364
"10425001",1999,63.4575656461716,68.6774621751308,135.307906103611,72.157393194437,232.745974644184,298.352909449339,223.841445271254,304.698666013956,183.105782162905,63.355214733839,86.0771172716617,120.467023815393
"10425001",2000,82.0854316906929,178.090587458611,123.639902097702,133.772642418623,109.310774371147,525.571934827566,294.156522043705,156.801597693443,122.002287500381,206.74884291172,182.184623951912,88.4311882553101
"10425001",2001,305.415122400284,85.7700645346642,178.704692932606,92.7299265732765,299.581120397329,218.826250566959,331.719306869745,228.447236326218,104.807334228516,81.6760280413628,140.016048070908,37.3580830013752
"10425001",2002,84.8489063236713,117.805900094748,156.494544956446,177.067078335285,453.209839808464,273.174585015535,212.992248564005,245.232785948753,224.762603482246,342.977907226324,251.476191601038,119.034111042738
"10425001",2003,114.223618163109,69.3939185614586,92.1158210992813,116.884741883755,98.9733322255612,294.156522043705,172.154234543323,221.999128849268,199.993682697773,137.661977087259,165.501425241709,171.744830893993
"10425001",2004,61.7176001365185,107.161405212164,181.570518477917,358.330544076204,55.883598133564,492.410239231825,216.062775933981,205.622982876062,162.226196047068,215.346319547653,137.047871613264,164.682617943048
"10425001",2005,93.8557866089344,18.2184623951912,224.967305306911,161.714441485405,511.652210750341,269.694653996229,261.097177360296,241.85520584178,123.742253010035,59.3635291528702,212.78754673934,72.6691477560997
"10425001",2006,208.795861158371,95.0839975569248,181.877571214914,271.536970418215,225.581410780907,463.649632866383,400.806172694206,200.710139084101,171.335427244663,212.78754673934,83.1089408140183,286.787256355762
"10425001",2007,36.6416266150474,60.284687363863,70.622129509449,155.88043948245,94.6745939075947,135.614958840609,218.928601479292,151.376999339819,154.754579446793,213.401652213335,57.0094581692219,90.7852592389584
"10425001",2008,40.8380140206814,44.5226468646526,62.8434601721764,189.042135078192,441.132432153225,256.900789954662,388.319361389637,280.339148878813,58.749423678875,74.6138150904179,146.97591010952,34.2875556313992
"10425001",2009,39.2003994233608,134.796151541948,82.6995371646881,148.306471969843,261.506581009626,207.15824656105,98.2568758392334,288.32252004075,48.8213851826191,156.392194044113,186.483362269878,131.827975084305
"10425001",2010,115.042425461769,93.1393302226067,112.074249004126,86.9982754826546,139.504293509245,268.364092135906,171.028374507666,218.212145092964,104.090877842188,159.053317764759,120.774076552391,78.9125534083843
"10417001",1981,NA,NA,NA,NA,NA,NA,NA,NA,NA,NA,NA,NA
"10417001",1982,NA,NA,NA,NA,NA,NA,NA,NA,NA,NA,NA,NA
"10417001",1983,NA,NA,NA,NA,NA,NA,NA,NA,NA,NA,NA,NA
"10417001",1984,NA,NA,NA,NA,NA,NA,NA,NA,NA,NA,NA,NA
"10417001",1985,NA,NA,NA,NA,NA,NA,NA,NA,NA,NA,NA,NA
"10417001",1986,NA,NA,NA,NA,NA,NA,NA,NA,NA,NA,NA,NA
"10417001",1987,36.7255489206314,65.6921790552139,121.039133062363,190.352140884399,155.695636973381,195.524753408432,332.598985295296,155.695636973381,174.317042059898,126.729006838799,56.8987377643585,87.9344129085541
"10417001",1988,82.2445391321182,25.3458013677597,130.867096858025,121.039133062363,123.625439324379,257.596103696823,106.038556742668,213.111635990143,96.2105929470062,110.176646761894,45.0017289590836,97.2451154518128
"10417001",1989,69.83026907444,55.864215259552,122.590916819572,117.935565547943,90.5207191705704,198.628320922852,232.767563581467,362.600137934685,131.384358110428,79.1409716176987,97.762376704216,205.869978456497
"10417001",1990,63.6231340456009,100.865944218636,128.280790596008,182.593222098351,282.941905064583,237.422914853096,198.628320922852,133.970664372444,207.93902346611,129.832574353218,95.693331694603,85.865367898941
"10417001",1991,91.5552416753769,72.9338365888596,124.659961829185,123.108178071976,260.699671211243,134.487925624847,209.49080722332,197.076537165642,219.836032271385,120.521871809959,126.211745586395,245.181833639145
"10417001",1992,14.4833150672913,132.418880615234,151.557546954155,169.144429535866,231.215779824257,226.560428552628,179.489654583931,109.659385509491,224.491383543015,236.388392348289,98.1761857061386,174.834303312302
"10417001",1993,64.6576565504074,52.2433864927292,149.488501944542,330.529940285683,224.491383543015,295.459627372742,224.491383543015,122.590916819572,79.6582328701019,110.176646761894,121.039133062363,87.8309606580734
"10417001",1994,69.83026907444,37.7600714254379,53.2779089975357,154.661114468575,388.463200554848,387.428678050041,NA,335.185291557312,186.214050865173,179.696559084892,154.040400965691,185.800241863251
"10417001",1995,93.6242866849899,21.7249726009369,65.2783700532913,175.351564564705,258.113364949226,377.600714254379,292.769868860245,231.215779824257,101.900466723442,130.867096858025,46.5535127162933,8.79344129085541
"10417001",1996,74.58907259655,101.383205471039,182.075960845947,131.69471486187,170.799665543556,137.591493139267,109.866290010452,216.008299003601,111.211169266701,124.246152827263,130.039478854179,70.8647915792465
"10417001",1997,204.318194699287,47.0707739686966,47.4845829706192,253.768370429039,156.109445975304,457.776208376884,362.703590185165,118.763183551788,151.350642453194,207.628666714668,129.522217601776,106.038556742668
"10417001",1998,33.6219814062119,16.655812327385,109.659385509491,106.34891349411,172.868710553169,237.009105851173,215.284133250236,204.214742448807,114.831998033524,55.55385850811,88.0378651590347,54.3124315023422
"10417001",1999,62.4851592903137,95.5898794441223,98.5899947080612,102.003918973923,162.213128753662,250.147541662216,135.005186877251,219.318771018982,168.109907031059,42.6223271980286,47.5880352210999,65.1749178028107
"10417001",2000,70.3475303268433,168.627168283463,148.971240692139,146.902195682526,162.109676503181,496.570802307129,281.493573557854,136.55697063446,128.798051848412,137.074231886864,144.41934167099,65.6921790552139
"10417001",2001,227.491498806953,86.8998904037476,122.590916819572,81.8307301301956,264.320499978065,208.973545970917,387.22177354908,226.250071801186,97.9692812051773,55.864215259552,111.004264765739,11.6901043043137
"10417001",2002,34.1392426586151,81.3134688777923,168.627168283463,267.424067492485,444.43086806488,244.974929138184,212.490922487259,234.94006084156,222.422338533402,271.872514263153,204.318194699287,98.2796379566193
"10417001",2003,83.796322889328,33.1047201538086,21.7249726009369,96.0036884460449,85.6584633979797,219.836032271385,194.800587655067,168.109907031059,161.79931975174,113.176762025833,121.556394314766,80.6927553749084
"10417001",2004,34.6565039110184,13.966053814888,95.7967839450836,251.802777669907,21.5180680999756,279.010719546318,176.282634819031,161.90277200222,114.21128453064,190.869402136803,69.3130078220367,95.693331694603
"10417001",2005,53.6917179994583,2.37940176105499,160.557892745972,82.3479913825989,565.366548876762,283.769523068428,201.731888437271,267.734424243927,89.4861966657639,64.6576565504074,157.764681982994,36.0013831672668
"10417001",2006,125.694484333992,28.9666301345825,114.521641282082,48.2087487239838,58.9677827739716,304.149616413116,303.11509390831,206.3872397089,162.730390006065,124.659961829185,84.3135841417313,152.902426210403
"10417001",2007,7.65546653556824,26.3803238725662,30.4149616413116,57.1056422653198,59.4850440263748,80.3823986234665,36.5186444196701,83.2790616369247,162.937294507027,50.1743414831162,34.2426949090958,8.27618003845215
"10417001",2008,7.24165753364563,27.4148463773727,39.9325686855316,81.2100166273117,331.047201538086,259.251339704514,200.490461431503,227.801855558395,24.7250878648758,61.0368277835846,40.6567344388962,0.967866578033265
"10417001",2009,46.0362514638901,129.315313100815,33.7254336566925,140.488156152725,84.5204886426926,126.522102337837,27.7252031288147,231.422684325218,73.0372888393402,129.625669852257,120.004610557556,98.4865424575806
"10417001",2010,70.3475303268433,105.831652241707,95.693331694603,86.8998904037476,106.245461243629,333.840412301064,198.938677674294,195.524753408432,75.3132383499145,128.798051848412,148.453979439735,62.5886115407944
"11041001",1981,143.205402779579,146.168273181915,78.5160656619072,111.601451821327,351.593954410553,120.490063028336,100.737593679428,139.254908909798,227.153397512436,198.51231695652,96.7870998096466,NA
"11041001",1982,210.363798565865,25.7769725003243,166.51331661129,120.490063028336,190.808853910446,335.989503624916,131.847732903957,263.399178767681,159.10614060545,145.279412061214,32.2952873854637,25.8757348470688
"11041001",1983,287.398429026604,52.6403308148384,126.02075444603,168.587325892925,291.645209936619,186.068261266708,184.488063718796,241.868987177372,213.52419366169,143.797976860046,92.639081246376,113.477936409473
"11041001",1984,93.725467060566,139.649958296776,53.6279542822838,231.498940769196,348.334796967983,240.881363709927,215.005628862858,138.464810135841,235.153147598743,526.600832841873,86.2195287079811,97.4784362368584
"11041001",1985,115.946995078087,190.117517483234,166.809603651524,293.225407484531,585.561953848362,266.85586090374,183.697964944839,294.114268605232,317.125895396709,95.9970010356903,308.632333576679,160.093764072895
"11041001",1986,183.50044025135,105.774473363399,269.226157225609,274.658086296558,331.545198021412,404.43180991888,209.474937445164,141.822729925156,292.632833404064,77.5284421944618,409.666214296341,80.1950255565643
"11041001",1987,113.379174062729,103.700464081764,247.6959656353,232.881613623619,260.436308365345,401.567701863289,395.049386978149,226.36329873848,212.931619581223,166.710841304779,156.538319590092,135.106890346527
"11041001",1988,NA,NA,NA,NA,NA,NA,NA,NA,NA,NA,NA,NA
"11041001",1989,NA,66.17077231884,106.762096830845,323.940497322083,107.650957951546,228.536070366859,247.992252675533,449.763727074623,51.2576579604149,71.5039390430451,137.378424321651,282.9541234231
"11041001",1990,128.094763727665,4.93811733722687,79.6024514760971,272.584077014923,185.179400146008,241.276413096905,279.003629553318,417.27091499567,154.365547961712,312.089015712738,118.712340786934,231.59770311594
"11041001",1991,134.218029225826,51.3564203071594,108.243532032013,97.9722479705811,140.736344110966,183.105390864372,NA,NA,199.697465117455,153.772973881245,94.3180411410332,224.684338843822
"11041001",1992,91.5526954321861,131.353921170235,75.5531952595711,211.845233767033,209.869986832142,221.721468441486,376.284541096687,296.780851967335,235.548196985722,506.552076452732,192.586576151848,130.465060049534
"11041001",1993,NA,NA,NA,NA,NA,NA,NA,NA,NA,NA,NA,NA
"11041001",1994,93.4291800203323,118.712340786934,101.330167759895,NA,528.971129163742,440.677591174126,320.977626919746,170.167523440838,243.152897685051,139.847482990265,142.909115739346,237.622206267357
"11041001",1995,128.489813114643,8.78984886026383,242.165274217606,179.747471075058,419.838736011028,254.609329907417,272.979126401901,139.649958296776,84.0467570796013,59.9487444739342,33.1841485061646,37.8259788031578
"11041001",1996,49.9737474527359,236.832107493401,96.5895751161575,180.636332195759,NA,231.59770311594,159.501189992428,464.676841433048,201.968999092579,117.527192625999,NA,154.069260921478
"11041001",1997,NA,NA,95.7994763422012,341.717719736099,187.648458814621,319.990003452301,457.072140733719,NA,128.884862501621,252.535320625782,282.75659872961,101.330167759895
"11041001",1998,152.58782572031,231.103891382217,167.797227118969,70.6150779223442,200.487563891411,240.486314322948,430.603831806183,270.11501834631,79.9975008630753,186.167023613453,230.313792608261,144.686837980747
"11041001",1999,148.637331850529,77.5284421944618,171.352671601772,82.3677971849442,72.0965131235123,211.055134993076,406.407056853771,269.127394878864,171.352671601772,156.834606630325,51.9489943876266,72.787849550724
"11041001",2000,92.639081246376,239.00487912178,170.562572827816,149.229905930996,82.2690348381996,213.326668968201,209.376175098419,156.044507856369,129.773723622322,195.648208900928,125.230655672073,342.804105550289
"11041001",2001,249.769974916935,154.266785614967,354.260537772655,156.143270203114,299.644960022926,433.961751595497,201.475187358856,122.070260576248,82.5653218784332,42.5665714468956,50.3687968397141,63.8992383437157
"11041001",2002,102.120266533852,3.65420682954788,271.991502934456,360.581327964306,299.644960022926,120.391300681591,190.413804523468,204.141770720959,301.422682264328,492.824110255241,271.102641813755,194.858110126972
"11041001",2003,126.514566179752,64.7880994644165,112.885362329006,69.6274544548988,242.362798911095,481.565202726364,180.932619235992,299.546197676182,167.797227118969,193.771724312782,116.24328211832,53.9242413225174
"11041001",2004,67.7509698667526,22.8141020979881,160.19252641964,186.265785960197,18.7648458814621,428.727347218037,143.995501553535,117.922242012978,259.251160204411,336.582077705383,93.2316553268433,232.980375970364
"11041001",2005,94.2192787942886,7.80222539281845,249.868737263679,226.36329873848,364.630584180832,299.94124706316,97.8734856238365,82.6640842251778,51.3564203071594,138.958621869564,198.709841650009,37.3321670694351
"11041001",2006,270.213780693054,59.0598833532333,236.930869840145,259.251160204411,148.143520116806,260.238783671856,319.397429371834,138.563572482586,57.4796858053207,273.374175788879,98.8611090912819,177.475937099934
"11041001",2007,42.9616208338738,97.9722479705811,122.366547616482,212.240283154011,92.0465071659088,206.413304696083,162.661585088253,69.6274544548988,81.7752231044769,209.474937445164,51.9489943876266,71.5039390430451
"11041001",2008,80.4913125967979,71.8989884300232,61.2326549816132,245.029382273197,221.227656707764,261.325169486046,296.188277886868,344.976877178669,82.5653218784332,82.4665595316887,175.994501898766,24.6905866861343
"11041001",2009,86.4170534014702,200.586326238155,127.304664953709,143.00787808609,272.584077014923,215.795727636814,93.8242294073105,313.570450913906,157.328418364048,248.881113796234,260.930120099068,174.118017310619
"11041001",2010,274.164274562836,201.672712052345,60.0475068206787,123.255408737183,109.231155499458,374.60558120203,312.089015712738,455.294418492317,163.155396821976,170.85885986805,105.478186323166,101.330167759895
"11120001",1981,192.588442890286,112.3184530406,153.892156065345,207.967736371994,696.037056607604,307.883533378959,432.604642453194,326.934013046622,455.822414548159,172.843414484739,196.259629076242,231.284729715228
"11120001",1982,353.723750079274,112.219231792331,228.804198508501,143.771588741899,391.328603173256,291.115142421484,278.414822643042,349.457236403704,343.107076514483,351.540882617354,231.185508466959,155.876581030726
"11120001",1983,277.124946415544,223.049366108894,265.61528161633,295.282434848785,304.609232186079,301.831037234545,419.01133144033,292.60346114552,314.035250771642,222.553259867549,258.570572989225,255.097829299808
"11120001",1984,285.955637511492,310.066400840878,132.361145190954,217.096091212749,437.565704866648,235.253579645991,180.582671849728,125.713321556926,202.609788965464,630.749475246549,174.530175705314,153.991377313614
"11120001",1985,168.180015816092,255.296271796346,260.158112961531,323.163605612397,682.245303098202,305.403002172232,129.483728991151,356.799608775616,541.450351804376,133.551800170183,322.568278122783,198.938602779508
"11120001",1986,211.837365054488,150.518633624196,361.959113685608,409.188427861691,529.246138267279,556.631202789545,461.378804451227,253.113404334426,385.970655766726,117.477957950592,289.527602449179,139.802738811135
"11120001",1987,147.541996176124,96.641495814085,235.848907135606,272.263105250359,274.545193960547,426.949031301856,469.018840567946,202.709010213733,201.518355234504,219.080516178131,180.086565608382,242.000624528289
"11120001",1988,238.230217094064,28.178834508419,NA,NA,NA,530.635235743046,236.841119618297,336.360031632185,156.868793513417,347.869696431398,194.175982862592,399.663188027859
"11120001",1989,291.015921173215,111.028576813102,216.401542474866,NA,171.454317008972,526.467943315744,281.689123835921,524.681960846901,173.537963222623,204.792656427383,142.680155010939,556.1350965482
"11120001",1990,225.331454819083,86.0248222492933,256.685369272113,339.535111576796,537.084616880536,437.168819873571,293.496452379942,459.890485727191,424.36927884686,282.284451325536,273.751423974395,311.852383309722
"11120001",1991,211.539701309681,243.191279507518,218.981294929862,287.146292490721,394.900568110943,253.311846830964,381.604920842886,328.819216763735,NA,166.195590850711,264.623069133639,356.601166279078
"11120001",1992,72.3322899881601,208.463842613339,203.105895206809,NA,250.831315624237,458.501388251424,167.088582085133,293.000346138597,316.118896985292,607.829366896391,157.166457258224,382.001805835962
"11120001",1993,NA,NA,NA,NA,NA,NA,NA,NA,NA,NA,NA,NA
"11120001",1994,211.539701309681,166.096369602442,121.744471626163,282.086008828998,647.319423707485,431.215544977427,425.361491329551,481.917602842927,610.607561847925,172.446529491663,346.778262700439,390.237169442296
"11120001",1995,NA,NA,NA,NA,NA,NA,NA,NA,NA,NA,NA,NA
"11120001",1996,168.378458312631,246.366359452128,301.632594738007,255.494714292884,305.60144466877,269.881795291901,181.277220587611,679.963214388013,274.644415208817,308.87574586165,406.211790413618,169.56911329186
"11120001",1997,317.111109467983,126.903976536155,74.7135999466181,465.645318126798,174.430954457045,364.340423644066,475.369000457168,448.480042176247,120.553816646934,334.574049163341,429.330341260314,171.65275950551
"11120001",1998,214.317896261215,35.521206880331,132.956472680569,86.7193709871769,285.06264627707,299.747391020894,508.211233634234,332.986509191036,175.720830684543,312.844595792413,160.738422195911,184.65074302876
"11120001",1999,57.2506602512598,191.199345414519,118.271727936745,148.534208658814,253.70873182404,281.193017594576,489.259975214839,399.960851772666,266.309830354214,167.783130823016,122.736684108853,200.426921503544
"11120001",2000,277.422610160351,202.212903972387,NA,NA,181.674105580688,340.725766556025,233.070712184072,284.665761283994,263.928520395756,213.623347523332,152.006952348232,415.637808999181
"11120001",2001,329.31532300508,185.642955511451,350.151785141587,167.187803333402,509.401888613462,418.713667695522,361.661449940801,357.593378761768,155.975802278996,88.6045747042894,235.749685887337,130.972047715187
"11120001",2002,139.901960059404,141.787163776517,293.595673628211,427.345916294932,308.677303365111,167.38624582994,290.222151187062,341.916421535254,323.560490605474,601.181543262362,368.309273574829,270.675565278053
"11120001",2003,250.235988134623,111.524683054447,129.979835232496,86.6201497389078,190.802460421443,643.54901627326,179.590459367037,321.079959398746,328.22388927412,388.153523228645,281.193017594576,257.677581754804
"11120001",2004,147.442774927855,26.7897370326519,225.72833981216,372.47656600213,42.764358003974,532.222775715351,209.852940089107,176.713043167233,309.570294599533,361.959113685608,146.252119948626,365.927963616371
"11120001",2005,135.337782639027,14.3870809990168,303.517798455119,287.047071242452,520.911553412676,423.377066364169,183.5593092978,112.913780530214,96.641495814085,216.103878730059,270.973229022861,54.1748015549183
"11120001",2006,311.554719564915,68.9587675470114,318.301764447212,314.630578261256,247.953899424434,342.710191521406,424.766163839936,198.740160282969,170.858989519358,354.319077568889,156.868793513417,264.226184140563
"11120001",2007,74.4159362018108,133.254136425376,145.160686217666,312.943817040682,136.826101363063,323.659711853743,231.08628721869,109.04415184772,116.58496671617,274.148308967471,68.7603250504732,132.758030184031
"11120001",2008,132.8572514323,102.396328213692,79.8731048566103,351.739325113893,348.465023921013,449.472254658937,568.934637574911,440.54234231472,106.563620640993,175.026281946659,353.922192575812,54.4724652997255
"11120001",2009,136.131552625179,275.835070188046,220.469613653898,255.693156789422,340.13043906641,344.793837735057,217.691418702364,559.607840237617,209.952161337376,332.788066694498,443.717422259331,279.010150132656
"11120001",2010,373.270335988283,291.611248662829,144.565358728051,178.300583139539,204.296550186038,529.345359515548,460.485813216805,632.138572722316,235.749685887337,276.529618925929,250.335209382892,227.712764777541
"11140001",1981,21.1018096920848,35.1696828201413,10.0484808057547,13.5654490877688,200.467192074805,27.1308981755376,28.1357462561131,15.072721208632,49.2375559481978,11.0533288863301,3.0145442417264,3.0145442417264
"11140001",1982,26.1260500949621,0.297933964218396,29.1405943366885,17.0824173697829,27.1308981755376,76.3684541237354,49.2375559481978,40.1939232230186,16.0775692892075,27.3318677916527,4.22036193841696,2.00969616115093
"11140001",1983,8.03878464460373,12.0581769669056,10.0484808057547,2.00969616115093,8.03878464460373,13.0630250474811,96.4654157352447,24.1163539338112,38.1842270618677,2.00969616115093,12.0581769669056,14.5702971683443
"11140001",1984,48.7351319079101,19.5945375712216,46.7254357467592,26.1260500949621,95.4605676546693,105.308078844309,18.0872654503584,7.03393656402826,27.3318677916527,31.1502904978394,2.51212020143867,31.6527145381272
"11140001",1985,8.44072387683392,13.6659338958263,1.40678731280565,36.1745309007168,41.1987713035941,37.4808334054649,1.00484808057547,58.7836127136648,93.4508714935183,36.1745309007168,26.6284741352499,1.00484808057547
"11140001",1986,6.0290884834528,7.03393656402826,68.8320935194194,44.2133155453205,65.817549277693,99.4799599769711,77.3733022043109,13.2639946635962,49.1370711401403,21.503748924315,21.9056881565452,2.31115058532357
"11140001",1987,0.82981163080231,12.0581769669056,41.1987713035941,16.2785389053226,46.7254357467592,37.0788941732347,129.122978353947,32.1551385784149,42.2036193841696,7.03393656402826,14.5702971683443,31.3512601139545
"11140001",1988,NA,NA,NA,NA,NA,NA,NA,NA,NA,NA,NA,NA
"11140001",1989,7.73733022043109,7.03393656402826,23.9153843176961,85.5125716569722,0.60290884834528,47.2278597870469,58.281188673377,79.4834831735194,0.385906281421602,6.33054290762544,8.8426631090641,84.8091780005693
"11140001",1990,1.5072721208632,4.62230117064714,64.5112467729449,14.2688427441716,76.9713629720807,46.2230117064714,34.1648347395658,169.819325617254,65.5160948535204,0.640255989909026,32.1551385784149,45.218163625896
"11140001",1991,82.3975426071882,NA,42.2036193841696,10.0484808057547,79.3829983654618,74.3587579625845,77.3733022043109,NA,188.911439148188,105.509048460424,72.3490618014336,NA
"11140001",1992,NA,NA,13.3644794716537,23.6139298935235,12.0581769669056,3.51696828201413,0.423231413392782,3.0145442417264,12.0581769669056,23.6139298935235,NA,17.5848414100707
"11140001",1993,NA,NA,NA,NA,NA,NA,NA,NA,NA,NA,NA,NA
"11140001",1994,14.0678731280565,NA,NA,25.1212020143867,115.055105225891,21.6042337323725,11.5557529266179,29.1405943366885,10.0484808057547,5.52666444316506,13.5654490877688,NA
"11140001",1995,NA,NA,NA,NA,NA,NA,NA,NA,NA,NA,NA,NA
"11140001",1996,NA,NA,NA,NA,NA,NA,NA,NA,NA,NA,NA,NA
"11140001",1997,NA,9.0436327251792,0.907311065494652,27.1308981755376,21.1018096920848,NA,NA,0.435120431249092,14.0678731280565,0.141296200870383,39.1890751424432,15.072721208632
"11140001",1998,43.7108915050328,48.7351319079101,56.9748861686289,5.02424040287733,39.0885903343856,29.8439879930913,79.1820287493467,139.573398391932,20.0969616115093,3.31599866589904,0.933598065473871,0.296886166169721
"11140001",1999,NA,2.21066577726603,0.862125379489176,8.74217830100656,4.5218163625896,106.011472500712,30.4468968414366,0.438609095462341,7.03393656402826,3.81842270618677,3.81842270618677,0.0286827094011422
"11140001",2000,0.539723870950816,0.698826581439138,NA,NA,3.0145442417264,32.6575626187026,20.8003552679121,NA,0.285060463816863,23.2119906612933,10.0484808057547,5.52666444316506
"11140001",2001,2.81357462561131,0.416330803303338,95.4605676546693,0.409415234316153,90.7377816759646,0.0903800979956416,0.250871979069798,10.9528440782726,31.1502904978394,16.6804781375527,33.9638651234508,14.1683579361141
"11140001",2002,30.9493208817244,36.576470132947,60.8937936828733,2.51212020143867,5.42617963510752,NA,0.501596234286738,0.343593355359131,0.55982481901569,4.5218163625896,0.238787660073765,0.943663412891878
"11140001",2003,17.0824173697829,NA,2.21066577726603,5.02424040287733,0.287662359340775,0.867389157733666,0.0781744602754187,0.633661487652553,0.559766533873844,NA,NA,0.686240514229244
"11140001",2004,0.407858528661241,0.860663404005598,7.536360604316,42.9070130405724,7.63684541237354,2.81357462561131,13.0630250474811,26.7289589433074,18.0872654503584,28.1357462561131,12.1586617749631,35.471137244314
"11140001",2005,0.933550275517888,0.556105195438778,15.072721208632,30.145442417264,21.1018096920848,0.483220170568234,0.964510022633701,0.533233724658315,9.0436327251792,0.10435728139795,6.53151252374053,4.01939232230187
"11140001",2006,30.145442417264,NA,NA,19.0921135309339,10.0484808057547,24.9202323982716,87.0198437778354,35.8730764765441,13.0630250474811,25.1212020143867,17.7858110261858,NA
"11140001",2007,3.31599866589904,5.72763405928016,7.3353909882009,17.5848414100707,14.2688427441716,15.4746604408622,13.0630250474811,18.0872654503584,21.7047185404301,20.4989008437395,3.21551385784149,5.52666444316506
"11140001",2008,8.03878464460373,1.60775692892075,23.2119906612933,23.5134450854659,63.0039746520817,47.0268901709318,23.6139298935235,39.6914991827309,2.61260500949621,8.34023906877637,14.0678731280565,6.63199733179808
"11140001",2009,10.1489656138122,44.2133155453205,33.1599866589904,52.9554938463271,52.754524230212,48.2327078676224,48.2327078676224,52.9554938463271,8.8426631090641,13.8669035119414,33.2604714670479,48.1322230595648
"11140001",2010,49.2375559481978,30.7483512656093,12.0581769669056,27.4323525997102,57.175855784744,142.186003401428,95.7620220788419,41.9021649599969,56.2714925122261,34.566773971796,22.7095666210055,8.64169349294901
"11144002",1981,NA,51.0361195355654,90.9206460230052,210.976084694266,615.849237702787,235.087637230754,312.445534951985,225.041157007217,301.896730717272,120.557762682438,144.669315218925,178.325023967773
"11144002",1982,240.110877342522,113.525226525962,244.631793443114,99.7615486197174,259.601048976183,229.260678701103,126.786580421031,181.037573628128,204.345407746732,275.2735581249,178.525953572243,98.9578302018344
"11144002",1983,129.39866527915,224.33790339157,154.213471431285,217.204902432859,253.070836830884,218.611409664154,304.006491564214,156.825556289405,196.710082776845,150.295344144106,88.2080963626504,221.323959324509
"11144002",1984,250.961075983942,255.080132875592,76.7551089078188,242.3211029917,274.670769311488,163.958557248116,151.199527364224,87.2034483402967,145.071174427867,459.72693502903,137.837708666921,117.342889010906
"11144002",1985,145.372568834573,193.696138709784,182.343616057187,241.718314178288,575.46238720417,315.559943821281,129.499130081385,269.647529199719,383.474150132388,127.590298838913,282.20562947914,131.910285335034
"11144002",1986,237.900651693344,125.2796083875,324.90317042917,339.771961160004,NA,431.797720007598,411.302900351584,149.089766517282,258.7973305583,64.7997974418104,230.265326723456,115.233128163964
"11144002",1987,113.324296921492,74.5448832586408,152.606034595519,219.314663279802,188.070109784603,344.393342062831,366.796992961317,157.327880300581,137.536314260215,125.078678783029,145.673963241279,193.696138709784
"11144002",1988,178.124094363302,32.3496663197875,NA,NA,NA,408.088026680052,99.8620134219527,234.786242824048,86.1988003179431,284.415855128318,167.474825326353,288.836306426674
"11144002",1989,231.26997474581,72.6360520161688,151.802316177636,400.151307303458,134.622834995389,346.603567712009,192.490561082959,295.969307385385,79.9699825793505,116.840564999729,64.7997974418104,435.816312097013
"11144002",1990,181.740827243775,61.5849237702787,207.359351813793,166.67110690847,307.221365235746,385.985770188272,257.189893722534,307.522759642452,292.151644900441,133.819116577506,167.876684535295,199.322167634964
"11144002",1991,136.230271831155,230.365791525692,177.621770352125,252.367583215237,359.864921607077,185.558489728719,325.807353649288,186.964996960014,358.157019969076,109.707564041018,195.705434754491,247.042948696762
"11144002",1992,NA,NA,183.649658486247,255.582456886768,217.6067616418,344.795201271772,117.141959406435,225.64394582063,254.67827366665,514.580717049539,112.520578503609,278.789826203138
"11144002",1993,NA,NA,NA,NA,NA,NA,NA,NA,NA,NA,NA,NA
"11144002",1994,202.23564689979,121.662875507027,107.49733839184,266.332190725952,589.426994714886,366.796992961317,389.50203826651,315.35901421681,288.434447217733,126.887045223266,242.120173387229,152.304640188813
"11144002",1995,122.767988331616,60.2788813412189,153.510217815638,272.962867673486,308.125548455864,338.365453928709,425.568902269006,NA,NA,31.3450182974339,23.3078341186047,39.5831320807338
"11144002",1996,90.016462802887,207.459816616029,220.620705708861,392.817376740277,NA,144.367920812219,77.9606865346432,255.381527282298,58.0686556920409,95.2406325191259,213.789099156857,89.7150683961809
"11144002",1997,NA,NA,NA,NA,NA,NA,NA,NA,NA,NA,NA,NA
"11144002",1998,7.7357897721231,0.175030696256152,34.7608215734363,44.9077665992081,186.764067355543,205.450520571321,448.073017969728,296.873490605503,124.777284376323,94.2359844967723,56.9635428674519,0.768008863968732
"11144002",1999,65.0007270462811,38.4780192561448,73.5402352362871,90.1169276051223,28.2306094281375,162.250655610114,144.970709625632,168.278543744236,115.53452257067,121.763340309262,84.4908986799419,39.6835968829691
"11144002",2000,167.876684535295,128.394017256796,167.474825326353,140.44979352504,117.744748219848,257.089428920299,133.115862961859,209.870971869677,97.7522525750101,96.7476045526564,96.7476045526564,164.661810863763
"11144002",2001,201.934252493083,105.99036635831,199.221702832729,31.6464127041399,200.92960447073,169.28319176659,204.445872548968,139.445145502687,78.7644049525261,39.6835968829691,94.3364492990077,53.949598800391
"11144002",2002,40.9896393120289,141.454441547394,212.985380738974,355.745864715427,304.609280377626,93.9345900900662,144.367920812219,190.179870631546,153.309288211167,290.644672866911,243.526680618525,38.6789488606155
"11144002",2003,333.945002630353,97.5513229705393,50.7347251288593,83.3857858553529,142.559554371983,352.631455846131,164.963205270469,271.656825244427,180.937108825892,288.735841624439,159.839500356466,113.826620932668
"11144002",2004,92.5280828587711,19.4901716336608,254.075484853238,414.21637961641,54.5523876138031,716.615434344858,280.296798236668,140.349328722805,204.244942944497,283.210277501494,83.1848562508821,244.93318784982
"11144002",2005,74.6453480608761,0.442801672458893,206.756563000381,282.406559083611,325.204564835876,274.771234113723,129.39866527915,246.741554290056,49.4286826997995,246.44015988335,217.40583203733,22.2027212940156
"11144002",2006,225.342551413924,80.4723065905273,216.803043223917,218.611409664154,172.799459844828,114.128015339375,278.689361400902,139.14375109598,98.7569005973637,221.826283335686,57.9681908898056,212.884915936738
"11144002",2007,38.3775544539094,65.2016566507518,113.424761723727,200.125886052847,92.9299420677125,235.790890846401,195.102645941079,75.0472072698176,83.3857858553529,190.581729840487,47.3189218528569,82.9839266464114
"11144002",2008,100.464802235365,78.2620809413493,34.0575679577887,277.785178180784,214.391887970269,231.671833954751,316.464127041399,291.548856087029,54.0500636026263,99.4601542130113,141.7558359541,29.5366518571973
"11144002",2009,92.226688452065,239.407623726875,141.554906349629,131.608890928328,234.987172428519,218.209550455213,103.277816697955,385.483446177095,120.557762682438,231.26997474581,243.426215816289,176.617122329772
"11144002",2010,216.501648817211,132.513074148446,42.396146543324,115.032198559493,143.06187838316,389.401573464274,273.96751569584,420.847056563944,141.655371151865,200.025421250612,115.936381779611,50.0314715132117
"11147003",1981,204.227493675649,162.984471838474,200.252262655199,200.749166532755,659.391445517242,267.334286125302,384.603601228595,222.116033267677,284.229017962217,261.371439594626,213.668667349219,168.94731836915
"11147003",1982,291.48381457454,138.834943389237,259.085681757867,170.239268450797,NA,141.915747430086,310.167400370657,186.438334859133,353.298656942546,236.824388043344,131.97766987896,86.0637515927553
"11147003",1983,80.7965704906583,143.307078287244,141.319462777019,326.763989881039,278.96183686012,263.060912778318,375.659331432581,284.030256411195,330.242317023933,297.148518778682,290.589387594938,311.856873554349
"11147003",1984,321.198666452408,391.162732412338,91.6290750213861,256.601162370086,423.063961351454,239.905192084193,186.338954083622,168.649176042616,262.166485798717,511.413470780969,165.071468124211,163.083852613986
"11147003",1985,196.277031634748,285.322206492841,261.570201145649,398.914432902217,660.087110945821,284.030256411195,180.574869103968,360.950976656914,471.164256698906,120.151357593119,339.484729146481,206.811393838942
"11147003",1986,210.886005634904,230.364637635112,398.119386698127,451.486863147676,482.493665107191,538.643803271055,431.610708045423,237.3212919209,345.447575677156,158.611717715979,314.937677595198,141.319462777019
"11147003",1987,218.836467675805,163.978279593587,236.228103390276,313.049442860484,411.038887514591,504.556197270691,500.183443148196,235.929961063743,320.701762574852,247.656892574072,210.886005634904,256.303020043552
"11147003",1988,205.221301430762,14.0126893470883,NA,NA,NA,740.386777558923,293.968333962321,243.184757676065,130.685719797313,373.870477473378,313.844489064574,277.172982900918
"11147003",1989,286.514775798976,68.9702582048178,404.976660208404,446.020920494556,172.922549389601,539.736991801679,312.353777431905,504.357435719669,164.177041144609,225.395598859549,NA,320.403620248318
"11147003",1990,213.072382696152,90.6352672662735,153.145775062859,141.816366654575,391.26211318785,490.543507923603,343.956864044487,344.15562559551,318.515385513604,259.383824084401,250.63831583941,228.377022124887
"11147003",1991,247.458131023049,NA,173.220691716135,223.209221798301,346.54076420778,263.855958982408,358.963361146688,288.800533635736,NA,161.89128330785,NA,244.476707757711
"11147003",1992,NA,NA,NA,NA,NA,NA,NA,NA,NA,NA,NA,NA
"11147003",1993,NA,NA,NA,NA,NA,NA,NA,NA,NA,NA,NA,NA
"11147003",1994,199.457216451108,163.083852613986,74.2374393069148,301.123749799132,654.024883639634,530.196437352598,452.778813229322,437.275412249565,534.27104914856,186.637096410155,358.665218820155,210.389101757348
"11147003",1995,170.338649226308,125.021015593171,299.633038166463,341.969248534262,474.741964617312,525.823683230102,521.74907143414,306.390930901229,231.954730043292,226.091264288127,169.642983797729,NA
"11147003",1996,147.282309307694,85.6662284907103,287.508583554089,516.9787942096,354.789368575215,280.055025390744,228.476402900398,609.402915435076,218.538325349271,351.509802983344,435.784700616896,92.9210251030326
"11147003",1997,247.458131023049,NA,165.270229675233,446.219682045579,293.968333962321,389.075736126602,536.854949311852,499.189635393083,248.054415676117,440.753739392459,272.601467227399,70.6597313885093
"11147003",1998,100.871487143934,78.2126703273654,234.836772533119,65.3925502864122,NA,323.086901187122,404.181614004314,265.5454321661,69.3677813068628,263.657197431386,NA,101.36839102149
"11147003",1999,61.0197961639166,130.685719797313,149.26992481792,158.214194613934,NA,260.675774166048,375.858092983603,419.685014984071,310.068019595146,186.935238736689,190.11542355305,144.102124491334
"11147003",2000,NA,NA,NA,NA,NA,NA,NA,NA,NA,NA,NA,NA
"11147003",2001,272.203944125354,286.316014247954,354.491226248682,171.034314654887,390.168924657226,231.954730043292,357.671411065042,408.156845024765,174.810784124315,24.9445746533275,183.655673144817,69.6659236333966
"11147003",2002,129.592531266689,162.388187185407,285.322206492841,221.122225512564,373.274192820311,125.915442572773,256.402400819063,421.275107392251,385.199885881662,420.281299637139,358.466457269132,181.568676859081
"11147003",2003,213.171763471663,105.741145143986,145.692216899514,113.890368735909,270.812613268197,456.356521147728,163.580756491542,338.292159840345,345.74571800369,376.255616085649,253.719119880259,327.559036085129
"11147003",2004,130.387577470779,22.3606744900346,226.29002583915,430.020615637243,28.522282571733,638.521482659876,372.379765840709,215.755663634956,281.148213921368,342.366771636307,167.059083634436,353.795560820103
"11147003",2005,33.8888444493413,0.316416218161028,317.521577758491,246.961227145493,470.369210494816,417.101114820778,150.8600172261,231.060303063691,79.206478082478,NA,274.589082737625,49.8891493066549
"11147003",2006,301.819415227711,73.541773878336,312.055635105371,293.372049309254,242.886615349531,145.791597675025,346.54076420778,186.835857961178,169.046699144661,311.061827350259,125.418538695216,238.315099676013
"11147003",2007,78.808954980433,134.859712368786,141.716985879064,281.843879349947,132.77271608305,293.670191635787,235.035534084141,105.741145143986,119.952596042097,241.296522941351,59.7278460822701,112.896560980797
"11147003",2008,128.499342736065,103.952291184783,88.7470325315595,368.305154044747,319.409812493205,378.143850820363,471.561779800951,423.859007555544,116.573649674714,119.157549838007,279.955644615233,73.6411546538472
"11147003",2009,NA,NA,NA,NA,NA,NA,NA,NA,NA,NA,NA,NA
"11147003",2010,233.644203226984,197.867124042928,73.8399162048697,151.953205756724,200.947928083777,512.208516985059,422.070153596342,622.620558578074,224.898694981992,258.091874002755,184.550100124419,202.935543594003
"11304001",1981,NA,NA,NA,NA,NA,NA,NA,NA,NA,NA,NA,NA
"11304001",1982,NA,NA,NA,NA,NA,NA,NA,NA,NA,NA,NA,NA
"11304001",1983,NA,NA,NA,NA,NA,NA,NA,NA,NA,NA,NA,NA
"11304001",1984,NA,NA,NA,NA,NA,NA,NA,NA,NA,NA,NA,NA
"11304001",1985,NA,NA,NA,NA,NA,NA,NA,NA,NA,NA,NA,NA
"11304001",1986,115.417623084068,31.4775335683823,NA,NA,223.063015657425,286.698152963877,217.039537011623,105.216570538759,131.739307156563,35.1693430609703,81.2198088369369,73.2532725634575
"11304001",1987,79.0824454464912,16.9046013607979,96.1813525700569,135.333963767767,114.446094270229,188.573742766142,196.151667514086,163.896910894632,158.164890892982,43.5244908599853,67.9098640873432,118.040750881433
"11304001",1988,NA,NA,NA,NA,NA,NA,NA,NA,NA,NA,NA,NA
"11304001",1989,77.5279993443489,44.3017139110565,86.5632173130512,199.74632412529,74.2248013772965,255.997842446566,138.054244446516,260.369722108841,24.6768318715095,51.9767915403843,36.0437189934254,341.978142471314
"11304001",1990,81.8998790066242,18.2647417001724,120.663878678799,133.779517665625,349.944678744793,234.041291253805,241.619216001749,235.692890237331,177.595467169762,151.267036314726,137.859938683748,84.8144654481411
"11304001",1991,91.1294027380943,72.1845908682346,76.9450820560455,117.846445118666,243.367967866659,97.7357986721992,161.565241741419,153.015788179636,307.391716698647,54.0170020494461,154.764540044546,141.746053939104
"11304001",1992,27.980029838562,56.4458240840435,130.573472579956,134.070976309776,77.430846462965,165.645662759542,76.5564705305099,131.739307156563,173.903657677174,NA,45.3703956062794,164.382675301552
"11304001",1993,NA,NA,NA,NA,NA,NA,NA,NA,NA,NA,NA,NA
"11304001",1994,127.17312173152,NA,45.0789369621277,169.240319370747,268.724869907856,240.259075662374,61.9835383229256,237.830253627777,270.765080416918,32.0604508566856,150.586966145039,60.4290922207832
"11304001",1995,65.5781949341297,45.759007131815,145.63216919446,227.629201082468,260.466874990225,227.046283794165,324.490623822212,85.9803000247478,62.5664556112289,115.806234609604,29.1458644151688,18.9448118698597
"11304001",1996,9.71528813838959,87.8262047710419,222.771557013273,233.944138372421,189.448118698597,119.400891220808,141.843206820488,422.226422494412,74.4191071400642,83.4543251087666,196.345973276854,134.65389359808
"11304001",1997,163.994063776016,78.8881396837235,36.3351776375771,242.202133290052,64.8981247644424,122.898394950628,311.95790212369,281.160438724995,43.5244908599853,137.568480039597,83.8429366343021,37.306706451416
"11304001",1998,120.663878678799,0.971528813838959,101.038996639252,30.3116989917755,137.179868514061,116.291999016523,514.230201164961,79.0824454464912,6.12063152718544,138.540008853436,51.0052627265453,134.265282072544
"11304001",1999,52.8511674728394,70.2415332405567,55.085683744669,98.6101746046543,114.154635626078,219.95412345314,141.940359701872,150.295507500887,121.829713255405,55.5714481515884,82.8714078204632,89.8664152801037
"11304001",2000,NA,116.583457660675,NA,221.800028199434,74.2248013772965,290.389962456465,117.45783359313,97.5414929094315,102.010525453091,116.291999016523,71.4073678171635,198.483336667299
"11304001",2001,210.335988196135,124.549993934155,226.949130912781,55.7657539143562,216.165161079168,156.318986146688,127.464580375671,175.5552566607,65.1895834085941,38.278235265255,104.925111894608,40.5127515370846
"11304001",2002,96.5699640955925,125.132911222458,192.557010902882,196.443126158237,168.07448479414,47.604911878109,140.094454955578,241.619216001749,216.068008197784,319.924438397169,191.002564800739,132.41937732625
"11304001",2003,167.783026149988,48.0906762850285,22.5394684810638,38.5696939094067,127.561733257055,382.102282482863,52.5597088286877,198.386183785915,162.34246479249,219.759817690372,127.075968850136,124.355688171387
"11304001",2004,45.8561600131989,0.582917288303375,107.742545454741,269.599245840311,17.4875186491013,315.066794327974,197.220349209309,29.3401701779366,188.76804852891,172.737823100567,122.70408918786,54.5027664563656
"11304001",2005,55.5714481515884,9.61813525700569,250.071516682148,157.873432248831,203.340980736494,131.933612919331,54.4056135749817,64.2180545947552,51.1024156079292,60.4290922207832,199.552018362522,5.63486712026596
"11304001",2006,61.4006210346222,44.8846311993599,131.739307156563,88.2148162965775,131.545001393795,115.514775965452,273.679666858435,65.3838891713619,47.7992176408768,93.4610718913078,108.519768505812,232.195386507511
"11304001",2007,3.88611525535583,22.9280800065994,14.96154373312,88.5062749407291,31.2832278056145,92.6838488402367,45.0789369621277,46.63338306427,112.017272235632,160.010795639276,39.7355284860134,39.7355284860134
"11304001",2008,96.6671169769764,61.0120095090866,64.8981247644424,117.652139355898,175.749562423468,227.532048201084,126.784510205984,135.722575293303,22.6366213624477,28.4657942454815,186.144920731544,33.2262854332924
"11304001",2009,63.3436786623001,148.352449873209,92.2952373147011,192.751316665649,230.349481761217,50.2280396754742,65.4810420527458,113.47456545639,114.834705795765,156.027527502537,149.12967292428,136.791256988525
"11304001",2010,160.982324453115,97.2500342652798,32.0604508566856,38.5696939094067,152.530023772717,440.296858431816,100.456079350948,215.096479383945,60.623397983551,150.87842478919,186.144920731544,33.2262854332924
"11307002",1981,21.0735596477985,36.7562086880207,25.484304690361,30.8752152979374,250.922384643555,81.3537418961525,96.0562253713608,63.7107617259026,86.2545697212219,30.3851325154304,48.0281126856804,29.8950497329235
"11307002",1982,55.8694372057915,17.6429801702499,97.0363909363747,49.4983610332012,96.0562253713608,90.6653147637844,35.2859603404999,135.262847971916,80.3735763311386,82.3339074611664,33.3256292104721,11.7619867801666
"11307002",1983,19.1132285177708,51.9487749457359,53.4190232932568,35.2859603404999,66.1611756384373,62.2405133783817,111.738874411583,48.5181954681873,76.4529140710831,53.9091060757637,35.7760431230068,165.15789770484
"11307002",1984,82.3339074611664,65.6710928559303,21.5636424303055,77.9231624186039,119.9722651577,64.6909272909164,79.8834935486317,28.3267848289013,57.4377021098137,102.819367769957,39.2066226005554,32.3454636454582
"11307002",1985,24.9942219078541,39.6967053830624,16.1727318227291,85.1763875997067,199.561709036827,131.636235381365,48.3221623551846,92.821679006815,141.535907588005,59.8881160223484,59.9861325788498,37.7363742530346
"11307002",1986,61.6524140393734,29.6990166199207,87.7248180687427,124.481026756763,115.953586341143,131.538218824863,138.889460562468,31.1692649674416,80.3735763311386,30.2871159589291,54.6932385277748,30.4831490719318
"11307002",1987,46.7538974511623,12.2520695626736,53.9091060757637,63.6127451694012,98.2125896143913,93.6058114588261,138.595410892963,63.0246458303928,41.6570365130901,27.9347186028957,59.0059670138359,38.2264570355415
"11307002",1988,24.6021556818485,17.6429801702499,NA,NA,NA,214.166175955534,29.012900724411,120.168298270702,13.7223179101944,67.2393577599525,26.9545530378819,78.8053114271164
"11307002",1989,51.9487749457359,24.0140563428402,48.1261292421818,136.341030093431,29.502983506918,93.3117617893219,84.4902717041969,142.712106266022,19.3092616307735,19.1132285177708,22.0537252128124,183.585010327101
"11307002",1990,49.0082782506943,25.974387472868,83.2160564696789,80.7656425571442,186.819556691647,127.911606234312,83.5101061391831,152.611778472662,90.6653147637844,84.9803544867039,76.4529140710831,44.1074504256248
"11307002",1991,47.3419967901707,50.968609380722,69.1016723334789,74.7866326105595,117.031768462658,73.5124173760414,168.098394399881,106.838046586514,168.784510295391,39.9907550525665,66.4552253079414,81.8438246786594
"11307002",1992,NA,NA,NA,NA,NA,NA,NA,NA,NA,NA,NA,NA
"11307002",1993,NA,NA,NA,NA,NA,NA,NA,NA,NA,NA,NA,NA
"11307002",1994,NA,NA,NA,NA,NA,NA,NA,NA,NA,NA,NA,NA
"11307002",1995,9.80165565013885,NA,45.5776987731457,NA,57.8297683358192,112.719039976597,12.7421523451805,103.897549891472,108.798377716541,31.3652980804443,0.476820595732467,54.8892716407776
"11307002",1996,4.90082782506943,NA,3.92066226005554,16.9568642747402,NA,49.4983610332012,37.7363742530346,70.8659703505039,9.80165565013885,111.248791629076,229.260725656748,23.5239735603333
"11307002",1997,NA,NA,NA,NA,NA,NA,NA,NA,NA,NA,NA,NA
"11307002",1998,34.8938941144943,4.41074504256248,78.5112617576122,38.3244735920429,76.6489471840859,52.9289405107498,295.911984077692,62.3385299348831,17.152897387743,NA,NA,NA
"11307002",1999,NA,76.6489471840859,60.5742319178581,35.0899272274971,42.637202078104,39.6967053830624,119.28614926219,39.9907550525665,17.152897387743,47.3419967901707,19.1132285177708,49.3023279201984
"11307002",2000,2.05834768652916,22.5438079953194,NA,NA,42.8332351911068,101.349119422436,38.5205067050457,63.6127451694012,47.3419967901707,38.3244735920429,NA,126.931440669298
"11307002",2001,135.752930754423,54.8892716407776,152.415745359659,33.6196788799763,123.206811522245,65.3770431864262,97.8205233883858,75.0806822800636,9.80165565013885,40.3828212785721,36.4621590185165,25.6803378033638
"11307002",2002,78.0211789751053,52.2428246152401,163.981699026823,54.0071226322651,80.8636591136456,1.96033113002777,295.911984077692,70.8659703505039,57.3396855533123,68.121506768465,23.8180232298374,54.3011723017693
"11307002",2003,87.9208511817455,23.9160397863388,11.7619867801666,40.7748875045776,75.8648147320747,35.3839768970013,132.812434059381,218.282871328592,15.6826490402222,69.0036557769775,33.815711992979,13.9183510231972
"11307002",2004,13.4282682406902,3.4305794775486,16.4667814922333,120.364331383705,43.8134007561207,169.862692416906,73.3163842630386,42.7352186346054,NA,109.974576394558,NA,NA
"11307002",2005,NA,NA,168.490460625887,129.283838025332,166.040046713352,83.6081226956844,37.2462914705277,49.0082782506943,53.3210067367554,38.7165398180485,108.896394273043,0.980165565013886
"11307002",2006,45.2836491036415,37.5403411400318,NA,58.7119173443317,109.680526725054,90.6653147637844,197.699394463301,49.1062948071957,54.5952219712734,76.4529140710831,90.9593644332886,155.356242054701
"11307002",2007,NA,NA,15.7806655967236,59.0059670138359,25.974387472868,63.0246458303928,39.4026557135582,44.0094338691235,51.2626590502262,136.92912943244,41.8530696260929,45.3816656601429
"11307002",2008,73.3163842630386,49.1062948071957,36.5601755750179,105.8578810215,109.288460499048,191.916417629719,88.6069670772552,73.2183677065373,30.5811656284332,21.4656258738041,181.330629527569,22.2497583258152
"11307002",2009,67.1413412034512,124.775076426268,81.2557253396511,119.188132705688,192.01443418622,34.5998444449902,33.5216623234749,60.280182248354,39.5006722700596,95.4681260323525,108.70036116004,88.803000190258
"11307002",2010,119.188132705688,66.7492749774456,21.6616589868069,31.2672815239429,78.2172120881081,305.321573501825,80.6676260006428,143.202189048529,52.4388577282429,87.3327518427372,149.965331447124,32.1494305324554
"11318002",1981,114.16617916584,145.035146064758,102.406572728157,118.576031579971,464.504454288483,232.742210745811,296.440078949928,213.632850284576,324.369144239426,107.306408743858,206.283096261024,207.753047065735
"11318002",1982,172.474227752686,155.814785299301,149.93498208046,40.6686389303207,304.867796896935,190.407627570152,126.513765925407,251.067597444534,146.897083750725,166.300434372902,151.012946003914,163.066542602539
"11318002",1983,178.550024412155,264.493148127556,168.750352380753,198.345361915588,214.612817487717,233.134197627068,399.728622160912,171.886247430801,202.853211050034,171.494260549545,162.576559000969,264.983131729126
"11318002",1984,281.15259058094,239.601981167793,74.0855205574036,244.109830302238,259.103328510284,150.032978800774,76.8294287261963,90.0589859685898,68.4997074995041,358.178012747765,117.792057817459,116.028116851807
"11318002",1985,123.475867595673,156.794752502441,147.877050953865,257.143394104004,438.63332012558,177.962044090271,133.275539627075,262.239223560333,367.879688058853,63.0118911619186,177.864047369957,145.917116547585
"11318002",1986,205.793112659454,147.387067352295,235.486118914604,331.424908102035,274.684807040215,354.944120977402,324.46714095974,129.061680653572,202.167234007835,75.2614812011719,172.474227752686,125.239808561325
"11318002",1987,128.669693772316,101.916589126587,123.965851197243,135.33347075367,202.657217609406,273.018862794876,294.480144543648,93.8808580608368,114.754159487724,128.473700331688,148.465031275749,178.648021132469
"11318002",1988,187.075739079475,34.5928422708511,NA,NA,NA,431.969543144226,123.769857756615,212.946873242378,88.0990515623093,322.703199994087,167.574391736984,312.707534522057
"11318002",1989,168.260368779182,83.9831893091202,142.977214938164,430.205602178574,124.651828239441,329.366976975441,144.83915262413,395.710756628037,116.224110292435,122.985883994102,136.31343795681,342.204547336578
"11318002",1990,NA,NA,NA,NA,NA,NA,NA,NA,NA,NA,NA,NA
"11318002",1991,NA,NA,NA,NA,NA,NA,NA,NA,NA,NA,NA,NA
"11318002",1992,53.7022027320862,76.7314320058823,94.1748482217789,314.863462368965,154.736821375847,234.212161550522,39.1006914052963,27.3410849676132,204.323161854744,115.14614636898,35.2788193130493,72.9095599136353
"11318002",1993,NA,NA,NA,NA,NA,NA,NA,NA,NA,NA,NA,NA
"11318002",1994,97.9967203140259,5.38981961727142,12.0535965986252,20.5793112659454,228.724345212936,248.617679436684,121.22194302845,107.894389065742,307.611705065727,69.9696583042145,84.2771794700623,20.0893276643753
"11318002",1995,NA,NA,NA,NA,NA,NA,NA,NA,NA,NA,NA,NA
"11318002",1996,NA,NA,NA,NA,NA,NA,NA,NA,NA,NA,NA,NA
"11318002",1997,98.388707195282,124.749824959755,20.5793112659454,288.012361002922,40.1786553287506,137.097411719322,358.667996349335,252.831538410187,NA,202.559220889091,192.955542298317,88.0990515623093
"11318002",1998,1.37195408439636,10.5836457939148,119.849988944054,32.3389177036285,144.545162463188,187.271732520103,421.189903909683,171.690253990173,63.7958649244308,122.69189383316,0.551204672396106,103.484536651611
"11318002",1999,13.3275539627075,22.63724239254,39.3946815662384,67.6177370166779,98.0947170343399,251.361587605476,224.706479680061,69.8716615839004,89.9609892482758,55.4661436977387,69.7736648635864,70.8516287870407
"11318002",2000,90.940956451416,111.71626115799,132.687559305191,116.322107012749,102.994553050041,172.572224473,77.5154057683945,77.0254221668243,105.444471057892,120.339972545624,117.988051258087,273.018862794876
"11318002",2001,271.744905430794,166.790417974472,160.42063115406,58.4060453071594,117.890054537773,174.140171998024,175.120139201164,NA,76.8294287261963,44.7845011835098,83.5912024278641,58.5040420274735
"11318002",2002,79.1813500137329,95.7427957468033,173.06220807457,160.518627874374,112.794225081444,96.1347826280594,132.295572423935,126.121779044151,84.6691663513184,255.575446578979,265.375118610382,74.8694943199158
"11318002",2003,94.664831823349,21.1672915878296,56.642104341507,36.9447635583878,109.168346429825,326.91705896759,120.143979104996,162.674555721283,221.668581350327,288.502344604492,182.861880105972,127.395736408234
"11318002",2004,63.8938616447449,6.95776714229584,81.6312680215836,204.813145456314,21.0692948675156,283.994495470047,102.210579287529,47.6264060726166,196.287430788994,174.238168718338,55.6621371383667,167.574391736984
"11318002",2005,95.1548154249191,15.8754686908722,227.156397687912,146.015113267899,264.787138288498,240.385954930306,74.9674910402298,111.226277556419,54.6821699352264,145.819119827271,156.892749222755,36.6507733974457
"11318002",2006,166.9864114151,62.8158977212906,179.040008013725,247.343722072601,124.651828239441,165.02647700882,225.196463281631,102.602566168785,54.4861764945984,155.912782019615,95.6447990264893,242.149895895958
"11318002",2007,21.3632850284576,8.91770154857636,NA,NA,NA,177.080073607445,120.143979104996,84.0811860294342,73.3995435152054,183.939844029427,59.0920223493576,81.0432876996994
"11318002",2008,90.940956451416,86.5311040372848,29.3990160942078,216.376758453369,224.020502637863,198.247365195274,187.565722681046,221.668581350327,54.3881797742844,76.8294287261963,185.801781715393,14.8955014877319
"11318002",2009,94.566835103035,190.11363740921,111.71626115799,186.095771876335,231.272259941101,166.790417974472,87.4130745201111,287.71837084198,125.533798722267,221.766578070641,135.725457634926,161.792585238457
"11318002",2010,210.986938836098,117.694061097145,68.4997074995041,71.3416123886108,149.151008317947,338.284678524017,238.426020524025,156.598759061813,95.6447990264893,148.465031275749,105.934454659462,99.0746842374802
"11400001",1981,NA,NA,NA,NA,NA,NA,NA,NA,NA,NA,NA,NA
"11400001",1982,NA,NA,NA,NA,NA,NA,NA,NA,NA,NA,NA,NA
"11400001",1983,NA,NA,NA,NA,NA,NA,NA,NA,NA,NA,NA,NA
"11400001",1984,NA,NA,NA,NA,NA,NA,NA,NA,NA,NA,NA,NA
"11400001",1985,149.368640363216,176.613787353039,185.439680039883,272.547403514385,480.819284200668,224.580595433712,163.374948322773,281.661097049713,406.566665291786,95.7417489290237,221.894454181194,161.168475151062
"11400001",1986,250.386738181114,167.500093817711,310.057447433472,337.398528039455,346.128487110138,361.285998463631,417.023429453373,169.418766140938,221.702586948872,80.7761048078537,178.340592443943,164.430218100548
"11400001",1987,169.706566989422,121.643825292587,135.074531555176,277.823752403259,267.750722706318,313.606991231441,302.574625372887,134.115195393562,164.238350868225,141.78988468647,209.806818544865,213.164495110512
"11400001",1988,198.966319918633,26.2858108282089,NA,NA,NA,454.149738907814,171.817106544971,188.1258212924,124.905568242073,270.436863958836,219.208312928677,267.942589938641
"11400001",1989,146.394698262215,75.0200878381729,205.681673049927,489.741110503674,152.438516080379,346.128487110138,188.221754908562,363.012803554535,140.830548524857,118.190215110779,110.707393050194,493.194720685482
"11400001",1990,193.881838262081,53.0512897372246,184.768144726753,185.055945575237,500.19787466526,501.540945291519,436.593887150288,375.867908120155,300.751886665821,240.025907635689,552.769496321678,192.634701251984
"11400001",1991,235.900762140751,261.994705736637,179.299928605556,403.880524039268,343.730146706104,170.186235070229,326.078361332417,238.778770625591,305.260766625404,130.085983514786,212.013291716576,263.337776362896
"11400001",1992,NA,NA,NA,NA,NA,NA,NA,NA,NA,NA,NA,NA
"11400001",1993,NA,NA,NA,NA,NA,NA,NA,NA,NA,NA,NA,NA
"11400001",1994,224.196860969067,232.639019191265,99.8668944239616,315.62159717083,456.260278463364,346.800022423267,204.818270504475,332.409979999065,349.678030908108,136.225734949112,210.958021938801,226.307400524616
"11400001",1995,163.758682787418,46.9115383028984,255.279352605343,277.823752403259,369.440355837345,290.582923352718,184.576277494431,198.006983757019,232.063417494297,206.832876443863,122.507227838039,72.9095482826233
"11400001",1996,191.195697009563,309.385912120342,334.040851473808,347.087823271751,199.637855231762,180.355198383331,278.207486867905,646.016971230507,288.376450181007,362.149401009083,374.620771110058,0.629115125332429
"11400001",1997,265.544249534607,147.354034423828,154.357188403606,327.709232807159,110.707393050194,214.987233817577,415.296624362469,254.703750908375,NA,326.845830261707,206.832876443863,116.367476403713
"11400001",1998,267.079187393188,123.370630383492,324.351556241512,60.6300454139709,219.304246544838,357.064919352531,682.951413452625,366.466413736343,133.155859231949,319.458941817284,146.298764646053,209.998685777187
"11400001",1999,210.19055300951,158.002665817738,113.489467918873,134.978597939014,286.553711473942,368.001351594925,501.732812523842,294.036533534527,NA,184.672211110592,170.761836767197,177.477189898491
"11400001",2000,180.355198383331,162.607479393482,210.958021938801,196.759846746922,199.445987999439,257.102091312408,215.946569979191,151.575113534927,174.407314181328,228.322006464005,166.157023191452,450.696128726006
"11400001",2001,428.055795311928,271.012465655804,280.126159191132,132.484323918819,316.005331635475,313.798858463764,381.336124241352,246.837194383144,151.287312686443,67.2494649291039,149.6564412117,88.5467277169228
"11400001",2002,146.490631878376,149.272706747055,265.448315918446,344.209814786911,298.641347110271,175.558517575264,247.892464160919,275.617279231548,375.676040887833,413.090151190758,379.321518301964,146.490631878376
"11400001",2003,213.452295958996,97.6604212522507,119.533285737038,82.8866443634033,208.75154876709,456.164344847202,209.327150464058,408.197536766529,336.343258261681,414.433221817017,309.19404488802,269.189726948738
"11400001",2004,140.159013211727,40.2921187877655,162.799346625805,273.027071595192,42.9782600402832,427.576127231121,222.949723958969,89.985731959343,296.626741170883,275.71321284771,169.802500605583,297.490143716335
"11400001",2005,156.467727959156,27.149213373661,320.897946059704,232.25528472662,403.3049223423,358.024255514145,100.250628888607,167.883828282356,106.486313939095,206.545075595379,245.590057373047,53.8187586665154
"11400001",2006,233.790222585201,94.6864791512489,250.09893733263,338.261930584908,179.299928605556,200.21345692873,308.138775110245,150.711710989475,125.864904403687,267.17512100935,138.815942585468,303.725828766823
"11400001",2007,28.1085495352745,59.5747756361961,84.9012503027916,336.343258261681,133.347726464272,336.918859958649,173.735778868198,134.978597939014,117.134945333004,350.637367069721,96.3173506259918,136.609469413757
"11400001",2008,123.370630383492,109.172455191612,62.8365185856819,321.377614140511,314.9500618577,293.364998221397,320.993879675865,437.745090544224,77.9940299391747,134.402996242046,335.192054867744,46.7196710705757
"11400001",2009,152.246648848057,239.834040403366,117.518679797649,261.035369575024,333.081515312195,217.193706989288,169.035031676292,426.137122988701,212.588893413544,301.327488362789,369.920023918152,256.814290463924
"11400001",2010,317.828070342541,240.985243797302,123.178763151169,141.598017454147,241.56084549427,410.212142705917,346.128487110138,265.256448686123,160.784740686417,207.504411756992,169.130965292454,140.446814060211
"11316003",1981,NA,NA,NA,NA,NA,NA,NA,NA,NA,NA,NA,NA
"11316003",1982,NA,NA,NA,NA,NA,NA,NA,NA,NA,NA,NA,NA
"11316003",1983,NA,NA,NA,NA,NA,NA,NA,NA,NA,NA,NA,NA
"11316003",1984,46.4441316937208,62.3199389181137,16.6646672106981,56.10766652596,96.8325633189678,85.7885235106945,47.824636669755,28.4975670052767,42.2040092673302,125.823167815685,36.1889518717527,25.8351645514965
"11316003",1985,33.5265494179726,40.4290742981434,26.8212395343781,94.1701608651876,208.554858879447,143.1780875144,43.1900842502117,81.2525785894394,128.091140276313,41.1193267861605,54.7271615499258,24.1588370805979
"11316003",1986,62.1227239215374,22.5811171079874,83.6191585483551,122.174690379024,99.494965772748,127.400887788296,146.629349954486,30.9627544624805,69.4196787948608,29.5822494864464,46.8385616868734,23.4685845925808
"11316003",1987,33.822371912837,13.6078347637653,50.2898241269588,44.3733742296696,72.5751187400818,98.0158532984257,128.091140276313,52.952226580739,47.5288141748905,36.6819893631935,48.7121041543484,46.2469166971445
"11316003",1988,27.1170620292425,7.69138486647606,NA,NA,0.839210443623838,199.581576535225,17.847957190156,84.9010560261011,8.57885235106945,53.2480490756035,24.9476970669031,69.6168937914371
"11316003",1989,34.8084468957186,24.849089568615,36.2875593700409,124.541270337939,21.3978271285295,115.567987993717,55.1215915430784,138.642142593145,15.5799847295284,16.6646672106981,30.7655394659042,160.138577219963
"11316003",1990,39.8374293084145,16.3688447158337,55.1215915430784,63.4046213992834,199.778791531801,146.826564951062,85.3940935175419,112.609763045073,86.8732059918642,65.080948870182,51.670329102993,25.8351645514965
"11316003",1991,39.8374293084145,46.542739192009,50.1912166286707,76.519418671608,135.683917644501,48.5148891577721,136.965815122247,78.6887836339474,107.3835656358,49.5995716389418,60.8408264437914,76.2235961767435
"11316003",1992,16.8618822072744,33.6251569162607,63.5032288975716,63.0101914061308,85.5913085141182,110.834828075886,29.1878194932938,52.2619740927219,67.6447438256741,152.84162234664,36.1889518717527,63.8976588907242
"11316003",1993,41.5137567793131,22.0880796165466,124.541270337939,81.0553635928631,114.680520509124,129.274430255771,80.8581485962868,90.6202909268141,35.9917368751764,25.0463045651913,42.105401769042,59.8547514609098
"11316003",1994,67.5461363273859,28.9906044967175,18.8340321730375,86.8732059918642,220.091936179161,147.714032435656,113.398623031378,122.963550365329,123.357980358481,20.7075746405125,55.0229840447903,42.0067942707539
"11316003",1995,26.0323795480728,50.4870391235352,133.415945183873,89.3383934490681,143.671125005841,115.863810488582,224.134843608975,71.0960062657595,30.1738944761753,46.2469166971445,16.6646672106981,18.4396021798849
"11316003",1996,10.9454323099852,56.8965265122652,88.8453559576273,168.914644567609,98.8047132847309,87.4648509815931,81.0553635928631,288.722754987717,29.5822494864464,51.8675440995693,56.3048815225363,47.2329916800261
"11316003",1997,NA,29.6808569847345,34.9070543940067,159.842754725099,27.8073145172596,147.516817439079,192.38322916019,206.977138906837,31.1599694590569,102.551798219681,48.1204591646194,22.8769396028519
"11316003",1998,78.3929611390829,3.94429993152618,49.5009641406536,31.258576957345,63.6018363958597,56.8965265122652,252.928233109117,62.1227239215374,17.1577047021389,38.4569243323803,35.9917368751764,62.4185464164019
"11316003",1999,36.2875593700409,55.1215915430784,55.516021536231,25.3421270600557,43.2886917484999,176.112991942644,118.328997945786,80.8581485962868,64.8837338736057,53.6424790687561,33.4279419196844,43.978944236517
"11316003",2000,41.8095792741776,31.0613619607687,NA,NA,36.0903443734646,131.641010214686,97.1283858138323,38.3583168340921,103.537873202562,53.0508340790272,55.9104515293837,130.852150228381
"11316003",2001,154.320734820962,82.7316910637617,148.502892421961,26.8212395343781,112.018118055344,104.819770680308,100.185218260765,107.876603127241,45.4580567108393,12.3259372860193,34.6112318991423,40.3304667998552
"11316003",2002,58.0798164917231,75.0403061972856,114.088875519395,NA,111.623688062191,101.565723236799,77.1110636613369,134.599235163331,100.48104075563,127.598102784872,95.8464883360863,70.800183770895
"11316003",2003,62.3199389181137,25.6379495549202,30.1738944761753,20.8061821388006,83.1261210569143,NA,41.9081867724657,NA,NA,224.923703595281,78.2943536407948,49.6981791372299
"11316003",2004,12.2273297877312,7.39556237161159,46.542739192009,217.232318728805,20.411752145648,231.234583485723,105.115593175173,30.4697169710398,76.0263811801672,82.2386535723209,39.8374293084145,76.8152411664724
"11316003",2005,43.978944236517,12.9175822757483,112.806978041649,122.076082880735,209.44232636404,130.556327733517,44.5705892262459,70.1099312828779,11.7342922962904,75.4347361904383,101.664330735087,3.54986993837357
"11316003",2006,86.4787759987116,23.567192090869,97.2269933121204,112.116725553632,76.9138486647606,112.313940550208,180.155899372458,88.4509259644747,46.4441316937208,98.7061057864427,45.0636267176867,110.341790584445
"11316003",2007,NA,NA,NA,NA,NA,NA,NA,NA,NA,NA,NA,NA
"11316003",2008,41.7109717758894,23.2713695960045,12.3259372860193,141.205937548637,85.7885235106945,178.972609393001,125.428737822533,73.8570162178278,13.0161897740364,27.0184545309544,99.9880032641888,11.3398623031378
"11316003",2009,NA,NA,NA,NA,NA,NA,NA,NA,NA,NA,NA,NA
"11316003",2010,102.157368226528,53.2480490756035,19.4256771627665,51.2758991098404,86.3801685004234,231.826228475451,84.9996635243893,129.077215259194,43.2886917484999,75.3361286921501,41.5137567793131,48.0218516663313
"12283001",1981,NA,NA,NA,NA,NA,NA,NA,NA,NA,NA,NA,NA
"12283001",1982,NA,NA,NA,NA,NA,NA,NA,NA,NA,NA,NA,NA
"12283001",1983,NA,NA,NA,NA,NA,NA,NA,NA,NA,NA,NA,NA
"12283001",1984,32.3653841781616,16.1826920890808,6.0685095334053,40.456730222702,12.1370190668106,14.1598555779457,11.1256008112431,13.1484373223782,0.958878918260967,20.7340742391348,6.0685095334053,19.2169468557835
"12283001",1985,21.2397833669186,55.6280040562153,44.5024032449722,48.5480762672424,13.1484373223782,7.07992778897285,17.1941103446484,39.4453119671345,21.2397833669186,13.1484373223782,0.0461368532210019,10.1141825556755
"12283001",1986,14.6655647057295,6.0685095334053,11.1256008112431,19.2169468557835,17.1941103446484,17.1941103446484,35.3996389448643,NA,9.10276430010796,11.1256008112431,39.4453119671345,NA
"12283001",1987,25.7911655169725,46.1206724538803,1.71941103446484,21.0374997158051,13.7552882757187,42.0749994316101,36.2087735493183,11.6313099390268,NA,5.86622588229179,NA,1.21370190668106
"12283001",1988,3.84338937115669,NA,NA,13.1484373223782,15.676982961297,65.236477484107,NA,0.505709127783775,15.1712738335133,48.5480762672424,25.2854563891888,66.7536048674583
"12283001",1989,45.5138215005398,5.86622588229179,12.1370190668106,51.2789055572748,68.2707322508097,48.9526435694695,7.58563691675663,30.3425476670265,47.5366580116749,22.2512016224861,11.1256008112431,9.10276430010796
"12283001",1990,4.85480762672424,16.1826920890808,61.5953717640638,28.3197111558914,26.2968746447563,19.2169468557835,7.07992778897285,18.2055286002159,0.271285987985281,9.10276430010796,9.10276430010796,19.2169468557835
"12283001",1991,1.01141825556755,10.1141825556755,54.6165858006477,54.6165858006477,20.228365111351,13.6541464501619,26.8025837725401,30.3425476670265,6.0685095334053,11.1256008112431,14.6655647057295,27.1060092492104
"12283001",1992,13.6541464501619,27.8140020281076,18.2055286002159,20.228365111351,10.1141825556755,22.2512016224861,5.05709127783775,4.0456730222702,9.10276430010796,22.2512016224861,0.614772456601297,1.51712738335133
"12283001",1993,22.2512016224861,26.2968746447563,38.4338937115669,32.3653841781616,3.03425476670265,4.0456730222702,4.0456730222702,10.6198916834593,10.1141825556755,31.3539659225941,10.4176080323458,30.8482567948103
"12283001",1994,10.5187498579025,3.13539659225941,32.3653841781616,15.1712738335133,29.331129411459,12.9461536712646,1.31484373223782,0.500199422443511,32.3653841781616,5.56280040562153,22.9591944013834,17.2952521702051
"12283001",1995,15.1712738335133,18.0032449491024,7.58563691675663,21.7454924947023,23.7683290058374,5.05709127783775,52.5937492895126,29.331129411459,17.1941103446484,6.0685095334053,14.7667065312862,71.3049870175123
"12283001",1996,30.8482567948103,21.2397833669186,16.1826920890808,23.6671871802807,39.647595618248,24.9820309125185,12.0358772412539,24.2740381336212,17.6998194724321,45.5138215005398,35.3996389448643,19.3180886813402
"12283001",1997,55.6280040562153,33.3768024337292,11.1256008112431,31.8596750503778,36.9167663282156,28.2185693303347,22.7569107502699,2.0228365111351,28.3197111558914,35.3996389448643,47.0309488838911,11.1256008112431
"12283001",1998,21.2397833669186,60.685095334053,46.0195306283236,7.07992778897285,31.3539659225941,17.6998194724321,87.4876791065931,15.1712738335133,4.0456730222702,15.1712738335133,6.0685095334053,20.228365111351
"12283001",1999,7.07992778897285,14.1598555779457,14.1598555779457,6.0685095334053,15.1712738335133,5.05709127783775,11.1256008112431,17.1941103446484,4.0456730222702,3.03425476670265,4.0456730222702,11.1256008112431
"12283001",2000,28.3197111558914,1.01141825556755,19.1158050302267,26.2968746447563,11.1256008112431,NA,NA,25.2854563891888,2.0228365111351,22.1500597969294,24.6786054358482,22.7569107502699
"12283001",2001,4.85480762672424,92.8481958611011,NA,10.316466206789,11.8335935901403,5.56280040562153,3.33768024337292,43.0864176871777,27.3082929003239,43.9966941171885,45.5138215005398,24.2740381336212
"12283001",2002,4.0456730222702,7.07992778897285,101.141825556755,47.3343743605614,45.6149633260965,2.52854563891888,13.6541464501619,12.1370190668106,31.8596750503778,12.7438700201511,0.0169657531984698,7.68677874231338
"12283001",2003,16.1826920890808,32.8710933059454,58.1565496951342,12.1370190668106,40.5578720482588,9.911898904562,39.9510210949183,NA,7.48449509119988,71.8106961452961,2.22512016224861,3.53996389448643
"12283001",2004,NA,7.28221144008636,33.8825115615129,37.4224754559994,30.3425476670265,34.3882206892967,6.0685095334053,14.1598555779457,13.8564301012754,12.8450118457079,40.456730222702,23.2626198780537
"12283001",2005,3.03425476670265,2.0228365111351,20.5317905880213,86.9819699788094,15.3735574846268,16.1826920890808,8.0913460445404,24.2740381336212,19.5203723324537,30.3425476670265,18.2055286002159,0.118592628360298
"12283001",2006,2.0228365111351,9.10276430010796,103.16466206789,46.0195306283236,5.05709127783775,4.0456730222702,0.00292796463975314,9.10276430010796,36.4110572004318,14.7667065312862,3.03425476670265,24.2740381336212
"12283001",2007,40.456730222702,14.5644228801727,10.2153243812323,64.7307683563232,11.6313099390268,19.419230506897,1.01141825556755,33.8825115615129,14.6655647057295,35.3996389448643,0.0929131982238797,13.1484373223782
"12283001",2008,13.1484373223782,15.1712738335133,25.2854563891888,48.8515017439127,46.0195306283236,14.1598555779457,NA,29.331129411459,22.2512016224861,14.6655647057295,91.8367776055336,18.2055286002159
"12283001",2009,29.0277039347887,37.4224754559994,69.0798668552637,58.1565496951342,44.7046868960857,8.59705517232418,15.4746993101835,8.0913460445404,8.0913460445404,8.0913460445404,33.3768024337292,2.0228365111351
"12283001",2010,48.7503599183559,19.1158050302267,10.1141825556755,26.8025837725401,25.9934491680861,39.5464537926912,14.463281054616,29.8368385392427,20.3295069369078,62.5056481940746,11.3278844623566,19.01466320467
"12286001",1981,NA,NA,NA,NA,NA,NA,NA,NA,NA,NA,NA,NA
"12286001",1982,NA,NA,NA,NA,NA,NA,NA,NA,NA,NA,NA,NA
"12286001",1983,36.1244223117828,27.454560956955,45.9502651805878,86.6022817554474,64.0606422328949,29.8628557777405,31.5968280487061,23.4086256580353,41.0373437461853,47.6842374515533,83.6159961776733,15.9910776100159
"12286001",1984,101.919036815643,78.3177475719452,9.44051569747925,99.6070737876892,49.6108733081818,NA,6.74322549819946,45.2759426307678,6.74322549819946,20.2296764945984,47.2989102802277,22.1563123512268
"12286001",1985,41.9043298816681,98.0657651023865,130.625911079407,116.176142154694,91.4188713970184,26.4912430286407,84.7719776916504,82.845341835022,91.5152031898499,23.6012892436981,18.30304063797,12.0414741039276
"12286001",1986,144.594021039963,105.483313150406,68.3955729103088,76.4874435081482,45.6612698020935,111.744879684448,91.996862154007,17.4360545024872,9.44051569747925,15.4130868530273,91.996862154007,23.4086256580353
"12286001",1987,60.2073705196381,91.996862154007,13.0047920322418,34.1977864551544,21.1929944229126,63.1936560974121,46.7209195232391,23.119630279541,13.0047920322418,41.422670917511,49.6108733081818,20.2296764945984
"12286001",1988,38.5327171325684,32.7528095626831,72.7305035877228,53.4641450214386,70.8038677310944,70.033213388443,30.440846534729,18.30304063797,24.5646071720123,74.6571394443512,69.9368815956116,80.1480516357422
"12286001",1989,112.226538648605,34.6794454193115,15.4130868530273,101.72637322998,91.0335442256928,118.873432353973,44.7942836666107,37.5693992042542,62.8083289260864,34.6794454193115,30.5371783275604,160.392435064316
"12286001",1990,50.8631866149902,23.4086256580353,93.4418390464783,57.895407491684,85.7352956199646,121.859717931747,94.5014887676239,75.6204573726654,61.6523474121094,94.0198298034668,117.043128290176,33.7161274909973
"12286001",1991,20.2296764945984,59.725711555481,183.319401758194,155.094186458588,34.4867818336487,55.8724398422241,37.087740240097,80.2443834285736,47.0099149017334,21.6746533870697,37.5693992042542,43.8309657382965
"12286001",1992,34.6794454193115,47.6842374515533,40.9410119533539,55.8724398422241,43.0603113956451,0.651909672798974,17.9177134666443,35.6427633476257,52.0191681289673,50.574191236496,30.7298419132233,44.7942836666107
"12286001",1993,25.2389297218323,71.9598492450714,129.277265979767,73.693821516037,17.8213816738129,0.0335540279167938,9.15152031898499,64.542301197052,56.3540988063812,97.3914425525665,57.7990756988525,69.358890838623
"12286001",1994,79.4737290859222,55.8724398422241,82.7490100421906,61.1706884479523,132.841542314529,21.1929944229126,54.1384675712585,20.2296764945984,0.0194295209876804,4.81658964157104,61.1706884479523,74.6571394443512
"12286001",1995,23.6012892436981,51.5375091648102,57.7990756988525,81.4003649425507,77.5470932292938,27.454560956955,68.3955729103088,11.5598151397705,62.1340063762665,10.5964972114563,30.3445147418976,40.4593529891968
"12286001",1996,47.2025784873962,23.6012892436981,43.3493067741394,82.845341835022,88.6252494049072,35.6427633476257,39.9776940250397,70.8038677310944,42.8676478099823,71.5745220737457,82.845341835022,59.2440525913239
"12286001",1997,106.157635700226,63.0973243045807,42.3859888458252,77.5470932292938,27.9362199211121,15.1240914745331,56.8357577705383,71.7671856594086,65.6982827110291,56.8357577705383,32.7528095626831,23.6012892436981
"12286001",1998,48.1658964157104,105.964972114563,100.377728130341,44.408956495285,53.4641450214386,18.3993724308014,260.095840644836,72.2488446235657,37.762062789917,95.3684749031067,90.5518852615356,86.4096181697846
"12286001",1999,64.542301197052,83.8086597633362,28.4178788852692,52.9824860572815,73.8864851016998,0.110845786048111,103.07501832962,64.1569740257263,72.4415082092285,33.2344685268402,12.5231330680847,122.823035860062
"12286001",2000,72.4415082092285,13.5827827892303,26.4912430286407,112.226538648605,24.5646071720123,26.4912430286407,54.9091219139099,30.3445147418976,48.8402189655304,141.126076498032,39.0143760967255,72.7305035877228
"12286001",2001,73.2121625518799,152.974887016296,118.777100561142,67.9139139461517,65.0239601612091,38.0510581684113,3.85327171325684,67.3359231891632,72.2488446235657,12.9084602394104,68.6845682888031,77.0654342651367
"12286001",2002,8.66986135482788,34.6794454193115,121.859717931747,43.3493067741394,86.2169545841217,9.63317928314209,41.422670917511,46.7209195232391,39.9776940250397,79.9553880500793,14.4497689247131,8.66986135482788
"12286001",2003,48.6475553798676,76.1021163368225,128.602943429947,31.3078326702118,114.634833469391,29.3811968135834,81.8820239067078,31.3078326702118,30.3445147418976,138.33245450592,57.3174167346954,18.7846996021271
"12286001",2004,14.4497689247131,6.74322549819946,87.661931476593,67.9139139461517,50.574191236496,80.1480516357422,14.4497689247131,58.2807346630096,68.3955729103088,65.9872780895233,34.6794454193115,71.2855266952515
"12286001",2005,51.0558502006531,11.5598151397705,86.6986135482788,203.741741838455,43.8309657382965,91.5152031898499,11.0781561756134,39.0143760967255,81.9783556995392,98.2584286880493,48.6475553798676,31.3078326702118
"12286001",2006,60.1110387268066,16.3764047813416,150.277596817017,86.505949962616,49.1292143440247,10.5964972114563,33.7161274909973,72.2488446235657,82.0746874923706,71.2855266952515,39.0143760967255,99.2217466163635
"12286001",2007,91.5152031898499,58.4733982486725,80.2443834285736,104.038336257935,33.7161274909973,107.409949007034,32.7528095626831,80.9187059783936,12.5231330680847,93.9234980106354,43.3493067741394,46.239260559082
"12286001",2008,31.3078326702118,61.6523474121094,29.3811968135834,157.695144865036,70.8038677310944,112.708197612762,50.0925322723389,50.0925322723389,42.3859888458252,59.2440525913239,110.299902791977,52.9824860572815
"12286001",2009,138.717781677246,65.9872780895233,87.661931476593,131.107570043564,198.443493232727,31.5968280487061,15.9910776100159,42.9639796028137,63.0973243045807,51.0558502006531,60.6890294837952,42.1933252601624
"12286001",2010,82.3636828708649,43.3493067741394,46.239260559082,100.666723508835,60.2073705196381,37.9547263755798,36.6060812759399,26.9729019927979,50.0925322723389,114.731165262222,34.6794454193115,50.0925322723389
"12284010",1981,NA,37.4643158418238,19.333189725861,30.7527940198928,48.2828883309066,56.2966457302272,23.1397244905382,27.8478069626391,11.1190883915573,13.9239034813195,35.3607045245022,11.2192603590488
"12284010",1982,4.90842640708387,10.6182285540998,29.7510743449777,17.9307821809798,27.7476349951476,6.21066198447347,8.11392936681211,28.8495266375542,19.2330177583694,67.5159060892761,38.5662074842304,0.377697615349131
"12284010",1983,27.046431222707,19.533533660844,62.6074796821922,52.0894230955839,43.0739460213482,20.0343934983015,41.0705066715181,10.1173687166423,9.01547707423568,23.5404123605043,26.5455713852495,9.71668084667623
"12284010",1984,43.5748058588058,36.5627681344003,14.0240754488111,44.0756656962633,52.0894230955839,22.5386926855892,22.0378328481317,27.046431222707,9.51633691169322,19.0326738233864,10.0171967491508,15.0257951237261
"12284010",1985,25.5438517103344,44.5765255337209,80.9389497331381,67.1152182193101,41.5713665089756,13.5232156113535,43.1741179888397,39.9686150291115,3.20550295972824,1.70292344735563,15.3263110262007,12.2209800339639
"12284010",1986,31.4539977923334,67.2153901868015,14.4247633187771,38.8667233867049,28.5490107350796,84.9458284327984,56.8976775351763,5.91014608199894,1.00171967491508,9.71668084667623,40.269130931586,11.1190883915573
"12284010",1987,40.469474866569,22.1380048156232,4.50773853711784,98.1685281416774,16.5283746360987,47.5816845584661,33.357265174672,28.5490107350796,8.71496117176116,21.6371449781656,50.3864996482283,NA
"12284010",1988,NA,NA,NA,NA,NA,NA,NA,NA,NA,NA,NA,NA
"12284010",1989,14.2244193837941,13.9239034813195,4.80825443959236,48.5834042333812,68.4174537966996,50.6870155507028,22.4385207180977,21.5369730106741,6.31083395196497,0.601031804949045,17.6302662785053,49.5851239082962
"12284010",1990,19.2330177583694,0.601031804949045,62.1066198447347,40.068786996603,92.959585832119,71.8233006914109,33.757953044638,45.5782452086359,24.5421320354193,63.1083395196497,47.0808247210085,52.3899389980584
"12284010",1991,0.300515902474523,32.756233369723,63.5090273896158,97.4673243692368,13.5232156113535,37.4643158418238,35.5610484594852,34.5593287845701,26.044711547792,22.7390366205722,19.8340495633185,19.6337056283355
"12284010",1992,5.70980214701593,37.3641438743323,24.1414441654533,19.4333616933525,24.5421320354193,2.20378328481317,17.1294064410478,16.5283746360987,23.8409282629788,93.0597577996105,13.5232156113535,75.1289756186306
"12284010",1993,11.1190883915573,39.7682710941285,51.8890791606009,58.9011168850064,17.5300943110138,8.0137573993206,13.022355773896,10.0171967491508,11.5197762615234,64.1100591945648,24.0412721979618,32.5558894347399
"12284010",1994,22.0378328481317,32.0550295972824,28.5490107350796,25.5438517103344,80.137573993206,19.6337056283355,5.10877034206688,0.100171967491508,22.1380048156232,0.200343934983015,3.50601886220276,17.7304382459968
"12284010",1995,2.50429918728769,7.61306952935457,33.6577810771465,45.0773853711784,8.91530510674417,66.8147023168355,149.957435334787,27.046431222707,3.00515902474523,0.100171967491508,0.54651081507273,0.40068786996603
"12284010",1996,0.901547707423568,1.00171967491508,3.70636279718578,0.901547707423568,6.91186575691402,1.40240754488111,0.80137573993206,0.80137573993206,0.637053296346705,0.701203772440553,1.90326738233864,2.00343934983015
"12284010",1997,0.40068786996603,24.8426479378939,19.533533660844,25.8443676128089,22.9393805555552,14.3245913512856,41.8718824114501,21.1362851407081,45.4780732411444,25.5438517103344,24.9428199053854,1.00171967491508
"12284010",1998,20.2347374332845,89.6539109048992,51.5885632581264,5.00859837457538,0.641516758109773,0.0902727257904992,75.9303513585627,75.6298354560882,23.6405843279958,41.0705066715181,34.0584689471126,40.269130931586
"12284010",1999,NA,NA,NA,NA,NA,NA,NA,NA,NA,NA,NA,NA
"12284010",2000,18.4316420184374,0.971785461657306,2.40412721979618,26.044711547792,10.0171967491508,34.7596727195531,23.4402403930128,6.01031804949045,3.50601886220276,8.0137573993206,1.80309541484714,31.0533099223673
"12284010",2001,37.9651756792814,38.8667233867049,54.8942381853461,11.7201201965064,36.3624241994172,38.2656915817559,34.1586409146041,70.0202052765638,69.1186575691402,14.1242474163026,29.8512463124692,32.0550295972824
"12284010",2002,9.51633691169322,18.1311261159629,125.014615429401,72.825020366326,39.668099126637,7.9135854318291,32.4557174672484,NA,39.267411256671,41.6715384764671,12.0206360989809,27.5472910601646
"12284010",2003,40.3693028990775,49.3847799733132,112.493119492963,15.6268269286752,23.5404123605043,11.6199482290149,NA,24.8426479378939,6.41100591945648,60.3035244298875,23.3400684255213,15.5266549611837
"12284010",2004,14.9256231562346,18.7321579209119,62.7076516496837,34.2588128820956,10.6182285540998,20.4350813682675,22.6388646530807,24.8426479378939,29.5507304099947,0.0736415516325448,25.1431638403684,NA
"12284010",2005,13.9239034813195,8.31427330179513,17.9307821809798,26.5455713852495,18.7321579209119,27.5472910601646,NA,29.8512463124692,23.7407562954873,22.2381767831147,19.6337056283355,16.2278587336242
"12284010",2006,25.7441956453174,7.01203772440553,44.0756656962633,22.0378328481317,10.0171967491508,10.0171967491508,7.51289756186307,8.51461723677814,3.50601886220276,22.0378328481317,0.797821973950457,13.5232156113535
"12284010",2007,16.0275147986412,15.0257951237261,12.0206360989809,20.0343934983015,2.00343934983015,0.516450346624648,0.552384721005736,2.50429918728769,10.0171967491508,12.5214959364384,6.51117788694799,1.50257951237261
"12284010",2008,1.00171967491508,8.0137573993206,12.0206360989809,52.5902829330415,8.51461723677814,20.0343934983015,1.3022355773896,6.51117788694799,28.5490107350796,9.51633691169322,85.1461723677814,2.50429918728769
"12284010",2009,13.5232156113535,NA,85.0460004002899,NA,NA,39.86844306162,9.41616494420171,24.1414441654533,22.0378328481317,11.8202921639979,28.0481508976221,4.0068786996603
"12284010",2010,58.0997411450744,35.5610484594852,29.0498705725372,57.0980214701593,27.6474630276561,39.0670673216879,19.0326738233864,33.557609109655,37.3641438743323,42.7734301188737,10.6182285540998,23.1397244905382
"12400001",1981,13.6159464576244,63.0906832044125,22.554659399271,19.2286266767979,49.8904908370972,21.82708974123,18.189241451025,27.0240158700943,1.03938522577286,18.7089340639114,22.0349667863846,12.2647456641197
"12400001",1982,5.71661874175072,19.0207496316433,24.1137372379303,16.006532476902,9.14658998680115,8.31508180618286,7.79538919329643,7.69145067071915,1.66301636123657,29.10278632164,24.9452454185486,3.01421715474129
"12400001",1983,20.7877045154572,0.0520605476428328,35.3390976762772,15.1750242962837,37.3139296052456,21.6192126960754,10.8096063480377,13.096253844738,5.30086465144157,11.1214219157696,16.734102134943,7.06781953525543
"12400001",1984,23.9058601927757,16.1104709994793,6.02843430948257,7.89932771587372,8.10720476102829,0.831508180618286,1.35120079350472,10.3938522577286,4.78117203855514,11.1214219157696,7.37963510298729,2.28664749670029
"12400001",1985,17.9813644058704,30.1421715474129,70.4703183073998,85.2295885133743,71.1978879654408,10.913544870615,18.0853029284477,24.2176757605076,28.5830937087536,10.3938522577286,15.6947169091702,21.82708974123
"12400001",1986,29.10278632164,54.567724353075,40.5360238051414,52.4889539015293,25.1531224637032,23.9058601927757,29.7264174571037,1.55907783865929,1.55907783865929,6.34024987721443,22.8664749670029,30.4539871151447
"12400001",1987,36.8981755149364,49.3707982242107,7.79538919329643,26.8161388249397,23.282229057312,11.1214219157696,3.74178681278229,1.97483192896843,2.80634010958672,5.61268021917343,16.5262250897884,7.69145067071915
"12400001",1988,NA,NA,NA,NA,NA,NA,NA,NA,NA,NA,NA,NA
"12400001",1989,NA,NA,NA,NA,NA,NA,NA,NA,NA,NA,NA,NA
"12400001",1990,22.9704134895802,6.44418839979172,42.5108557341099,32.9485116569996,41.7832860760689,47.4999048178196,35.7548517665863,29.4146018893719,20.9955815606117,49.5786752693653,66.208838881731,24.4255528056622
"12400001",1991,15.4868398640156,18.916811109066,105.393661893368,51.7613842434883,25.3609995088577,1.55907783865929,1.455139316082,3.94966385793686,2.182708974123,15.9025939543247,14.4474546382427,27.647647005558
"12400001",1992,21.82708974123,35.8587902891636,36.37848290205,30.6618641602993,53.5283391273022,10.3938522577286,5.50874169659615,11.9529300963879,8.41902032876015,32.8445731344223,13.823823502779,36.4824214246273
"12400001",1993,21.5152741734982,57.5819415078163,37.0021140375137,21.4113356509209,25.9846306443214,1.76695488381386,0.727569658041,13.9277620253563,10.4977907803059,21.9310282638073,35.3390976762772,15.9025939543247
"12400001",1994,3.01421715474129,11.0174833931923,8.83477441906929,13.4080694124699,11.5371760060787,5.19692612886429,6.34024987721443,1.35120079350472,3.01421715474129,6.44418839979172,6.85994249010086,15.0710857737064
"12400001",1995,13.3041308898926,3.01421715474129,6.23631135463715,9.87415964484215,1.97483192896843,5.50874169659615,11.641114528656,13.5120079350471,22.8664749670029,7.37963510298729,3.94966385793686,9.66628259968758
"12400001",1996,10.2899137351513,7.89932771587372,13.2001923673153,4.67723351597786,19.5404422445297,29.830355979681,1.87089340639114,17.3577332704067,0.519692612886429,3.637848290205,2.80634010958672,8.31508180618286
"12400001",1997,16.1104709994793,13.7198849802017,24.6334298508167,27.1279543926716,11.1214219157696,0.415754090309143,0.519692612886429,5.820557264328,7.58751214814186,0.311815567731857,11.8489915738106,9.04265146422386
"12400001",1998,5.92449578690529,8.52295885133743,24.9452454185486,11.4332374835014,10.913544870615,11.0174833931923,107.368493822336,48.6432285661697,4.78117203855514,45.4211343662739,19.5404422445297,63.9221913850307
"12400001",1999,27.647647005558,19.8522578122616,10.2899137351513,22.1389053089619,20.0601348574162,5.50874169659615,24.6334298508167,32.8445731344223,28.6870322313309,17.1498562252522,16.4222865672112,19.0207496316433
"12400001",2000,19.644380767107,8.83477441906929,33.0524501795769,18.7089340639114,6.75600396752357,8.31508180618286,12.1608071415424,14.55139316082,8.31508180618286,42.6147942566872,16.3183480446339,22.4507208766937
"12400001",2001,46.7723351597786,47.3959662952423,16.734102134943,9.66628259968758,3.84572533535957,12.4726227092743,0.207877045154572,6.23631135463715,22.554659399271,2.07877045154572,34.6115280182362,32.1170034763813
"12400001",2002,6.23631135463715,26.8161388249397,30.2461100699902,21.4113356509209,10.0820366899967,0.727569658041,2.59846306443214,2.39058601927757,16.4222865672112,51.4495686757565,1.97483192896843,10.3938522577286
"12400001",2003,31.8051879086494,33.2603272247314,77.122383752346,20.7877045154572,63.4024987721443,1.14332374835014,16.9419791800976,8.003266238451,21.5152741734982,36.2745443794727,8.31508180618286,17.1498562252522
"12400001",2004,8.10720476102829,21.5152741734982,26.2964462120533,73.9002895524502,21.5152741734982,23.4901061024666,9.77022112226486,17.8774258832931,20.4758889477253,17.2537947478294,38.9769459664822,33.5721427924633
"12400001",2005,46.0447655017376,2.59846306443214,89.1792523713112,121.919886983156,18.7089340639114,0.103938522577286,4.15754090309143,NA,3.94966385793686,17.461671792984,NA,10.0820366899967
"12400001",2006,62.4670520689487,4.05360238051414,33.2603272247314,30.1421715474129,0.623631135463715,5.19692612886429,6.34024987721443,12.5765612318516,11.4332374835014,6.75600396752357,6.02843430948257,NA
"12400001",2007,21.82708974123,32.740634611845,13.6159464576244,50.4101834499836,8.41902032876015,5.820557264328,0.693436631717537,8.730835896492,25.9846306443214,63.4024987721443,92.0895310034752,1.14332374835014
"12400001",2008,0.311815567731857,41.0557164180279,14.55139316082,39.0808844890595,24.9452454185486,12.7844382770061,3.22209419989586,16.8380406575203,9.35446703195572,22.3467823541164,68.1836708106995,7.58751214814186
"12400001",2009,NA,69.6388101267815,NA,74.8357362556458,19.7483192896843,1.14332374835014,0.311815567731857,1.66301636123657,4.365417948246,4.88511056113243,3.01421715474129,0.935446703195572
"12400001",2010,0.623631135463715,4.67723351597786,7.27569658041,0.311815567731857,6.85994249010086,37.3139296052456,19.2286266767979,37.3139296052456,37.4178681278229,57.478002985239,9.77022112226486,14.2395775930881
"12293001",1981,NA,NA,NA,NA,NA,NA,NA,NA,NA,NA,NA,NA
"12293001",1982,NA,NA,NA,NA,NA,NA,NA,NA,NA,NA,NA,NA
"12293001",1983,NA,NA,NA,NA,NA,NA,NA,NA,NA,NA,NA,NA
"12293001",1984,NA,NA,NA,NA,NA,NA,NA,NA,NA,NA,NA,NA
"12293001",1985,NA,NA,NA,NA,NA,NA,NA,NA,NA,NA,NA,NA
"12293001",1986,39.651732326746,76.2137192773819,69.5192709624767,78.788507090807,92.6923612833023,77.2436344027519,25.2329205715656,4.63461806416512,13.9038541924953,28.8376235103607,79.818422216177,35.0171142625809
"12293001",1987,62.8248226475716,58.7051621460915,12.8739390671253,24.6149714963436,31.7213858613968,40.475664427042,38.415834176302,24.2030054461956,25.0269375464916,18.1265062065125,42.3295116527081,7.00342285251617
"12293001",1988,21.3192430951595,24.4089884712696,46.0372061040402,35.4290803127289,55.6154167699814,49.7449005553722,14.5218032677174,17.1995825936794,9.06325310325623,54.5855016446114,40.88763047719,40.166689889431
"12293001",1989,33.5752330870628,19.0534298193455,19.4653958694935,44.3893419034481,47.8910533297062,66.2235425612926,20.5983025074005,16.9935995686054,29.6615556106567,25.5418951091766,23.1730903208256,75.1838041520119
"12293001",1990,33.9871991372108,11.4320578916073,85.0709893555641,73.2269654138088,56.6453318953514,62.6188396224976,36.9739530007839,61.5889244971275,39.342757789135,73.1239739012718,92.5893697707653,45.6252400538921
"12293001",1991,33.6782245995998,50.0538750929832,111.127842027426,68.4893558371067,30.3824961984158,34.3991651873589,28.9406150228977,40.990621989727,42.9474607279301,47.3760957670212,23.9970224211216,49.9508835804462
"12293001",1992,19.1564213318825,32.9572840118408,13.3888966298103,41.608571064949,42.6384861903191,13.9038541924953,14.5218032677174,17.7145401563644,18.8474467942715,72.5060248260498,10.4021427662373,64.3696953356266
"12293001",1993,29.5585640981197,60.8679839093685,88.8816753194332,50.3628496305943,40.578655939579,4.2226520140171,28.1166829226017,48.5090024049282,21.9371921703815,NA,10.2991512537003,41.91754560256
"12293001",1994,29.3525810730457,44.5953249285221,61.6919160096645,51.1867817308903,57.7782385332584,23.1730903208256,13.0799220921993,9.16624461579323,31.7213858613968,17.4055656187534,24.8209545214176,40.475664427042
"12293001",1995,21.8342006578445,28.0136914100647,84.0410742301941,63.3397802102566,67.5624322242737,22.6581327581406,19.6713788945675,6.28248226475716,21.0102685575485,14.8307778053284,40.784638964653,14.3158202426434
"12293001",1996,31.9273688864708,32.0303603990078,15.5517183930874,26.0568526718616,36.3560039255619,10.5051342787743,9.88718520355225,11.9470154542923,19.7743704071045,18.8474467942715,16.7876165435314,19.1564213318825
"12293001",1997,32.4423264491558,27.4987338473797,4.84060108923912,19.7743704071045,19.4653958694935,15.5517183930874,20.8042855324745,32.5453179616928,29.4555725855827,36.6649784631729,26.1598441843987,47.8910533297062
"12293001",1998,38.415834176302,43.4624182906151,66.4295255863667,26.8807847721577,44.3893419034481,39.960706864357,52.9376374440193,43.7713928282261,37.6948935885429,53.3496034941673,49.8478920679092,95.0611660716534
"12293001",1999,25.7478781342506,26.3658272094727,30.2795046858788,25.2329205715656,30.7944622485638,7.10641436505318,31.2064282987118,56.5423403828144,48.7149854300022,70.1372200376987,10.4021427662373,252.226214203119
"12293001",2000,21.0102685575485,79.200473140955,36.3560039255619,64.1637123105526,128.224433108568,38.724808713913,43.7713928282261,144.600083601952,41.711562577486,44.1833588783741,42.2265201401711,52.7316544189453
"12293001",2001,71.5791012132168,36.4589954380989,63.9577292854786,26.5718102345467,40.784638964653,63.7517462604046,124.928704707384,229.053123882294,169.318046610832,34.5021566998959,318.243773739338,NA
"12293001",2002,2.78077083849907,17.8175316689014,74.7718381018638,33.3692500619888,52.3196883687973,30.6914707360268,83.5261166675091,173.643690137386,180.338138452291,116.174426141739,85.0709893555641,35.9440378754139
"12293001",2003,97.7389453976154,50.2598581180572,171.274885349035,22.2461667079926,24.4089884712696,9.57821066594124,43.5654098031521,27.6017253599167,25.4389035966396,31.2064282987118,78.994490115881,23.4820648584366
"12293001",2004,39.445749301672,13.6978711674213,50.5688326556683,49.1269514801502,18.3324892315865,38.0038681261539,18.6414637691975,55.8213997950554,NA,18.2294977190495,34.0901906497479,NA
"12293001",2005,28.3226659476757,4.1196605014801,65.7085849986076,112.569723202944,25.2329205715656,32.4423264491558,12.3589815044403,58.4991791210175,23.1730903208256,44.8013079535961,35.0171142625809,25.2329205715656
"12293001",2006,56.1303743326664,21.8342006578445,66.4295255863667,54.0705440819263,16.4786420059204,19.5683873820305,15.4487268805504,42.9474607279301,54.0705440819263,26.2628356969357,17.5085571312904,57.8812300457954
"12293001",2007,63.3397802102566,29.3525810730457,19.2594128444195,NA,41.608571064949,67.9743982744217,23.1730903208256,30.5884792234898,20.5983025074005,64.8846528983116,39.651732326746,28.3226659476757
"12293001",2008,19.0534298193455,31.9273688864708,43.2564352655411,62.7218311350346,52.0107138311863,49.9508835804462,26.2628356969357,33.9871991372108,16.4786420059204,38.1068596386909,63.3397802102566,25.5418951091766
"12293001",2009,38.621817201376,36.5619869506359,42.2265201401711,89.3966328821182,86.5128705310822,36.0470293879509,22.2461667079926,47.8910533297062,34.5021566998959,33.4722415745258,44.2863503909111,3.60470293879509
"12293001",2010,73.1239739012718,24.2030054461956,30.0735216608047,58.8081536586285,31.8243773739338,29.4555725855827,22.6581327581406,44.2863503909111,39.754723839283,54.0705440819263,9.68120217847824,16.2726589808464
"12640001",1981,NA,NA,NA,NA,NA,NA,NA,NA,NA,NA,NA,NA
"12640001",1982,NA,NA,NA,NA,NA,NA,NA,NA,NA,NA,NA,NA
"12640001",1983,NA,NA,NA,NA,NA,NA,NA,NA,NA,NA,NA,NA
"12640001",1984,58.5697803783417,18.4957201194763,9.24786005973816,12.3304800796509,8.52858205509186,1.02754000663757,3.08262001991272,3.08262001991272,3.59639002323151,5.65147003650665,1.02754000663757,1.02754000663757
"12640001",1985,2.05508001327515,5.13770003318787,14.8993300962448,29.7986601924896,28.7711201858521,35.9639002323151,26.7160401725769,0.205508001327515,12.3304800796509,5.13770003318787,20.5508001327515,6.16524003982544
"12640001",1986,0.205508001327515,0.822032005310059,0.719278004646301,11.7139560756683,33.4978042163849,26.7160401725769,0.616524003982544,0.360558751510622,0.597678749347821,0.0823340080445357,1.54131000995636,0.718112111029226
"12640001",1987,23.4279121513367,13.8717900896072,0.513770003318787,2.46609601593018,1.4385560092926,11.7139560756683,0.632590949145429,0.639354132121097,0.177588038625679,0.205508001327515,20.3452921314239,0.998165766663397
"12640001",1988,4.82943803119659,0.616524003982544,2.77435801792145,5.95973203849792,2.46609601593018,1.02691092558703,2.56885001659393,0.205508001327515,0.724989200612666,10.2754000663757,0.616524003982544,0.0353788964715915
"12640001",1989,10.2754000663757,6.67901004314423,7.19278004646301,12.3304800796509,20.0370301294327,21.3728321380615,25.8940081672668,8.01481205177307,20.756308134079,0.0469594215320065,16.0296241035461,33.9088202190399
"12640001",1990,6.67901004314423,6.06248603916168,65.0432824201584,47.4723483066559,71.0030144586563,39.4575362548828,31.0317082004547,95.9722366199493,NA,18.9067361221313,21.6810941400528,25.0719761619568
"12640001",1991,23.0168961486816,35.9639002323151,71.4140304613113,50.3494603252411,40.5878302621841,54.4596203517914,39.5602902555466,33.3950502157211,33.9088202190399,29.7986601924896,16.4406401062012,70.9002604579926
"12640001",1992,5.13770003318787,36.9914402389526,17.9819501161575,25.6885001659393,20.5508001327515,16.95441010952,15.4131000995636,5.13770003318787,12.3304800796509,10.7891700696945,1.02754000663757,1.54131000995636
"12640001",1993,26.7160401725769,25.1747301626205,16.95441010952,10.8919240703583,6.67901004314423,4.62393002986908,6.67901004314423,24.6609601593018,9.76163006305695,1.54131000995636,2.05508001327515,7.7065500497818
"12640001",1994,1.54131000995636,NA,28.7711201858521,36.4776702356339,26.2022701692581,25.1747301626205,9.24786005973816,11.3029400730133,0.822032005310059,0.0245404970776834,54.4596203517914,41.6153702688217
"12640001",1995,9.76163006305695,14.6938220949173,11.3029400730133,8.73409005641937,28.2573501825333,3.08262001991272,9.76163006305695,7.19278004646301,0.257243184019098,1.02754000663757,5.65147003650665,34.9363602256775
"12640001",1996,35.9639002323151,28.7711201858521,59.0835503816605,35.9639002323151,43.1566802787781,22.7086341466904,34.9363602256775,0.671419489001907,0.129027158559202,0.982067861185315,9.24786005973816,30.928954199791
"12640001",1997,27.2298101758957,7.09002604579926,19.9342761287689,25.1747301626205,24.3526981573105,14.0772980909348,17.2626721115112,6.67901004314423,55.1788983564377,19.9342761287689,16.6461481075287,25.2774841632843
"12640001",1998,29.2848901891708,55.7954223604202,7.50104204845428,5.5487160358429,55.5899143590927,1.33580200862885,26.6132861719131,22.8113881473541,9.24786005973816,9.96713806438446,38.532750248909,20.756308134079
"12640001",1999,5.75422403717041,10.3781540670395,7.80930405044556,23.3251581506729,7.19278004646301,15.9268701028824,9.76163006305695,11.8167100763321,19.9342761287689,9.04235205841064,5.95973203849792,2.26058801460266
"12640001",2000,3.08262001991272,48.8081503152847,21.2700781373978,31.8537402057648,2.36334201526642,5.65147003650665,0.513770003318787,1.02754000663757,3.08262001991272,19.6260141267777,19.5232601261139,42.1291402721405
"12640001",2001,21.0645701360703,27.2298101758957,7.19278004646301,17.4681801128387,13.3580200862885,3.59639002323151,0.541477597076256,8.73409005641937,11.3029400730133,4.11016002655029,10.7891700696945,4.62393002986908
"12640001",2002,3.08262001991272,0.695738817593604,192.663751244545,11.3029400730133,4.62393002986908,4.62393002986908,7.7065500497818,9.24786005973816,28.2573501825333,18.4957201194763,16.4406401062012,4.11016002655029
"12640001",2003,16.4406401062012,29.7986601924896,46.2393002986908,15.4131000995636,150.020840969086,22.0921101427078,30.3124301958084,4.62393002986908,17.4681801128387,26.2022701692581,4.11016002655029,29.9014141931534
"12640001",2004,7.19278004646301,7.7065500497818,25.6885001659393,14.8993300962448,7.19278004646301,50.3494603252411,7.19278004646301,10.7891700696945,11.3029400730133,19.5232601261139,33.3950502157211,17.4681801128387
"12640001",2005,26.5105321712494,2.56885001659393,83.2307405376434,57.5422403717041,19.5232601261139,21.578340139389,5.65147003650665,43.6704502820969,1.54131000995636,24.6609601593018,25.1747301626205,52.4045403385162
"12640001",2006,49.3219203186035,47.7806103086472,17.1599181108475,38.0189802455902,15.9268701028824,18.4957201194763,63.1937104082108,51.3770003318787,35.55288422966,20.756308134079,8.73409005641937,42.6429102754593
"12640001",2007,55.487160358429,16.4406401062012,25.4829921646118,67.3038704347611,77.5792705011368,71.0030144586563,4.11016002655029,24.147190155983,16.95441010952,5.13770003318787,18.4957201194763,33.9088202190399
"12640001",2008,31.339970202446,39.7657982568741,32.6757722110748,37.9162262449264,98.643840637207,21.578340139389,29.6959061918259,82.8197245349884,52.7128023405075,0.780069292219721,36.1694082336426,3.90465202522278
"12640001",2009,11.3029400730133,3.59639002323151,13.8717900896072,13.3580200862885,16.95441010952,17.9819501161575,NA,39.0465202522278,0.148743713800227,6.16524003982544,0.026779873813289,0.258677789839208
"12640001",2010,2.05508001327515,0.259468520551678,9.24786005973816,0.855518571179691,1.13029400730133,16.0296241035461,3.28812802124023,23.9416821546555,21.167324136734,13.6662820882797,2.67160401725769,6.47350204181671
"12622002",1981,21.1134731787443,44.7404550692439,29.6594027987123,18.599964466989,37.7026306763291,75.4052613526583,49.2647707504034,71.8863491562009,5.52971916586161,8.04322787761688,21.6161749210954,6.53512265056372
"12622002",1982,44.2377533268929,20.1080696940422,20.6107714363933,21.1134731787443,17.0918592399359,16.5891574975848,46.2485602962971,37.7026306763291,47.2539637809992,59.3188055974245,19.1026662093401,14.0756487858295
"12622002",1983,29.6594027987123,47.7566655233502,29.7599431471825,49.3653110988736,42.3274867059588,13.8745680888891,9.85295415008068,39.0096552064419,5.52971916586161,6.83674369597435,36.2950657977462,20.9123924818039
"12622002",1984,46.0474795993566,34.8875009191632,15.5837540128827,22.8226591027379,50.4712549320459,26.6431923446059,18.599964466989,40.2161393880844,59.8215073397756,71.8863491562009,23.1242801481485,10.2551155439615
"12622002",1985,31.1675080257654,22.0183363149762,35.4907430099845,46.2485602962971,47.5555848264098,49.9685531896949,29.1567010563612,22.6215784057975,31.7707501165867,23.325360845089,23.82806258744,14.5783505281806
"12622002",1986,6.63566299903393,36.2950657977462,22.2194170119166,26.6431923446059,89.4809101384878,58.3134021127224,45.243156811595,4.22269463574886,6.23350160515308,11.0594383317232,34.1837184798718,10.7578172863126
"12622002",1987,24.1296836328506,23.9286029359102,3.51891219645739,26.4421116476655,20.007529345572,34.5858798737526,44.5393743723035,15.0810522705317,4.02161393880844,10.8583576347828,35.3902026615143,11.3610593771338
"12622002",1988,21.8172556180358,9.1491717107892,22.4204977088571,19.8064486486316,19.0021258608699,37.4010096309185,10.0540348470211,NA,NA,52.5826022499204,28.6539993140101,51.9793601590991
"12622002",1989,35.8929044038653,25.8388695568442,40.3166797365546,NA,NA,31.3685887227058,26.1404906022549,18.097262724638,49.7674724927545,20.1080696940422,24.1296836328506,29.8604834956527
"12622002",1990,35.6918237069249,10.5567365893722,63.4409598847032,32.7761536012888,98.0268397584558,35.1891219645739,30.6648062834144,58.5144828096628,19.6053679516912,50.2701742351055,76.5112051858306,24.8334660721421
"12622002",1991,30.1621045410633,25.6377888599038,91.491717107892,38.3058727671504,26.6431923446059,53.2863846892118,23.1242801481485,25.1350871175528,39.3112762518525,21.6161749210954,21.2140135272145,38.7080341610312
"12622002",1992,2.11134731787443,20.4096907394528,58.615023158133,36.3956061462164,16.4886171491146,32.1729115104675,23.5264415420294,11.4615997256041,21.7167152695656,25.8388695568442,27.9502168747187,24.6323853752017
"12622002",1993,41.5231639181971,62.8377177938819,93.7036047742367,89.3803697900176,16.3880768006444,3.51891219645739,8.54592961996794,31.6702097681165,15.4832136644125,26.1404906022549,6.53512265056372,35.8929044038653
"12622002",1994,4.12215428727865,21.0129328302741,34.284258828342,31.0669676772952,18.3988837700486,11.9643014679551,14.1761891342998,0.303492409605082,31.0669676772952,7.03782439291477,50.973956674397,20.9123924818039
"12622002",1995,8.2443085745573,18.097262724638,40.7188411304355,10.0540348470211,NA,NA,23.1242801481485,99.5349449855089,15.9859154067636,5.83134021127224,21.7167152695656,20.1080696940422
"12622002",1996,29.056160707891,33.8820974344611,41.6237042666674,74.299317519486,43.835591933012,39.4118166003227,10.5567365893722,17.6951013307571,7.13836474138498,15.5837540128827,15.0810522705317,24.4313046782613
"12622002",1997,19.7059083001614,17.8961820276976,20.1080696940422,50.1696338866353,32.1729115104675,4.02161393880844,0.246483349291348,0.899362999966943,NA,NA,25.1350871175528,39.4118166003227
"12622002",1998,13.9751084373593,15.3826733159423,27.145894086957,26.3415712991953,41.4226235697269,35.1891219645739,52.0799005075693,35.7923640553951,23.325360845089,30.1621045410633,52.0799005075693,36.9988482370377
"12622002",1999,23.5264415420294,26.8442730415463,3.01621045410633,9.24971205925941,18.9015855123997,12.4670032103062,22.4204977088571,26.1404906022549,44.5393743723035,31.6702097681165,14.779431225121,12.9697049526572
"12622002",2000,53.8896267800331,23.6269818904996,65.5523072025776,82.9457874879241,9.55133310467005,21.6161749210954,44.2377533268929,17.0918592399359,25.5372485114336,43.7350515845418,30.6648062834144,19.8064486486316
"12622002",2001,42.1264060090184,40.7188411304355,7.64106648373604,17.0918592399359,28.6539993140101,11.6626804225445,22.0183363149762,40.7188411304355,21.8172556180358,12.2659225133657,17.0918592399359,11.1599786801934
"12622002",2002,4.02161393880844,15.0810522705317,121.452740952015,18.097262724638,38.10479207021,18.097262724638,31.8712904650569,42.2269463574886,37.4010096309185,66.1555492933988,19.1026662093401,9.55133310467005
"12622002",2003,49.9685531896949,30.6648062834144,61.8323143091798,23.1242801481485,68.4679773082137,41.2215428727865,33.9826377829313,23.1242801481485,16.0864557552338,59.8215073397756,12.5675435587764,43.7350515845418
"12622002",2004,15.0810522705317,48.7620690080524,12.5675435587764,37.7026306763291,14.0756487858295,40.2161393880844,8.54592961996794,26.1404906022549,7.03782439291477,25.4367081629634,44.2377533268929,22.8226591027379
"12622002",2005,22.6215784057975,4.02161393880844,75.4052613526583,64.3458230209351,14.8799715735912,13.0702453011274,1.00540348470211,34.1837184798718,10.6572769378424,27.648595829308,25.6377888599038,24.5318450267315
"12622002",2006,64.0442019755244,38.0042517217398,16.8907785429955,64.8485247632861,11.1599786801934,23.1242801481485,21.3145538756847,15.8853750582933,72.7912122924328,28.3523782685995,4.5243156811595,41.7242446151376
"12622002",2007,45.243156811595,14.1761891342998,34.9880412676334,54.0907074769735,62.3350160515308,41.7242446151376,11.0594383317232,7.54052613526583,2.51350871175528,36.697227191627,7.74160683220625,18.599964466989
"12622002",2008,5.63025951433182,4.02161393880844,28.3523782685995,16.0864557552338,NA,NA,23.1242801481485,10.0540348470211,0.813859001048393,6.93728404444456,87.2690224721432,41.5231639181971
"12622002",2009,12.5675435587764,28.1512975716591,18.097262724638,68.8701387020946,32.1729115104675,4.02161393880844,23.4259011935592,NA,3.01621045410633,2.01080696940422,NA,2.01080696940422
"12622002",2010,45.9469392508864,19.5048276032209,23.82806258744,50.2701742351055,28.8550800109506,32.5750729043484,13.3718663465381,59.5198862943649,25.738329208374,13.7740277404189,7.64106648373604,4.72539637809992
"12802002",1981,NA,NA,NA,NA,NA,NA,NA,NA,NA,NA,NA,NA
"12802002",1982,NA,NA,NA,NA,NA,NA,NA,NA,NA,NA,NA,NA
"12802002",1983,NA,NA,NA,NA,NA,NA,NA,NA,NA,NA,NA,NA
"12802002",1984,72.8014457740784,NA,17.6910729789734,19.2993523406982,20.3715385818481,13.9384211349487,18.2271660995483,25.7324697875977,31.0934009933472,50.3927533340454,9.64967617034912,0.327231099569054
"12802002",1985,17.1549798583984,13.9384211349487,32.1655872344971,25.7324697875977,40.7430771636963,36.4543321990967,8.57748992919922,5.36093120574951,27.8768422698975,1.17940486526489,1.92993523406982,2.57324697875977
"12802002",1986,0.164170334998653,0.139116181351171,18.2271660995483,26.8046560287476,60.0424295043945,4.28874496459961,21.443724822998,4.28874496459961,4.28874496459961,9.64967617034912,38.5987046813965,15.0106073760986
"12802002",1987,36.4543321990967,44.174073135376,15.7611377449036,22.087036567688,41.2791702842712,18.0127288513184,NA,3.10934009933472,7.50530368804932,8.04139680862427,24.4458462982178,24.4458462982178
"12802002",1988,14.1528583831787,20.4787572059631,41.1719516601562,29.4851216316223,30.0212147521973,NA,18.2271660995483,21.3365061988831,3.00212147521973,33.237773475647,29.9139961280823,NA
"12802002",1989,NA,52.2154699440002,0.643311744689941,31.2006196174622,17.9055102272034,34.7388342132568,17.9055102272034,21.872599319458,2.78768422698975,19.8354454612732,19.0849150924683,20.2643199577332
"12802002",1990,NA,9.75689479446411,60.3640853767395,24.9819394187927,62.1868019866943,27.8768422698975,30.7717451210022,51.3577209510803,55.110372795105,17.6910729789734,22.6231296882629,36.2398949508667
"12802002",1991,49.2133484687805,65.1889234619141,53.1804375610352,36.5615508232117,28.1984981422424,33.9883038444519,6.5403360710144,11.043518283844,56.5042149085999,13.0806721420288,34.6316155891418,86.3109924125671
"12802002",1992,21.443724822998,21.1220689506531,71.8364781570435,4.61040083694458,32.594461730957,34.3099597167969,12.3301417732239,11.5796114044189,35.5965832061768,38.9203605537415,16.0827936172485,97.2472920722961
"12802002",1993,NA,73.5519761428833,31.7367127380371,18.8704778442383,4.82483808517456,4.82483808517456,24.9819394187927,28.0912795181274,20.6931944541931,18.7632592201233,5.03927533340454,21.1220689506531
"12802002",1994,30.5573078727722,32.487243106842,24.6602835464478,35.0604900856018,17.3694171066284,32.487243106842,11.7940486526489,8.36305268096924,10.721862411499,5.68258707809448,15.3322632484436,22.087036567688
"12802002",1995,NA,28.6273726387024,24.6602835464478,9.11358304977417,37.2048625679016,10.721862411499,18.3343847236633,9.64967617034912,8.47027130508423,9.64967617034912,16.8333239860535,30.9861823692322
"12802002",1996,48.0339436035156,36.5615508232117,55.8609031639099,50.1783160858154,35.3821459579468,17.1549798583984,7.93417818450928,9.43523892211914,23.8025345535278,15.3322632484436,16.7261053619385,31.3078382415771
"12802002",1997,0.368089621427659,76.982972114563,15.0106073760986,33.7738665962219,23.3736600570679,25.1963766670227,20.5859758300781,14.9033887519836,20.4787572059631,17.1549798583984,20.3715385818481,10.829081035614
"12802002",1998,8.68470855331421,4.07430771636963,32.1655872344971,8.57748992919922,25.9469070358276,17.1549798583984,16.0827936172485,10.721862411499,10.1857692909241,17.9055102272034,36.9904253196716,31.9511499862671
"12802002",1999,12.3301417732239,NA,16.5116681137085,15.7611377449036,18.2271660995483,9.64967617034912,24.1241904258728,17.6910729789734,35.9182390785217,6.96921056747436,8.57748992919922,21.443724822998
"12802002",2000,16.6188867378235,23.0520041847229,34.0955224685669,15.0106073760986,29.3779030075073,11.7940486526489,17.1549798583984,6.00424295043945,21.443724822998,10.1857692909241,25.9469070358276,13.9384211349487
"12802002",2001,54.681498298645,34.8460528373718,4.82483808517456,26.2685629081726,18.7632592201233,24.6602835464478,5.36093120574951,23.4808786811829,10.721862411499,2.68046560287476,19.2993523406982,4.28874496459961
"12802002",2002,41.2791702842712,13.4023280143738,8.57748992919922,36.4543321990967,27.3407491493225,9.11358304977417,17.3694171066284,15.6539191207886,34.4171783409119,36.4543321990967,36.4543321990967,24.6602835464478
"12802002",2003,48.2483808517456,53.5020934333801,42.8874496459961,8.57748992919922,41.8152634048462,40.7430771636963,26.8046560287476,9.64967617034912,13.9384211349487,25.7324697875977,27.8768422698975,NA
"12802002",2004,NA,NA,NA,NA,NA,NA,NA,NA,NA,NA,NA,NA
"12802002",2005,39.6708909225464,2.68046560287476,42.7802310218811,33.237773475647,52.0010326957703,9.11358304977417,13.4023280143738,17.6910729789734,11.5796114044189,18.2271660995483,59.5063363838196,6.43311744689941
"12802002",2006,98.641134185791,11.7940486526489,27.3407491493225,15.0106073760986,5.36093120574951,70.7642919158936,17.1549798583984,43.852417263031,33.237773475647,17.6910729789734,NA,24.6602835464478
"12802002",2007,20.4787572059631,NA,12.8662348937988,41.2791702842712,11.7940486526489,6.43311744689941,7.50530368804932,13.9384211349487,13.9384211349487,23.5880973052979,24.6602835464478,47.1761946105957
"12802002",2008,2.1443724822998,39.1347978019714,48.2483808517456,27.8768422698975,5.36093120574951,7.50530368804932,15.9755749931335,NA,15.0106073760986,16.0827936172485,50.9288464546204,20.3715385818481
"12802002",2009,NA,52.3226885681152,21.979817943573,57.3619639015198,26.8046560287476,0.100870450221622,9.11358304977417,21.0148503265381,4.28874496459961,13.9384211349487,2.1443724822998,5.36093120574951
"12802002",2010,1.02719596909662,52.5371258163452,22.515911064148,37.5265184402466,28.6273726387024,11.7940486526489,8.57748992919922,28.9490285110474,24.8747207946777,12.3301417732239,22.8375669364929,12.8662348937988
"12806004",1981,18.0259788513184,48.4448181629181,47.8815063238144,26.4756564378738,75.4837864398956,10.1396131038666,106.465937590599,43.9383234500885,1.1266236782074,18.5892906904221,14.0827959775925,39.9951405763626
"12806004",1982,37.1785813808441,NA,27.0389682769775,22.5324735641479,25.3490327596664,24.7857209205627,19.1526025295258,5.63311839103699,23.6590972423553,58.5844312667847,37.1785813808441,16.899355173111
"12806004",1983,23.6590972423553,39.4318287372589,32.6720866680145,58.5844312667847,50.6980655193329,3.94318287372589,7.88636574745178,22.5324735641479,7.32305390834808,8.7876646900177,24.222409081459,12.9561722993851
"12806004",1984,81.6802166700363,22.5324735641479,12.9561722993851,22.3071488285065,14.6461078166962,19.1526025295258,6.75974206924438,37.7418932199478,29.855527472496,54.6412483930588,14.4207830810547,NA
"12806004",1985,5.06980655193329,28.1655919551849,43.4876739788055,41.572413725853,42.6990374040604,52.0500139331818,8.44967758655548,20.2792262077332,30.1935145759583,21.631174621582,55.8805344390869,35.6013082313538
"12806004",1986,10.3649378395081,NA,NA,37.5165684843063,69.8506680488586,23.4337725067139,25.5743574953079,6.87240443706512,3.60519577026367,21.7438369894028,45.9662460708618,12.5055228281021
"12806004",1987,49.0081300020218,9.80162600040436,26.4756564378738,50.4727407836914,39.2065040016174,31.9961124610901,35.1506587600708,22.7577982997894,11.6042238855362,21.631174621582,35.3759834957123,21.9691617250443
"12806004",1988,13.5194841384888,22.8704606676102,39.5444911050797,33.5733856105804,22.5324735641479,28.9542285299301,17.1246799087524,4.05584524154663,10.4776002073288,47.4308568525314,26.0250069665909,34.7000092887878
"12806004",1989,66.4707970142365,25.4616951274872,7.77370337963104,44.9522847604752,12.0548733568192,22.3071488285065,9.12565179347992,21.9691617250443,2.70389682769775,18.7019530582428,26.1376693344116,51.8246891975403
"12806004",1990,25.123708024025,11.9422109889984,51.7120268297195,26.1376693344116,93.509765291214,27.6022801160812,28.3909166908264,50.4727407836914,41.4597513580322,9.23831416130066,15.0967572879791,74.2445003938675
"12806004",1991,33.348060874939,51.4867020940781,88.32729637146,23.6590972423553,22.6451359319687,14.0827959775925,2.2532473564148,9.57630126476288,30.4188393115997,21.0678627824783,51.1487149906158,31.8834500932693
"12806004",1992,NA,NA,NA,NA,NA,NA,NA,NA,NA,NA,NA,NA
"12806004",1993,80.6662553596497,NA,NA,24.7857209205627,16.899355173111,0.544606218683967,14.5334454488754,45.9662460708618,21.9691617250443,15.2094196557999,3.37987103462219,20.2792262077332
"12806004",1994,72.1039154052734,NA,NA,57.1198204851151,31.5454629898071,37.7418932199478,15.7727314949036,14.7587701845169,11.8295486211777,6.19643023014069,85.9613866472244,21.9691617250443
"12806004",1995,NA,NA,33.9113727140427,13.5194841384888,4.50649471282959,28.7289037942886,19.1526025295258,6.75974206924438,NA,5.06980655193329,21.1805251502991,10.1396131038666
"12806004",1996,NA,NA,NA,NA,NA,NA,NA,NA,NA,NA,NA,NA
"12806004",1997,NA,20.9552004146576,22.7577982997894,31.0948135185242,38.3052050590515,21.4058498859406,19.7159143686295,24.7857209205627,34.3620221853256,5.06980655193329,25.9123445987701,NA
"12806004",1998,NA,NA,NA,NA,NA,NA,NA,NA,NA,NA,NA,NA
"12806004",1999,24.1097467136383,41.3470889902115,2.47857209205627,1.57727314949036,4.16850760936737,2.14058498859406,10.815587310791,36.0519577026367,55.5425473356247,21.4058498859406,30.4188393115997,34.9253340244293
"12806004",2000,89.0032705783844,NA,70.0759927845001,75.4837864398956,59.7110549449921,30.4188393115997,29.2922156333923,11.266236782074,29.2922156333923,23.6590972423553,89.3412576818466,137.448088741302
"12806004",2001,117.28152490139,111.310419406891,40.5584524154663,56.5565086460114,121.675357246399,46.4168955421448,67.5974206924438,18.0259788513184,13.7448088741302,24.7857209205627,30.4188393115997,41.6850760936737
"12806004",2002,62.1896270370483,20.6172133111954,33.1227361392975,67.5974206924438,14.6461078166962,5.63311839103699,30.4188393115997,55.3172225999832,60.9503409910202,70.0759927845001,61.9643023014069,45.1776094961166
"12806004",2003,66.3581346464157,18.0259788513184,164.599719386101,32.6720866680145,79.9902811527252,58.5844312667847,61.9643023014069,5.63311839103699,49.5714418411255,96.8896363258362,30.5315016794205,182.513035869598
"12806004",2004,79.9902811527252,114.014316234589,22.5324735641479,38.3052050590515,25.9123445987701,117.168862533569,27.0389682769775,21.4058498859406,31.5454629898071,41.6850760936737,110.409120464325,63.0909259796143
"12806004",2005,55.2045602321625,0.386772554486925,114.577628073692,73.2305390834808,87.9893092679977,49.5714418411255,25.9123445987701,64.2175496578216,33.9113727140427,38.530529794693,116.042238855362,119.422109889984
"12806004",2006,157.727314949036,92.3831416130066,49.5714418411255,23.6590972423553,NA,59.7110549449921,84.4967758655548,54.0779365539551,58.5844312667847,19.1526025295258,12.3928604602814,61.9643023014069
"12806004",2007,53.5146247148514,5.63311839103699,83.1448274517059,73.568526186943,69.8506680488586,46.1915708065033,13.5194841384888,9.01298942565918,25.9123445987701,34.9253340244293,49.5714418411255,72.3292401409149
"12806004",2008,30.5315016794205,109.282496786118,55.2045602321625,84.4967758655548,14.6461078166962,29.2922156333923,63.3162507152557,53.0639752435684,12.3928604602814,48.7828052663803,46.4168955421448,7.88636574745178
"12806004",2009,28.2782543230057,59.0350807380676,30.4188393115997,109.507821521759,23.6590972423553,12.3928604602814,15.7727314949036,86.7500232219696,7.88636574745178,19.1526025295258,39.4318287372589,22.8704606676102
"12806004",2010,103.762040762901,31.5454629898071,21.631174621582,51.937351565361,32.7847490358353,59.1477431058884,29.2922156333923,27.264293012619,34.7000092887878,41.6850760936737,13.5194841384888,4.50649471282959
"12449001",1981,NA,NA,NA,NA,NA,NA,NA,NA,NA,NA,NA,NA
"12449001",1982,NA,NA,NA,NA,NA,NA,NA,NA,NA,NA,NA,NA
"12449001",1983,NA,NA,NA,NA,NA,NA,NA,NA,NA,NA,NA,NA
"12449001",1984,NA,NA,NA,NA,NA,NA,NA,NA,NA,NA,NA,NA
"12449001",1985,NA,NA,NA,NA,NA,NA,NA,NA,NA,NA,NA,NA
"12449001",1986,NA,NA,NA,NA,NA,NA,NA,NA,NA,NA,NA,NA
"12449001",1987,NA,NA,NA,NA,NA,NA,NA,NA,NA,NA,NA,NA
"12449001",1988,NA,NA,NA,NA,NA,NA,NA,NA,NA,NA,NA,NA
"12449001",1989,NA,NA,NA,NA,NA,NA,NA,NA,NA,NA,NA,NA
"12449001",1990,NA,NA,35.366289383173,67.3980429102182,75.0775800334215,12.2266314724684,44.561524622798,68.7116479444504,26.2721006846428,35.366289383173,74.2692077046633,15.6622138696909
"12449001",1991,24.2511698627472,32.8401258558035,70.2273460608721,45.9761761981249,35.9725686297417,47.9971070200205,8.0837232875824,13.1360503423214,38.0945459927321,25.261635273695,28.6972176709175,60.4258315746784
"12449001",1992,26.2721006846428,8.0837232875824,58.0007145884037,33.4464051023722,29.3034969174862,33.8505912667513,13.1360503423214,6.5680251711607,35.8715220886469,49.5128051364422,20.209308218956,45.470943492651
"12449001",1993,38.9029183214903,49.0075724309683,76.2901385265589,50.0180378419161,22.7354717463255,13.1360503423214,20.209308218956,63.1540881842375,32.8401258558035,59.1122265404463,26.7773333901167,28.7982642120123
"12449001",1994,14.6517484587431,49.5128051364422,42.9447799652815,60.627924656868,25.261635273695,34.3558239722252,16.1674465751648,11.1151195204258,37.3872202050686,21.7250063353777,56.0808303076029,54.0598994857073
"12449001",1995,14.6517484587431,38.3976856160164,74.7744404101372,38.3976856160164,60.627924656868,16.6726792806387,48.5023397254944,11.6203522258997,32.7390793147087,22.7354717463255,11.6203522258997,15.156981164217
"12449001",1996,23.7459371572733,10.6098868149519,64.2656001362801,95.994214040041,66.1854844170809,23.7459371572733,13.1360503423214,33.3453585612774,10.104654109478,10.6098868149519,30.313962328434,47.4918743145466
"12449001",1997,19.1988428080082,33.3453585612774,42.4395472598076,79.3215347594023,35.8715220886469,16.1674465751648,30.313962328434,34.8610566776991,50.0180378419161,19.7040755134821,61.0321108212471,26.7773333901167
"12449001",1998,45.9761761981249,77.3006039375067,35.366289383173,21.2197736299038,87.4052580469847,59.1122265404463,117.213987669945,68.2064152389765,49.0075724309683,52.5442013692856,45.470943492651,53.0494340747595
"12449001",1999,16.6726792806387,28.7982642120123,0.926171596534718,34.8610566776991,32.8401258558035,14.1465157532692,39.4081510269642,96.4994467455149,45.470943492651,40.418616437912,16.1674465751648,33.3453585612774
"12449001",2000,42.9447799652815,23.7459371572733,45.9761761981249,59.1122265404463,34.3558239722252,25.7668679791689,61.6383900678158,33.3453585612774,20.7145409244299,36.8819874995947,28.7982642120123,53.5546667802334
"12449001",2001,68.2064152389765,55.0703648966551,20.7145409244299,29.3034969174862,48.5023397254944,70.2273460608721,33.3453585612774,62.1436227732897,29.3034969174862,23.2407044517994,22.2302390408516,28.2930315065384
"12449001",2002,3.0313962328434,28.2930315065384,39.1050114036799,36.4778013352156,13.8433761299849,22.028145958662,11.1151195204258,26.7773333901167,50.4222240062952,56.5860630130768,13.1360503423214,19.5019824312925
"12449001",2003,44.0562919173241,2.82930315065384,83.3633964031935,13.1360503423214,77.8058366429806,54.5651321911812,59.1122265404463,8.5889559930563,7.0732578766346,NA,29.8087296229601,38.2966390749216
"12449001",2004,43.0458265063763,30.313962328434,47.9971070200205,74.2692077046633,7.0732578766346,75.2796731156111,34.3558239722252,57.0912957185507,24.7564025682211,33.3453585612774,43.5510592118502,NA
"12449001",2005,18.1883773970604,1.0104654109478,71.9451372594833,47.1887346912622,26.4741937668324,3.13244277393818,3.5366289383173,57.6975749651194,17.1779119861126,45.470943492651,30.313962328434,23.7459371572733
"12449001",2006,NA,29.3034969174862,34.3558239722252,94.9837486290932,25.261635273695,38.3976856160164,41.7322214721441,15.156981164217,NA,27.7877988010645,11.014072979331,61.537343526721
"12449001",2007,45.470943492651,32.9411723968983,63.0530416431427,119.133871950746,26.2721006846428,35.9725686297417,5.15337359583378,24.6553560271263,45.470943492651,29.8087296229601,9.5994214040041,21.9270994175673
"12449001",2008,3.5366289383173,49.4117585953474,55.575597602129,60.5268781157732,0.30313962328434,22.028145958662,14.4496553765535,38.9029183214903,14.4496553765535,40.2165233557224,31.223381198287,24.2511698627472
"12449001",2009,18.6936101025343,37.8924529105425,47.9971070200205,NA,NA,NA,0.40418616437912,60.627924656868,42.237454177618,25.261635273695,18.6936101025343,0.5052327054739
"12449001",2010,20.3103547600508,7.88163020539284,3.73872202050686,15.0559346231222,14.6517484587431,47.5929208556414,23.3417509928942,30.6171019517183,10.0036075683832,16.8747723628283,9.80151448619366,5.45651321911812
"12586004",1981,17.6922250401974,39.4368591678143,49.4196230173111,28.4657028579712,84.3098768675327,15.8142793655396,149.939136234522,95.0833546853065,11.1688348019123,11.9595487701893,27.0819534134865,33.0123081755638
"12586004",1982,64.8385453987122,20.4597239291668,18.6806175005436,31.134362500906,28.9598990881443,22.1399911117554,58.5128336524963,16.209636349678,56.8325664699078,60.4896185731888,26.4889179372787,29.8494523024559
"12586004",1983,41.4136440885067,36.1751640486717,20.7562416672707,79.8621107959747,96.4671041297913,16.7038325798511,7.01758646845818,66.0246163511276,7.90713968276978,34.3960576200485,19.8666884529591,17.5933857941627
"12586004",1984,78.0830043673515,22.23883035779,16.3084755957127,53.8673890888691,32.1227549612522,13.6398159527779,30.8378447628021,57.820958930254,40.7217693662643,60.1931008350849,15.4189223814011,8.59901440501213
"12586004",1985,36.4716817867756,40.7217693662643,54.0650675809383,57.2279234540462,84.7052338516712,68.2979190099239,24.0179367864132,49.716140755415,47.7393558347225,48.134712818861,42.0066795647144,26.0935609531403
"12586004",1986,21.448116389513,45.268374683857,65.6292593669891,35.4832893264294,95.5775509154797,81.4435387325287,36.7681995248795,6.52339023828506,13.4421374607086,26.7854356753826,81.8388957166672,35.6809678184986
"12586004",1987,52.1871219062805,38.448466707468,17.0991895639896,38.0531097233295,27.477310397625,33.0123081755638,67.507205041647,53.1755143666267,21.1515986514091,35.0879323422909,47.4428380966187,8.30249666690827
"12586004",1988,20.8550809133053,15.2212438893318,43.3904290091991,34.00070063591,19.0759744846821,58.7105121445656,12.1572272622585,37.0647172629833,14.924726151228,55.3499777793884,33.9018613898754,35.2856108343601
"12586004",1989,73.239881311655,39.7333769059181,33.1111474215984,70.4723824226856,24.0179367864132,86.3855010342598,23.1283835721016,22.4365088498592,32.9134689295292,12.7502627384663,38.448466707468,39.7333769059181
"12586004",1990,30.2448092865944,17.791064286232,52.2859611523151,35.4832893264294,101.705584169626,33.4076651597023,53.9662283349037,96.7636218678951,57.9197981762886,27.0819534134865,68.4955975019932,48.2335520648956
"12586004",1991,26.8842749214172,35.3844500803947,96.9613003599644,72.9433635735512,25.4016862308979,61.2803325414658,8.50017515897751,16.7038325798511,56.5360487318039,25.895882461071,40.6229301202297,90.9321063518524
"12586004",1992,29.2564168262482,12.3549057543278,86.7808580183983,31.2332017469406,26.7854356753826,30.4424877786636,6.81990797638893,13.9363336908817,40.7217693662643,44.1811429774761,15.2212438893318,36.5705210328102
"12586004",1993,76.0073802006245,82.5307704389095,85.7924655580521,40.7217693662643,24.3144545245171,7.90713968276978,24.9074900007248,66.1234555971622,36.372842540741,33.8030221438408,10.3781208336353,21.2504378974438
"12586004",1994,26.2912394452095,43.9834644854069,59.1058691287041,88.4611252009869,41.9078403186798,52.1871219062805,27.2796319055557,25.2040077388287,43.5881075012684,18.7794567465782,37.5589134931564,37.7565919852257
"12586004",1995,17.8899035322666,37.2623957550526,63.2571174621582,33.9018613898754,49.9138192474842,24.5121330165863,49.8149800014496,17.4945465481281,25.6982039690018,37.8554312312603,16.5061540877819,15.0235653972626
"12586004",1996,34.2972183740139,24.1167760324478,74.2282737720013,80.059789288044,87.4727327406406,21.6457948815823,17.5933857941627,53.2743536126614,16.9015110719204,25.0063292467594,23.3260620641708,33.0123081755638
"12586004",1997,36.2740032947063,33.2099866676331,48.925426787138,105.560314764976,60.687297065258,14.8258869051933,59.6989046049118,56.6348879778385,57.030244961977,26.1924001991749,24.2156152784824,65.0362238907814
"12586004",1998,64.7397061526775,39.3380199217796,31.0355232548714,15.2212438893318,102.298619645834,37.7565919852257,96.269425637722,79.4667538118362,35.3844500803947,54.9546207952499,51.791764922142,56.5360487318039
"12586004",1999,28.8610598421097,47.1463203585148,13.2444589686394,16.5061540877819,25.3028469848633,22.3376696038246,49.9138192474842,117.223345797062,38.1519489693642,46.3556063902378,13.9363336908817,30.6401662707329
"12586004",2000,61.7745287716389,20.0643669450283,52.2859611523151,40.3264123821259,41.2159655964375,33.9018613898754,62.1698857557774,21.2504378974438,29.6517738103867,42.1055188107491,25.4016862308979,60.4896185731888
"12586004",2001,82.6296096849441,50.8033724617958,34.791414604187,28.0703458738327,52.7801573824882,66.1234555971622,35.0879323422909,45.268374683857,35.4832893264294,18.3840997624397,12.8491019845009,27.8726673817635
"12586004",2002,8.79669289708137,32.8146296834946,26.2912394452095,28.2680243659019,23.2272228181362,71.8561318671703,42.3031973028183,78.9725575816631,71.9549711132049,71.6584533751011,35.8786463105679,34.0995398819447
"12586004",2003,54.8557815492153,21.448116389513,102.100941153765,24.7098115086555,81.8388957166672,37.9542704772949,52.8789966285229,15.6166008734703,25.4016862308979,64.6408669066429,23.820258294344,80.6528247642517
"12586004",2004,39.239180675745,32.8146296834946,36.6693602788448,67.9025620257854,28.2680243659019,100.816030955315,69.7805077004433,24.1167760324478,41.5124833345413,28.9598990881443,50.7045332157612,27.3784711515903
"12586004",2005,25.5993647229671,1.68026718258858,70.2747039306164,98.3450498044491,49.0242660331726,18.3840997624397,27.3784711515903,72.3503280973434,37.6577527391911,71.0654178988934,56.0418525016308,31.134362500906
"12586004",2006,88.3622859549522,27.0819534134865,49.3207837712765,110.304598574638,38.3496274614334,63.9489921844006,42.6985542869568,37.8554312312603,79.9609500420094,43.9834644854069,19.5701707148552,61.3791717875004
"12586004",2007,38.0531097233295,48.8265875411034,52.8789966285229,106.845224963427,45.0706961917877,61.6756895256042,24.0179367864132,30.1459700405598,42.7973935329914,38.448466707468,19.0759744846821,71.9549711132049
"12586004",2008,15.4189223814011,47.5416773426533,45.5648924219608,53.7685498428345,15.0235653972626,19.1748137307167,58.8093513906002,123.054861313105,9.7850853574276,47.2451596045494,58.3151551604271,27.1807926595211
"12586004",2009,14.0351729369164,36.7681995248795,34.8902538502216,114.752364646196,57.5244411921501,33.7041828978062,43.8846252393723,79.7632715499401,19.9655276989937,21.2504378974438,21.6457948815823,6.72106873035431
"12586004",2010,76.8969334149361,24.3144545245171,19.8666884529591,36.7681995248795,34.5937361121178,73.5363990497589,28.5645421040058,44.2799822235107,53.6202909737825,35.0879323422909,37.0647172629833,26.4889179372787
"12586005",1981,56.5324375343323,80.8998675060272,75.8314420719147,35.0890991592407,78.9504731082916,33.1397047615051,116.963663864136,75.0516843128204,10.7216691875458,5.26336487388611,3.41144019603729,3.02156131649017
"12586005",1982,48.7348599433899,20.4686411762238,16.5698523807526,33.1397047615051,17.5445495796204,8.96721422958374,55.5577403354645,12.6710635852814,19.493943977356,2.92409159660339,44.8360711479187,36.0637963581085
"12586005",1983,44.8360711479187,50.1969057416916,38.9878879547119,169.597312602997,105.267297477722,40.9372823524475,10.7216691875458,117.938361063004,19.493943977356,82.8492619037628,47.7601627445221,30.2156131649017
"12586005",1984,75.0516843128204,7.79757759094238,26.3168243694305,26.3168243694305,15.5951551818848,32.1650075626373,32.1650075626373,25.3421271705627,16.5698523807526,49.7095571422577,31.1903103637695,1.9493943977356
"12586005",1985,17.5445495796204,103.317903079987,34.1144019603729,77.001078710556,72.127592716217,117.938361063004,1.9493943977356,34.1144019603729,10.7216691875458,38.9878879547119,11.6963663864136,4.87348599433899
"12586005",1986,9.74697198867798,8.77227478981018,56.5324375343323,21.4433383750916,99.3216445646286,18.5192467784882,5.84818319320679,2.92409159660339,5.84818319320679,9.74697198867798,23.1977933330536,4.09372823524475
"12586005",1987,NA,NA,NA,NA,NA,NA,NA,NA,NA,NA,NA,NA
"12586005",1988,NA,NA,35.0890991592407,12.6710635852814,9.74697198867798,37.0384935569763,6.82288039207458,21.4433383750916,NA,13.6457607841492,13.6457607841492,5.84818319320679
"12586005",1989,8.77227478981018,7.79757759094238,30.2156131649017,39.9625851535797,48.7348599433899,34.1144019603729,18.5192467784882,30.2156131649017,18.6167164983749,29.2409159660339,43.5689647893906,45.2259500274658
"12586005",1990,40.8398126325607,1.07216691875458,71.0554257974625,55.3628008956909,274.767140360832,24.7573088512421,54.875452296257,27.5839307279587,70.0807285985947,33.2371744813919,107.996449634552,59.8464080104828
"12586005",1991,32.8472956018448,48.0525719041824,112.480056749344,89.3797331361771,29.6307948455811,81.874564704895,11.50142694664,13.2558819046021,49.3196782627106,33.627053360939,58.1894227724075,117.45101246357
"12586005",1992,53.4134064979553,28.4611582069397,131.584121847153,75.246623752594,57.5071347332001,25.1471877307892,3.21650075626373,19.3964742574692,33.627053360939,25.1471877307892,3.21650075626373,25.5370666103363
"12586005",1993,NA,153.514808821678,86.9429901390076,104.779948878288,16.5698523807526,0.0317648660647523,9.74697198867798,77.6833667497635,82.2644435844421,53.6083459377289,9.35709310913086,35.9663266382217
"12586005",1994,49.0272691030502,44.0563133888245,57.7020741729736,133.533516244888,67.3515764417648,54.1931642570496,17.1546707000732,8.1874564704895,20.1762320165634,9.25962338924408,20.7610503358841,17.9344284591675
"12586005",1995,1.65698523807526,59.5539988508225,24.2699602518082,41.1322217922211,112.869935628891,1.4620457983017,3.60637963581085,1.4620457983017,NA,45.9082380666733,26.3168243694305,12.2811847057343
"12586005",1996,11.6963663864136,29.4358554058075,74.5643357133865,74.0769871139526,57.8970136127472,5.94565291309357,0.136000124511167,9.25962338924408,16.5698523807526,3.31397047615051,7.31022899150848,0.728643526709382
"12586005",1997,13.7432305040359,4.38613739490509,37.0384935569763,85.2860049009323,3.41144019603729,NA,15.1078065824509,12.1837149858475,68.7161525201797,17.0572009801865,25.6345363302231,68.1313342008591
"12586005",1998,34.1144019603729,12.6710635852814,NA,29.7282645654678,196.401485571861,15.8875643415451,100.296341763496,18.5192467784882,40.4499337530136,14.620457983017,21.9306869745255,41.5221006717682
"12586005",1999,14.7179277029037,7.31022899150848,0.510492417132452,7.79757759094238,33.5295836410522,19.0065953779221,22.4180355739594,17.9344284591675,20.1762320165634,NA,25.1471877307892,37.623311876297
"12586005",2000,40.7423429126739,25.8294757699966,29.7282645654678,43.9588436689377,22.2230961341858,37.0384935569763,13.0609424648285,7.60263815116882,39.9625851535797,33.4321139211655,0.939688739814543,169.889721762657
"12586005",2001,46.5905261058807,24.3674299716949,13.6457607841492,12.8660030250549,26.2193546495438,26.8041729688644,0.552851850617176,11.3064875068665,24.3674299716949,4.38613739490509,48.5399205036163,NA
"12586005",2002,0.88330091467008,24.8547785711288,42.0094492712021,26.5117638092041,0.974697198867798,0.240991347521756,7.79757759094238,23.4902024927139,53.0235276184082,28.6560976467133,5.06842543411255,NA
"12586005",2003,29.5333251256943,2.82662187671661,31.3852498035431,12.1837149858475,68.5212130804062,NA,17.3496101398468,16.4723826608658,9.45456282901764,50.5867846212387,10.0393811483383,NA
"12586005",2004,NA,NA,NA,NA,NA,NA,NA,NA,NA,NA,NA,NA
"12586005",2005,10.1368508682251,0.00273489839146248,24.5623694114685,53.2184670581818,17.9344284591675,3.31397047615051,9.74697198867798,21.7357475347519,13.4508213443756,45.8107683467865,12.1837149858475,0.86043086256471
"12586005",2006,9.74697198867798,27.3889912881851,3.41144019603729,19.0065953779221,16.5698523807526,14.7179277029037,17.9344284591675,14.620457983017,44.9335408678055,NA,NA,21.8332172546387
"12586005",2007,15.497685461998,18.8116559381485,35.6739174785614,16.5698523807526,11.2090177869797,11.6963663864136,0.974697198867798,6.72541067218781,17.4470798597336,NA,NA,NA
"12586005",2008,0.105594731290421,22.8079144535065,32.0675378427505,33.3346442012787,7.40769871139526,7.11528955173492,7.50516843128204,22.4180355739594,NA,7.31022899150848,34.9916294393539,NA
"12586005",2009,8.96721422958374,6.82288039207458,17.25214041996,49.4171479825974,10.2343205881119,13.4508213443756,9.35709310913086,27.3889912881851,NA,12.2811847057343,19.493943977356,0.789784042448099
"12586005",2010,33.7245230808258,9.74697198867798,13.5482910642624,17.5445495796204,10.9166086273193,11.5988966665268,0.781097786683185,5.84818319320679,3.89878879547119,119.107997701645,72.127592716217,53.120997338295
"12809001",1981,NA,NA,NA,NA,NA,NA,NA,NA,NA,NA,NA,NA
"12809001",1982,NA,NA,NA,NA,NA,NA,NA,NA,NA,NA,NA,NA
"12809001",1983,NA,NA,NA,NA,NA,NA,NA,NA,NA,NA,NA,NA
"12809001",1984,NA,NA,NA,NA,NA,NA,NA,NA,NA,NA,NA,NA
"12809001",1985,NA,NA,NA,NA,NA,NA,NA,NA,NA,NA,NA,NA
"12809001",1986,NA,NA,NA,NA,NA,NA,NA,NA,NA,NA,NA,NA
"12809001",1987,NA,NA,NA,NA,NA,NA,NA,NA,NA,NA,NA,NA
"12809001",1988,NA,NA,NA,NA,NA,NA,NA,NA,NA,NA,NA,NA
"12809001",1989,NA,NA,NA,NA,NA,NA,NA,NA,NA,NA,NA,NA
"12809001",1990,NA,18.3352172966003,63.825123500824,51.7563728752136,72.0643667163849,48.9712765769959,49.6675506515503,42.0085358314514,75.1976000518799,27.3867802658081,27.5028259449005,59.7635247325897
"12809001",1991,46.1861802787781,55.005651889801,72.9927321491242,40.8480790405273,26.5744605121613,38.5271654586792,15.2019839611053,5.33810123825073,29.8237395267487,23.093090139389,34.1174296531677,65.2176716499329
"12809001",1992,31.1002419967651,23.093090139389,55.2377432479858,49.3194136142731,42.9369012641907,40.0357592868805,15.4340753192902,12.9971160583496,47.8108197860718,29.359556810379,25.4140037212372,32.6088358249664
"12809001",1993,81.9282494392395,41.6603987941742,81.9282494392395,37.3667086677551,29.359556810379,13.8094358119965,31.1002419967651,43.5171296596527,11.4885222301483,20.7721765575409,5.91832963371277,22.9770444602966
"12809001",1994,41.892490152359,14.8538469238281,66.4941741199493,66.6102197990417,36.9025259513855,40.7320333614349,1.74068518638611,36.7864802722931,28.6632827358246,17.0587148265839,33.5372012577057,70.671818567276
"12809001",1995,16.3624407520294,33.1890642204285,40.9641247196197,18.6833543338776,48.6231395397186,12.3008419837952,46.6503629951477,36.3222975559235,26.1102777957916,27.2707345867157,19.0314913711548,26.8065518703461
"12809001",1996,38.6432111377716,35.045795085907,106.413887727737,71.252046962738,69.8594988136292,16.4784864311218,21.1203135948181,32.6088358249664,33.1890642204285,32.0286074295044,26.1102777957916,55.005651889801
"12809001",1997,51.0600988006592,42.3566728687286,35.2778864440918,72.0643667163849,38.759256816864,49.6675506515503,32.6088358249664,46.7664086742401,55.3537889270782,26.226323474884,43.6331753387451,53.7291494197845
"12809001",1998,91.6760864830017,55.2377432479858,51.9884642333984,29.359556810379,75.3136457309723,39.6876222496033,57.7907481880188,47.1145457115173,24.2535469303131,38.2950741004944,39.1073938541412,38.6432111377716
"12809001",1999,18.4512629756927,32.0286074295044,19.4956740875244,15.5501209983826,34.6976580486298,13.6933901329041,29.8237395267487,52.4526469497681,42.2406271896362,12.6489790210724,24.3695926094055,11.3724765510559
"12809001",2000,63.2448951053619,48.6231395397186,57.558656829834,32.7248815040588,53.1489210243225,27.0386432285309,34.9297494068146,24.9498210048676,17.6389432220459,24.3695926094055,54.0772864570618,67.1904481945038
"12809001",2001,64.8695346126556,49.3194136142731,21.4684506320953,30.1718765640259,45.7219975624084,39.2234395332336,40.7320333614349,20.0759024829865,19.6117197666168,9.28365432739258,21.8165876693726,18.5673086547852
"12809001",2002,17.6389432220459,24.4856382884979,21.8165876693726,52.8007839870453,11.3724765510559,5.80228395462036,37.3667086677551,35.9741605186462,27.5028259449005,13.3452530956268,NA,17.6389432220459
"12809001",2003,14.5057098865509,32.2606987876892,17.2908061847687,27.1546889076233,34.0013839740753,32.7248815040588,23.6733185348511,34.2334753322601,44.2134037342072,47.578728427887,24.9498210048676,47.8108197860718
"12809001",2004,44.6775864505768,44.0973580551147,23.2091358184814,26.1102777957916,11.0243395137787,34.8137037277222,13.9254814910889,16.1303493938446,19.1475370502472,20.8882222366333,68.4669506645203,21.4684506320953
"12809001",2005,17.6389432220459,6.96274074554443,11.0243395137787,19.1475370502472,9.86388272285461,20.3079938411713,11.6045679092407,9.86388272285461,9.86388272285461,12.1847963047028,9.28365432739258,4.64182716369629
"12809001",2006,5.22205555915833,12.1847963047028,12.7650247001648,15.666166677475,10.4441111183167,19.1475370502472,11.6045679092407,1.74068518638611,9.28365432739258,12.1847963047028,7.54296914100647,1.16045679092407
"12809001",2007,11.6045679092407,26.6905061912537,48.739185218811,47.578728427887,6.3825123500824,24.9498210048676,8.70342593193054,11.6045679092407,17.4068518638611,10.4441111183167,10.4441111183167,5.22205555915833
"12809001",2008,2.90114197731018,2.90114197731018,9.6317913646698,18.5673086547852,13.9254814910889,29.0114197731018,52.2205555915832,42.9369012641907,25.5300494003296,27.2707345867157,27.8509629821777,17.9870802593231
"12809001",2009,22.6289074230194,26.1102777957916,28.4311913776398,50.1317333679199,38.8753024959564,22.7449531021118,22.0486790275574,62.0844383144379,23.7893642139435,9.86388272285461,27.2707345867157,4.06159876823425
"12809001",2010,71.9483210372925,22.6289074230194,26.6905061912537,48.158956823349,29.5916481685638,42.3566728687286,30.7521049594879,13.9254814910889,9.51574568557739,30.7521049594879,12.53293334198,11.7206135883331
"12815001",1981,NA,NA,NA,NA,NA,NA,NA,NA,NA,NA,NA,NA
"12815001",1982,NA,NA,NA,NA,NA,NA,NA,NA,NA,NA,NA,NA
"12815001",1983,NA,NA,NA,NA,NA,NA,NA,NA,NA,NA,NA,NA
"12815001",1984,NA,NA,NA,NA,NA,NA,NA,NA,NA,NA,NA,NA
"12815001",1985,NA,NA,NA,NA,NA,NA,NA,NA,NA,NA,NA,NA
"12815001",1986,NA,NA,NA,NA,NA,NA,NA,NA,NA,NA,NA,NA
"12815001",1987,NA,NA,NA,NA,NA,NA,NA,NA,NA,NA,NA,NA
"12815001",1988,NA,NA,NA,NA,NA,NA,NA,NA,NA,NA,NA,NA
"12815001",1989,NA,NA,NA,NA,NA,NA,NA,NA,NA,NA,NA,NA
"12815001",1990,39.8290436220169,13.6400834321976,60.5619704389572,37.6466302728653,68.2004171609879,27.2801668643951,32.1905968999863,37.1010269355774,28.3713735389709,19.6417201423645,19.0961168050766,70.3828305101395
"12815001",1991,28.3713735389709,62.3079011182785,78.4577599020004,28.2622528715134,34.9186135864258,8.29317072677612,1.20032734203339,0.109120667457581,18.5505134677887,6.54724004745483,20.9511681518555,57.9430744199753
"12815001",1992,22.9153401660919,39.0651989498138,62.1987804508209,33.82740691185,30.5537868881226,32.0814762325287,4.14658536338806,10.9120667457581,28.4804942064285,30.5537868881226,26.5163221921921,34.7003722515106
"12815001",1993,52.9235237169266,24.6612708454132,49.431662358284,25.752477519989,26.0798395223618,6.98372271728516,38.1922336101532,18.5505134677887,11.5667907505035,37.973992275238,12.1123940877914,18.5505134677887
"12815001",1994,39.9381642894745,18.5505134677887,56.7427470779419,57.1792297477722,29.4625802135468,43.1026636457443,7.96580872440338,30.5537868881226,2.07329268169403,21.605892156601,51.8323170423508,31.7541142301559
"12815001",1995,41.0293709640503,24.443029510498,23.2427021684647,19.9690821447372,39.6108022871017,6.32899871253967,9.27525673389435,1.63681001186371,18.5505134677887,11.1303080806732,14.7312901067734,28.8078562088013
"12815001",1996,50.4137483654022,51.504955039978,75.2932605457306,70.1645891752243,54.2329717264175,9.27525673389435,NA,17.7866687955856,45.5033183298111,16.1498587837219,21.2785301542282,46.8127663393021
"12815001",1997,58.4886777572632,35.7915789260864,28.3713735389709,72.8926058616638,34.4821309165955,33.82740691185,27.7166495342255,18.8778754701614,31.0993902254105,7.09284338474274,27.825770201683,57.3974710826874
"12815001",1998,38.1922336101532,15.8224967813492,31.6449935626984,10.9120667457581,20.7329268169403,30.0081835508347,8.72965339660644,10.5847047433853,7.8566880569458,16.3681001186371,33.82740691185,44.1938703203201
"12815001",1999,13.7492040996552,27.2801668643951,17.6775481281281,10.148222073555,33.7182862443924,4.91043003559113,12.9853594274521,25.2068741827011,38.6287162799835,21.0602888193131,23.1335815010071,22.2606161613464
"12815001",2000,41.4658536338806,31.5358728952408,56.8518677453995,46.048921667099,39.7199229545593,19.9690821447372,21.1694094867706,7.09284338474274,7.74756738948822,14.5130487718582,30.9902695579529,62.7443837881088
"12815001",2001,64.1629524650574,48.5586970186233,7.96580872440338,44.6303529901504,63.5082284603119,9.82086007118225,48.6678176860809,8.29317072677612,12.9853594274521,13.7492040996552,33.7182862443924,13.7492040996552
"12815001",2002,46.9218870067596,18.0049101305008,9.82086007118225,80.4219319162369,8.83877406406403,0.436482669830322,17.4593067932129,25.3159948501587,30.3355455532074,60.4528497714996,34.0456482467651,42.5570603084564
"12815001",2003,80.5310525836945,18.0049101305008,37.1010269355774,27.2801668643951,36.5554235982895,40.4837676267624,20.9511681518555,18.0049101305008,15.9316174488068,43.8665083179474,10.9120667457581,56.0880230731964
"12815001",2004,34.0456482467651,72.5652438592911,6.76548138237,8.94789473152161,6.76548138237,27.2801668643951,20.8420474843979,11.5667907505035,23.1335815010071,12.0032734203339,52.9235237169266,24.6612708454132
"12815001",2005,19.6417201423645,2.72801668643951,39.6108022871017,40.8111296291351,86.2053272914886,9.49349806880951,6.00163671016693,40.2655262918472,14.4039281044006,24.3339088430405,32.8453209047318,24.7703915128708
"12815001",2006,153.532779112816,77.6939152297974,6.65636071491241,49.3225416908264,19.6417201423645,73.4382091989517,26.1889601898193,30.2264248857498,38.1922336101532,15.2768934440613,11.5667907505035,39.283440284729
"12815001",2007,34.3730102491379,37.973992275238,50.741110367775,69.2916238355637,30.6629075555801,34.4821309165955,9.82086007118225,4.36482669830322,35.3550962562561,25.0977535152435,28.5896148738861,66.5636071491242
"12815001",2008,7.63844672203064,43.4300256481171,61.3258151111603,17.8957894630432,11.2394287481308,25.0977535152435,31.0993902254105,38.1922336101532,7.63844672203064,12.0032734203339,37.7557509403229,33.2818035745621
"12815001",2009,15.8224967813492,35.4642169237137,21.2785301542282,75.8388638830185,28.9169768762589,13.6400834321976,26.1889601898193,85.332361951828,17.6775481281281,14.9495314416885,15.8224967813492,9.27525673389435
"12815001",2010,80.7492939186096,34.3730102491379,41.4658536338806,49.1043003559113,61.1075737762451,29.6808215484619,9.82086007118225,18.5505134677887,10.5847047433853,16.0407381162643,19.5325994749069,16.6954621210098
"180005",1981,0.231903747558594,0.256638617995694,0.262316920060912,0.428048883901029,0.46654883104997,0.336753499141028,0.219487355425843,0.385421962704093,0.0675565315756898,0.0420888257587567,0.299073770611233,0.282612762528399
"180005",1982,0.458823291275011,0.579759368896484,0.577890048340694,0.419819510095272,0.193070015159618,0.512886066599473,0.303171194254417,0.0609662431259693,0.637735305786133,0.231903747558594,0.521201028658074,0.363498662147861
"180005",1983,0.0579759368896484,0.228272304244132,0.213647765235835,0.290842481897669,0.420211202691943,0.313230223054202,0.213297010711565,0.46265709841813,0.359112125356771,0.272460736513075,0.20307558042455,0.196215099779084
"180005",1984,0.557068735381975,0.00238396964463977,0.557298463980221,0.218176220506932,0.230403957450547,0.385098089646443,0.0981113087701465,0.303882085352319,0.0278384275554028,0.350865042230919,0.324021885241147,0.0952796682095162
"180005",1985,0.0335402456225952,0.301450415119325,0.567318789396647,0.470728124358639,0.126902766746264,0.529130526632343,0.28480205478378,0.289879684448242,0.0579759368896484,0.397243743917065,0.340144826650016,0.282781868082756
"180005",1986,0.514060541543139,2.08713372802734,0.00804282026371107,0.179328055890836,0.0968032939117924,1.39142248535156,0.224384969852887,0.0579759368896484,0.138609718283957,0.534444574518702,0.263629281055363,0.50510844905334
"180005",1987,0.000660344740028371,0.000637825877766753,0.259980318399746,0.38460510199039,0.478378095602785,0.365085922021085,0.289879684448242,0.289879684448242,0.233352405497622,0.438577273666578,0.425452534296322,0.37790918125425
"180005",1988,0.00783829363942043,0.25682857398848,0.0579759368896484,0.0612273309380348,0.465854678724642,0.309553525282101,0.448599562450695,0.183449632803706,0.347855621337891,0.27329911692454,0.555799970059312,0.441836398024731
"180005",1989,0.311715158013016,0.405831558227539,0.436601047368831,0.341946809025961,0.575789918760738,0.275353147657015,0.0696291822421096,0.255276968170589,0.33089653750025,0.321682360328644,0.185906468024562,0.174922568855678
"180005",1990,0.442050393494219,0.130160696615541,0.218997513612624,0.333216576815214,0.408794614810117,0.370733118915658,0.277849272369342,0.437343999066494,0.34095646719491,0.515993196061576,0.0579759368896484,0.231903747558594
"180005",1991,0.576329246888758,0.310091520965813,0.0873271709587117,0.0322827566042811,0.550287943842236,0.244221650337712,0.398292554014524,0.329226978976838,0.276594052461435,0.497942955963755,0.426524494584382,0.231903747558594
"180005",1992,0.545712733422957,0.170256777060773,0.0926977191542738,0.234125289339788,1.15951873779297,0.173927810668945,0.135160782367767,0.112783478849138,0.435863504685036,0.341774582871104,0.573058518210891,0.0432200936546006
"180005",1993,0.0395308694751475,0.0980847923049865,0.297707155335424,0.00212659934004694,0.489858395002392,1.33344654846191,0.339945676912987,0.405831558227539,0.16032657892792,0.524316299650523,0.342686022698317,0.463807495117188
"180005",1994,0.46884825844632,0.138433693360207,0.577931490449873,0.352465796224315,0.39006273259603,0.108181414095374,0.105005614684045,0.288771794328968,0.0861461972612412,0.0435781895137086,0.128863361829492,0.0286448259288115
"180005",1995,0.0521441028996739,0.337613154251124,2.31903747558594,0.0293546170278609,0.187135031487089,0.0462180825507188,0.548534908917992,0.228162253739226,0.12685858631622,0.186314355131274,0.204291447667655,0.521174148541312
"180005",1996,0.332029376225232,0.274634831398127,0.180711091237871,0.251042100824913,0.392796204907122,0.138518195652716,0.186730266195748,0.368579894986868,0.222155204416019,0.396960594979405,0.0842051361004505,0.204704530105799
"180005",1997,2.66689309692383,0.0449381923777145,0.478240677952542,0.0466038090473426,0.0593408858204051,0.15847216876276,0.579759368896484,0.00435866425911588,0.173927810668945,0.288894419701109,0.0857497674747639,0.471896582447617
"180005",1998,0.136680441513867,0.512986891908455,0.469213403666094,0.22748850072996,0.431629199959954,0.575143183958654,0.455924905121963,0.533145387458232,0.0523608636871747,0.168665118002054,0.0386396872289615,0.0621828691239579
"180005",1999,0.426161011714082,0.17802059811866,0.0676588652154096,0.42267139298354,0.176570554091987,0.212497037119772,0.0106441608314281,0.436472737881868,0.00475419922507566,0.0572819663091303,0.408620640184879,0.440549996409262
"180005",2000,0.927614990234375,0.539673371076641,0.695711242675781,0.292347726860744,0.173927810668945,0.579759368896484,0.375394172305885,0.0456874871906164,0.0347636134837194,0.171296813219661,0.520688551759866,0.089821674492217
"180005",2001,0.00919215694669444,0.0579759368896484,1.27547061157227,0.145343714989703,0.516093682151376,0.43150948704029,0.242336904960609,0.0911887140282295,0.277979718950651,0.0169139927127555,0.396055707360353,0.459471791825652
"180005",2002,0.180285213635752,0.277435548748899,0.34543860480663,0.170343420902158,0.137968790973666,0.430461510614805,5.39176213073731,0.530461903473935,0.328875795467863,0.257932578947983,0.423834591892828,0.233945987097086
"180005",2003,0.495569834853632,0.532537176373476,0.115951873779297,0.230373553260887,0.522229704551479,0.117431453200364,0.405831558227539,0.245876618791672,0.0712665261470233,0.55223364959261,0.26141419572344,0.134170375473587
"180005",2004,0.129835360447379,0.0594136830938325,0.0263537503706018,0.180165340757978,0.544113484250669,0.251820398540434,0.227664099368721,0.486295733054392,0.392150512464976,0.109615126061528,0.113097016858053,0.492672723775952
"180005",2005,0.410074505253092,0.507755171559235,0.492633096415155,0.081740377351231,0.57888199056276,0.44034596113309,0.440021367791493,0.114713208901365,0.369780489672583,0.39266321357451,0.416398647839821,0.30466404550113
"180005",2006,0.15858215595935,0.303735306035563,0.239035331499603,0.424592028776019,0.543175566429233,0.246930920379291,0.25201165741565,0.517343996272279,0.105889436427417,0.0272724154449105,0.224881241037236,0.327813668621503
"180005",2007,0.155508385524909,0.192853318490347,0.306475339328889,0.148392409931834,0.452937897046394,0.0741903031190857,0.41100122195724,0.294775030979751,0.528112006526602,0.389534532018065,0.256762758312874,0.51744264399119
"180005",2008,0.695711242675781,0.300729930854353,0.499073359140903,0.527999602275226,0.0502867123842054,0.406910987654942,0.33294961401848,0.695711242675781,0.0653440553832718,0.106835224592833,0.183999850906868,0.0288059484260893
"180005",2009,0.532644549031132,0.363067325047204,0.522439694993851,0.518109123968407,0.00133892672940849,0.0599779931690409,0.15679270660506,0.3468306796092,0.30230612351615,0.507331288911472,0.333878956195407,0.519211488176154
"180005",2010,0.206888923863406,0.192388169079889,0.184176935063775,0.391330403454257,0.169057052223211,0.546767466020067,0.209547661045687,0.321279768982758,0.353495865845558,0.159282151277724,0.357918124589812,0.329166251858938
"200006",1981,0.398738125817676,0.257339462354013,0.197466699827962,0.173458679199219,0.0390426196236225,0.17647533272124,0.0213774505985836,0.216823348999023,0.283343946841457,0.396332681585569,0.0906545822759283,0.00324394967017096
"200006",1982,0.280017714330285,0.00127374030512787,0.0562411142070802,0.0392073585636916,0.301539678109846,0.332713776539094,0.0576050790547342,0.177532776281735,0.0748067040964571,0.414091021953809,0.362104380047395,0.268019296717676
"200006",1983,0.124863652875371,0.327834393789384,0.328749699197762,0.410189619102942,0.390282028198242,1.90804547119141,0.693834716796875,0.173458679199219,0.227487721796586,0.248497144393077,0.15860662373307,0.140450859950711
"200006",1984,0.154705372230597,0.340365206788394,0.13231621184047,0.301604810017622,0.0129478083148516,1.56112811279297,0.249619045608799,0.274422387950393,0.068768156924763,0.0110617640034519,0.0192408829969174,0.0193791463676501
"200006",1985,0.0624821300901008,0.130430577149105,0.0778324474475023,0.101935125985782,0.0543275071218739,0.0467716681746104,0.421662668983307,0.417363584244748,0.26767046805188,0.329442601726222,0.074303731786832,0.178947890323579
"200006",1986,0.267872888501344,0.0278421356801015,0.109613768353138,0.253009594018597,0.0929643663470237,0.346580610161496,0.291826691915154,0.367456849907474,0.0986168741491039,0.137136098113078,0.189330105492483,0.138474455398159
"200006",1987,0.370507916601127,0.0533136698706913,0.328727852728589,0.29001627707245,0.392830307613001,0.0433646697998047,0.0433646697998047,0.223147660515396,0.520376037597656,0.227576606012279,0.394314624319478,0.361560016526792
"200006",1988,0.28704149643095,0.259237004700802,0.0651619091875736,0.164480264764602,0.34824383480434,0.279798724109274,0.243868044734949,0.267924110290261,0.343653490633501,0.179097788639923,0.387370023376927,0.321869878598539
"200006",1989,0.119292518208471,0.233997929930514,0.113395331344983,0.420828272063474,0.341192104541731,0.134389279754593,0.260188018798828,0.130094009399414,0.347063822873158,0.248913512405671,0.0895291054417892,0.0804732530715762
"200006",1990,0.304430594980962,0.145874474863945,0.176048763281707,0.052977184327713,0.30339728265468,0.416530267764647,0.00448114706219075,0.213875833280923,0.220380026553046,0.32455049470614,0.265995451057057,0.13882888244002
"200006",1991,0.388074009777261,0.102079567884594,0.122954419243809,0.104686376459296,0.219182045357266,0.229195155719128,0.30104643460419,0.356379263585548,0.346187051533104,0.420812763750005,0.143024949708638,0.273503826582714
"200006",1992,0.0748265432558169,0.211644860427639,0.0461981239971745,0.376704925338863,3.94618495178223,0.0433646697998047,0.325671354354133,0.0363266578605853,0.0524307417102998,0.0222131501848428,0.0892972307169828,0.780564056396484
"200006",1993,0.345825880653188,0.185922267219914,0.239997907695701,0.0411775545002248,0.147334567952099,0.427250299009637,0.247608189052999,0.281787311753152,0.199132029616907,0.240799680202193,0.0676369416743841,0.158583891789974
"200006",1994,0.379251008879258,0.289835843334267,0.0822864030897166,0.431289094094519,0.0321619631249006,0.134283312354023,0.33242567331147,0.0464469948739601,0.201905082740246,0.189789216149174,0.338230142069207,0.354143691921973
"200006",1995,0.343864813579227,0.111648533916458,0.385137898801745,0.431657366838778,0.240815605607199,0.0634537883917028,0.281218563270175,0.133836183966807,0.275118578141554,0.0231098360050714,0.137360835635359,0.00890329642050513
"200006",1996,0.0250554259641309,0.115279690125975,0.27806869828381,0.189631741629093,0.0406184713134521,0.264547547824968,0.315455753068372,0.190708279823896,0.0442438765869159,0.212935397375456,0.240448754871462,0.309808450681751
"200006",1997,0.425109276878436,0.202544831591757,0.352735908937835,0.12487402614685,0.0867293395996094,0.3921331177551,0.191425805292158,0.255557054233672,0.114287534869961,0.412906091654186,0.367261133313436,0.167959658114225
"200006",1998,0.00319814441712111,0.157792539706194,0.416256556264846,0.180258652424691,0.101922334976725,0.17551923634618,0.388815609332845,0.417015962630349,0.175575990984073,0.295476814531854,0.0296438460213386,0.0518049724424213
"200006",1999,0.177151050896649,0.130597428201945,0.361922564889119,0.345349032954249,0.0836179277874169,0.29362594726227,0.347191798894683,0.137280419357234,0.092832943439038,0.107524644686594,0.0894121863341532,0.0907239008498047
"200006",2000,0.156873033193544,0.0725409893658511,0.286980354507039,0.254378671291803,0.356190427941719,0.0721950337953752,0.324009690245491,0.0330316588518348,0.341444077404303,0.346804440603078,0.237426339670579,0.0819627179456552
"200006",2001,0.221000906328829,0.189408758092331,0.0330197541244309,0.0278481604365973,0.0433111323905639,0.148671433965818,0.390030986304982,0.138584569078333,0.248737913132982,0.0130218438295195,0.268906077648813,0.11739764197621
"200006",2002,0.142147489980761,0.140899066758334,0.301234929991792,0.0662274785110493,0.246393939772796,0.0343340371202571,1.77795146179199,0.319599754369342,0.390217005091686,0.382113416720968,0.219590852512992,0.121292694959288
"200006",2003,0.106572965584526,0.327930782118918,0.0322376496395219,0.338180344812968,0.43309644340025,0.285469194108315,0.191239726935372,0.159074125189121,0.316660031427563,0.0230258986302988,0.423875734363332,0.161244766776433
"200006",2004,0.219481027091432,0.387949172089369,0.0252499097603814,0.392829343082512,0.331806415760262,0.369443576440655,0.296978392527656,0.138596499148264,0.156332879258378,0.0203236199130473,0.0913764579755992,0.235326577393278
"200006",2005,0.275794066921667,0.105190666984149,0.376581776210365,0.139900939147303,0.367784050393107,0.0463574977931921,0.019088419633251,0.270128022272916,0.178392507751428,0.215047426445097,0.0999023752037777,0.175984405179193
"200006",2006,0.390396384439427,0.277936826984754,0.208851779338072,0.214220680645951,0.140917943103631,0.0867293395996094,0.426851446822258,0.224672452770022,0.423802144109781,0.201237150576419,0.389168232208967,0.00523531812622677
"200006",2007,0.338994827050694,0.387141002967719,0.348564883416982,0.13044054907978,0.328882492116655,0.138716170090766,0.292053450983488,0.186294832039028,0.342560513519396,0.17652953089394,0.369147646613019,0.356501709989016
"200006",2008,0.41618615906863,0.0649165394161196,0.161445669905245,0.174707418708489,0.305077453673147,0.387344343118661,0.353016760568183,0.00927587163914132,0.317207925434673,0.378964344420552,0.116278045819742,0.33450424772238
"200006",2009,0.167372221386056,0.0224971652894165,0.410975701152869,0.0498491257269243,0.241311936559501,0.41612129068274,0.0867293395996094,0.367712938053014,0.0209720598375145,0.405240473628868,0.28901445682313,0.357539356695007
"200006",2010,0.311630580334362,0.0238611117612145,0.0873627544148379,0.0690229841029339,0.0205075797961896,0.0739590008358793,0.380181668930488,0.368535762929204,0.176154516129018,0.316459047323827,0.0499977787256662,0.0753978865711575
"230001",1981,0.169185497390193,0.594242446499421,0.204402990614995,0.466434813136942,0.583269002116888,0.237040712123695,0.111705437936831,0.144731803894043,0.651293117523193,0.447326868915142,0.386456827824361,0.453215365609575
"230001",1982,0.12982626077508,0.176621754638672,0.693757714826237,0.262145347373993,0.289463607788086,0.624957203317694,0.220315071702378,0.289463607788086,0.578927215576172,0.42933599988291,0.235412566003836,0.322893759243954
"230001",1983,0.227994749479871,0.0140304616514315,0.634929374673482,0.106665190812972,0.262734346612005,0.630690560321616,0.434195411682129,0.60269124892382,0.0723659019470215,0.0723659019470215,0.489260763743489,0.312862674181884
"230001",1984,0.560235720021907,0.114689660956655,0.289463607788086,0.0630323035285261,0.63148512106066,2.53280656814575,0.397622855766039,0.100443737163577,0.382633643750423,0.649152110873408,0.144731803894043,0.722035309523442
"230001",1985,0.24931631020508,0.0904438074180464,0.111609557694071,0.559167086211454,0.119794691135783,0.198548434882192,0.0723659019470215,0.796024921417236,0.0764858594798474,0.109093307885624,0.0723659019470215,0.215153914809979
"230001",1986,0.252087426910373,0.723460272041572,0.433082395146964,0.603555278930373,0.361829509735107,0.310299752307761,0.363741819455211,0.124797765322922,0.434195411682129,0.217097705841064,0.0103786278589434,0.0373914266275409
"230001",1987,0.50656131362915,0.459350101165173,0.382799098229957,0.658367479929605,0.0903091230869219,0.225736940409558,4.48668592071533,0.491818990980874,1.37495213699341,0.187935074175372,0.3855330273399,0.276882324643471
"230001",1988,0.476128790493017,0.54813792050258,0.678169979675626,0.418577555136986,0.355937113339733,0.400441085475324,0.144731803894043,0.271991779700996,0.430872209436839,0.162208083722695,0.4251362642581,0.457625254424769
"230001",1989,0.399542300531973,0.391827323594996,0.42992004214526,0.489427951142625,0.131641546879316,0.162231976277987,0.58282435095368,0.0723659019470215,0.361829509735107,0.46888882375207,0.0791529888777671,0.516453610752563
"230001",1990,0.661786662568108,0.696719229943926,0.178406052736935,0.557905099179559,0.45198698272781,0.448369789467412,0.398417521137371,0.213837464061066,0.328974660224178,0.0207013583194995,0.63003694988813,0.282977572378303
"230001",1991,0.578436636432806,0.291886316264493,0.433981815803067,0.584851509351722,0.275129228533476,10.20359217453,0.391465429325795,0.352088327042522,0.289463607788086,0.293907463444974,0.0935775440789502,0.478650824226024
"230001",1992,0.557849437330185,0.351559736522521,0.50656131362915,0.651293117523193,3.32883148956299,1.66441574478149,0.637167516243626,0.605820722450863,0.0108949373116778,0.176797133684398,0.868390823364258,0.435249299315589
"230001",1993,0.509325747145081,0.651586815567896,0.0153875560624784,0.093339805706537,0.0718011858915064,0.701266065573901,0.377636039254002,0.0414496817087759,0.599004357249522,0.424007504287359,0.718008130399958,0.617992421345143
"230001",1994,0.11013283353298,0.186574679045317,0.128969458989325,0.428738974118502,0.222668645936784,0.0395105242873529,0.606536037627403,0.558301521261045,0.0502552488929605,0.395232143640831,0.671098485575498,0.488945666391049
"230001",1995,0.627771070821002,0.253756704976371,0.663043952604405,0.0866127009445305,1.66441574478149,0.246954896131194,1.15785443115234,0.722582906557362,2.24334296035767,0.376781142584624,0.32013310054418,0.336391038012073
"230001",1996,0.689437049382579,0.587105505156462,0.656457880876545,0.350056469121531,0.45369911335978,0.556295334475736,0.317463623406666,0.0723659019470215,0.628403032143482,0.592561951211986,0.0551287662365115,0.566509865042057
"230001",1997,0.384324569579507,0.475958905400567,0.21961147416256,0.0560907802519046,0.656260341015699,0.00980698241648597,0.220316544641917,0.19744944439778,0.144731803894043,0.170353422017889,0.292373557317771,2.0262452545166
"230001",1998,0.291962434989665,0.200711430251417,0.353094396642453,0.383306631712797,0.642978278393833,1.0131226272583,0.421974535006359,0.493638340221346,0.572243359870794,0.504034174784079,0.269288655279913,0.183438815198223
"230001",1999,0.206764543356148,0.468304996145973,0.270248589791784,0.319299110955867,0.486495424728626,0.506254296686206,0.571040984767721,0.144731803894043,0.499229436067545,0.226813495608648,0.0298403281146825,0.586382007768771
"230001",2000,0.172625900669642,0.501380669992648,0.359486415746898,0.506951768772246,0.287438029758803,2.74990427398682,0.279674467889235,0.579195738115362,0.611563264855367,0.289463607788086,0.399822202009298,0.00381402815910336
"230001",2001,0.0976721377344488,0.710250530211893,0.658647146868856,0.556308969697095,0.407766233681309,0.189261555976155,0.356430070079121,0.224568168108695,0.430983274671934,0.288818155235796,0.222982911117138,0.139228762065115
"230001",2002,0.437131553621843,0.62958913701016,0.339383301037492,0.437601945675591,0.642084427174524,0.674238082486928,1.23022033309937,0.723659019470215,0.716904292121401,0.306423813847808,0.382707926608606,0.155253331959563
"230001",2003,0.322194784058667,0.652992079583696,0.595464714036807,0.434060908545145,0.0385665825088546,0.242886233254459,0.589145053129329,0.206674988733282,0.112499453105271,0.319831893338461,0.706500241481028,0.11455391497007
"230001",2004,0.00290761668460577,0.143199106985838,0.597175287821221,0.291046736852097,0.190129183412597,0.556392137706689,0.434195411682129,0.554770453346641,0.0550836596113827,0.586887709596872,0.350998858938682,0.694357671474113
"230001",2005,0.226277801887425,0.145931397867555,0.27576212463845,0.144731803894043,0.559181393539404,0.285536971463605,0.149783018334978,0.419777878031915,0.144731803894043,0.437426753990739,0.135279913603461,0.132563078982971
"230001",2006,0.481998915712324,0.627257499162201,0.234715803766147,0.203640298410639,0.44110426178324,0.214745133144888,0.53070991487727,5.57217444992065,0.039835604166544,0.468745520483726,0.563766059722551,0.614215523663282
"230001",2007,0.57935678220078,0.22848981504004,0.455973191824039,0.49569945811492,0.327520892993434,0.53889902855814,0.144731803894043,0.691151890176124,0.107519306362731,0.38439525585025,0.475080321228221,0.279961911821199
"230001",2008,0.0417652862161019,0.32453201257316,0.144545862176814,0.177402880996432,0.490732835727321,0.0543173433557182,0.183487726495936,0.431256075138406,0.56366455258791,0.319603455276808,0.584220825857365,0.246098286255544
"230001",2009,0.404504628446571,0.681814525096388,0.312396277531394,1.08548852920532,0.445335691218613,0.159609281904074,0.434195411682129,0.517068840007572,0.0544333372601551,0.203244780109487,0.56312090378005,0.177708379810821
"230001",2010,0.579223457920897,0.374493416430747,0.137870075929083,0.50502988831494,0.436074124227588,0.266090431600662,0.609848070401322,1.0131226272583,0.185843350748115,0.0110235966090606,0.449678051434065,0.337051862176217
"270008",1981,0.498719171460698,0.254775782046159,0.293868009261636,0.784661162623707,0.899577649774576,0.688965984263588,0.149068795627102,4.531871509552,0.325300409981564,0.756652338654655,0.0707344111839019,0.361029887804798
"270008",1982,0.527146701128389,0.0894172930312912,0.274183883024498,0.420676405409505,0.740071194645093,0.4531871509552,0.252018194366627,0.640991630655416,0.0203672675439792,0.570556448933249,0.848355679978429,0.70946394817854
"270008",1983,0.524939498926247,0.635589059918645,0.504082734884771,2.08466089439392,0.18127486038208,2.99103519630432,27.3725039176941,5.4382458114624,0.54382458114624,0.734044679107045,0.0664829929018277,0.483622382940836
"270008",1984,0.437621812945586,0.225452693514268,7.52290670585632,0.553007790365579,0.75532010959526,3.6254972076416,13.595614528656,0.404899527734455,0.837087683916918,0.0348431123445404,0.666708584600144,0.69729681014539
"270008",1985,0.0503767474821089,0.546584886787606,0.765604921360944,0.332737254250183,0.549213268402116,0.0933595722244925,4.35059664916992,0.99701173210144,0.183539172154978,0.77641042580903,0.639696253641842,0.633411617619576
"270008",1986,0.759300308443714,0.436888072565133,0.786889447526983,0.539700140940784,5.16633352088928,0.788427586347799,0.36254972076416,5.34760838127136,0.730612373873523,0.27191229057312,0.798718996230994,0.324289982968927
"270008",1987,0.67328782469108,0.0784197712504245,7.97609385681152,0.180116693191067,0.612899137888307,0.390202565805235,46.9501888389587,0.776994163371296,0.740679168566399,0.848373768139569,0.633417082074729,0.137385488312041
"270008",1988,0.189099193230086,0.749899134571846,0.645010532930902,0.818913989302986,0.27191229057312,0.09063743019104,0.141097929491081,0.347449142874463,1.3595614528656,0.252555751859333,0.878521298270743,0.297580700091191
"270008",1989,0.558852631657121,0.0934057271812795,0.831577357433503,0.823296061116596,0.220717253319373,0.103333633674183,0.409066768209982,14.8645385513306,0.689950400984614,0.239940966183388,0.09063743019104,0.31849491646113
"270008",1990,0.148161115101358,0.192856268882427,0.879134917079316,0.834559398230998,0.762349754669342,0.0969494202282418,0.763748827601483,0.827616392226321,0.659039286579293,0.476122054213297,0.589574851787968,0.839614865906983
"270008",1991,0.513266569939756,0.456872478568838,0.0771393089031042,0.438917566439734,0.238570699924076,41.6932178878784,11.7828659248352,0.552190067593946,0.065232898228911,0.0220324556857188,0.741903712996836,0.18127486038208
"270008",1992,0.481849300615648,0.81237399098098,0.313511871281199,0.09063743019104,25.2878430233002,9.69820503044128,0.612752803434373,0.36116180921486,0.490811496660551,0.678281188899668,0.289208952839064,0.67447382164692
"270008",1993,0.360628782361981,0.679477892971486,0.866957839241494,0.445458104158796,0.824817648298167,0.101917795327674,0.0760528748097494,0.904738055712818,0.212374949422751,0.599802581374814,0.47024874938649,0.657857941395482
"270008",1994,0.335256838043454,0.492884050922911,0.389970384917006,0.671154859435653,0.0315687143330142,0.441327167679733,0.0687550846120299,0.437425513779366,0.452342883770691,0.790680581587341,0.110756710233903,0.854723477900579
"270008",1995,0.80838131530461,0.551331115556718,0.744277802664451,0.220340766414027,0.63446201133728,0.710562652499763,0.623801598324139,0.0471232228282587,0.768907758639089,0.250110388763336,0.0566272744487477,0.421399698454018
"270008",1996,0.80372608256563,0.903407478609664,0.447265741449619,0.856758207049894,0.425951759688235,0.410014504031905,0.676642932413995,0.654321423426731,0.409782797120901,0.234194946188895,0.171565094584361,0.0181041613530467
"270008",1997,0.262261184922765,0.423691174904199,0.531827002957545,0.769128829129738,0.311306511596935,61.6334525299072,0.352544131514333,54.9262826957703,0.72509944152832,0.186181582946677,0.295644142894348,0.857000827043825
"270008",1998,0.105397907896287,0.110767631547068,0.237373023207097,0.382520122830069,0.817315869993797,3.26294748687744,0.192126011369351,0.651170611705733,0.74811053677312,0.873268026350366,0.139293961197606,0.148876436633978
"270008",1999,0.754449863140801,0.565683868303021,1.45019888305664,21.2997960948944,0.27191229057312,0.336032475604869,0.116539217611418,0.0739224902611307,0.18127486038208,1.26892402267456,0.607189436029405,0.155935220122741
"270008",2000,0.487908384888859,0.801432397668582,0.307498291565039,0.0185341965001817,6.07270782279968,18.218123468399,3.6254972076416,0.176728128711545,0.895913047163321,0.846836159008351,0.303319406359638,0.766394124462877
"270008",2001,0.560079775365156,0.441813001510835,0.0850722325924461,0.53816416055232,0.0295711696044679,0.733354926809758,0.738639675165152,0.586225058476658,0.787406489571798,0.88530317818672,0.523664835941406,0.603121743011048
"270008",2002,0.630693305263016,0.715598610716028,0.132961318837342,4.0786843585968,0.36254972076416,0.570936795397579,4.16932178878784,9.42629273986817,0.199625411135293,0.707507246527554,0.205281593663753,0.354179285622805
"270008",2003,0.585732540216077,0.291193962494943,0.0587461548146127,0.332862828670471,0.7349190826752,0.54382458114624,0.245139255057364,0.553355566195463,0.162946161878243,0.0021201328390764,0.0819599778424719,0.1124442189888
"270008",2004,0.811532666844728,0.346418968991429,0.710551588951224,0.741931641144648,0.77533565375015,0.825958787087092,6.43525754356384,0.4531871509552,0.637569666608883,0.710198342124205,0.247417218724956,0.251984709331772
"270008",2005,0.606919742566095,0.90234652321904,0.09063743019104,0.18127486038208,0.73684423930586,0.370092430483965,16.3147374343872,3.53485977745056,0.82398064988995,0.35757703694585,0.900990864363808,0.18127486038208
"270008",2006,NA,NA,NA,NA,NA,NA,NA,NA,NA,NA,NA,NA
"270008",2007,0.18127486038208,0.23017219954871,0.327573808189096,0.178470762959247,0.154875085856508,0.121278934363959,0.204223381896416,0.36254972076416,0.18127486038208,0.0108344119940732,0.700382568597718,0.843791321293251
"270008",2008,0.36254972076416,0.203798379855614,0.224154565913359,0.18127486038208,0.36254972076416,0.63446201133728,0.54382458114624,0.0557510418687426,0.0619963711243123,0.737375261146443,0.27191229057312,0.72509944152832
"270008",2009,0.688183407557415,2.08466089439392,0.366369625326511,0.562334025821322,0.18127486038208,0.18127486038208,4.16932178878784,0.0955623041418771,0.77452643640064,0.404773748191342,0.403412168630396,0.401799908930306
"270008",2010,0.102046070320782,0.794599730649738,0.207328093739904,0.372230198399096,24.1095564308167,0.0728100815405232,0.446334185007,3.89740949821472,0.36254972076416,0.202146770971454,0.0214264112273562,0.686041390096698
"290004",1981,0.668058706928624,0.699431067408492,0.175324823379517,0.0888384775985397,35.7662639694214,4.99675746631622,14.5519603404999,3.68182129096985,0.613636881828308,0.964286528587341,0.604269763167704,0.77674735602827
"290004",1982,0.722806872424542,0.0604386102789306,0.429856923436518,0.792588337325921,11.8344255781174,16.0422213392258,6.83766811180115,31.9967802667618,1.57792341041565,0.319182179614638,1.49026099872589,0.873678194120676
"290004",1983,0.591874981205369,0.670674565659908,0.058972120854571,0.791255528484448,2.98052199745178,3.06818440914154,113.084511079788,19.7240426301956,1.0519489402771,0.175324823379517,0.780744405048335,0.262987235069275
"290004",1984,0.175324823379517,0.436872654976905,0.350649646759033,0.598668228749281,0.86441619057447,0.175324823379517,154.899481455803,0.415489846492223,0.714626176937961,0.591963939126414,0.259291420718634,0.792849486761419
"290004",1985,0.350649646759033,0.754639882077133,0.876624116897583,0.964286528587341,0.113077236537447,0.132408572012264,26.7370355653763,0.964286528587341,0.613636881828308,1.0519489402771,0.528786372987669,0.325892895890298
"290004",1986,0.145878301919649,0.315309992414565,0.175324823379517,0.398187458595965,15.5162468690872,5.43506952476501,0.175324823379517,9.81819010925293,0.49916784538147,0.0876624116897583,0.262987235069275,0.175324823379517
"290004",1987,0.0876624116897583,0.0228298581364821,1.75324823379517,0.0876624116897583,12.4480624599457,0.238510914737405,149.464411931038,5.61039434814453,0.0876624116897583,1.13961135196686,1.31493617534637,0.175324823379517
"290004",1988,0.350649646759033,0.0876624116897583,0.52597447013855,0.350649646759033,0.701299293518066,4.99675746631622,0.350649646759033,0.365135674153902,0.964286528587341,0.143688424521764,0.417741021303223,0.820426336966972
"290004",1989,0.16403975329417,0.108645809306037,0.175324823379517,0.438312058448792,11.3084511079788,0.377985018675028,2.45454752731323,36.9058753213882,0.561905227543356,0.350649646759033,0.416956092623473,0.0177645529565002
"290004",1990,0.0876624116897583,0.354829210228339,0.175324823379517,0.604318008477005,0.733784075858084,0.175324823379517,13.2370241651535,0.52597447013855,0.438312058448792,0.175324823379517,0.438312058448792,0.0876624116897583
"290004",1991,0.726921053401653,0.173362498679799,0.438312058448792,0.308591371970326,0.175324823379517,69.6039548816681,18.7597561016083,0.964286528587341,1.57792341041565,0.648195201046547,0.276086461860757,0.350649646759033
"290004",1992,0.83626795792956,0.455134185951599,12.2727376365662,2.45454752731323,1.84091064548492,139.120247351646,0.701299293518066,11.4837759313583,1.0519489402771,0.701299293518066,0.350649646759033,0.145135428862262
"290004",1993,0.301336031007012,0.175324823379517,0.175324823379517,3.24350923252106,30.4188568563461,0.788961705207825,2.27922270393372,15.2532596340179,1.0519489402771,0.350649646759033,1.49026099872589,1.0519489402771
"290004",1994,1.84091064548492,0.52597447013855,1.0519489402771,1.57792341041565,1.22727376365662,18.2337816314697,7.01299293518066,0.262987235069275,0.262987235069275,0.262987235069275,0.613636881828308,0.83865250879885
"290004",1995,0.301362005607993,0.12048764460929,0.228121209462444,0.52597447013855,1.22727376365662,2.19156029224396,1.57792341041565,0.568030917575574,3.06818440914154,0.175324823379517,0.438312058448792,1.75324823379517
"290004",1996,0.268766850695624,0.175324823379517,0.141441717772385,0.264426492442832,0.252299100425067,4.82143264293671,28.9285958576202,5.08441987800598,0.0876624116897583,1.92857305717468,0.69935888140411,0.161807441046911
"290004",1997,0.634335578215593,0.859519487519161,0.721874133383916,0.578566329093404,0.0876624116897583,91.9578698625565,15.7792341041565,55.5779690113068,2.62987235069275,8.4155915222168,0.338371832163506,0.166028058881302
"290004",1998,0.231431032600703,0.0876624116897583,0.798092950668389,0.788961705207825,0.862010012335686,13.3246865768433,0.438312058448792,0.61627776317423,0.579121367215984,0.876624116897583,0.502082245984653,0.262987235069275
"290004",1999,0.262987235069275,0.52597447013855,0.438312058448792,3.50649646759033,2.98052199745178,0.0876624116897583,1.40259858703613,15.603909280777,12.1850752248764,13.6753362236023,0.696018510897405,0.223789252577908
"290004",2000,0.0876624116897583,0.0876624116897583,0.855339455955545,0.0876624116897583,5.43506952476501,50.6688739566803,6.22403122997284,0.400186222725218,27.1753476238251,1.49026099872589,0.506366816841759,0.649524079234753
"290004",2001,0.787250356699393,0.175324823379517,0.350649646759033,0.52597447013855,0.175324823379517,0.85343588454147,68.6396683530808,31.7337930316925,18.7597561016083,1.92857305717468,0.493102777787273,0.350649646759033
"290004",2002,0.724159066542553,0.772083905751095,0.389145684502876,1.57792341041565,50.3182243099213,17.7078071613312,60.6623888893127,33.6623660888672,0.52597447013855,0.240814295922614,0.748450574774855,0.52597447013855
"290004",2003,0.350649646759033,0.837150140784557,1.40259858703613,0.175324823379517,60.1364144191742,4.2077957611084,14.3766355171204,0.464483687660196,0.859471874731123,0.731846948976701,0.52024664136908,0.705028224387895
"290004",2004,0.423116133928227,0.369585504100586,0.249841675105374,4.47078299617767,0.0662592483075275,3.85714611434937,62.7662867698669,13.1493617534637,1.57792341041565,0.876624116897583,0.350649646759033,0.326950370205842
"290004",2005,0.230292092648891,0.3218283893654,0.103536687282014,0.350649646759033,25.5974242134094,1.57792341041565,5.43506952476501,16.6558582210541,2.62987235069275,2.1038978805542,0.445417705774789,0.175324823379517
"290004",2006,0.274464972478399,0.246651420325038,0.386245590432575,0.117093678794142,0.350649646759033,13.1493617534637,42.7792569046021,0.52597447013855,0.175324823379517,2.98052199745178,0.175324823379517,0.451744159770338
"290004",2007,0.245720700494756,0.662115466521914,0.175324823379517,0.719938429726402,0.0335382690161875,7.88961705207825,0.349844423229415,13.5000114002228,0.52597447013855,0.876624116897583,0.175324823379517,1.0519489402771
"290004",2008,0.52597447013855,0.409457069731019,0.175324823379517,1.22727376365662,6.66234328842163,25.5974242134094,12.9740369300842,46.9870526657105,0.350649646759033,0.129115721425841,0.317591261072796,0.278688683115209
"290004",2009,0.264882303715751,0.387757923667307,0.717711615658484,0.456640546871173,0.827211061904283,15.954558927536,2.80519717407227,28.7532710342407,0.670247225803913,0.262987235069275,0.538137092590545,0.611218968534179
"290004",2010,1.22727376365662,0.619996330574027,0.350649646759033,0.517960320500838,15.954558927536,32.6104171485901,4.55844540786743,1.57792341041565,3.1558468208313,NA,0.214984037150946,NA
"330020",1981,0.499467949371392,4.285520652771,7.78160329055786,0.789438014984131,206.381652488708,22.5553718566895,33.8330577850342,12.4054545211792,16.3526445960999,12.9693388175964,0.563884296417236,0.153618716278864
"330020",1982,0.774487111189972,0.0538437035493627,16.4654214553833,0.902214874267578,125.182313804626,310.700247325897,116.047388202667,73.0794048156738,44.5468594169617,16.127090877533,0.811554602975058,0.950457216095411
"330020",1983,10.601024772644,0.676661155700684,0.459243677444167,27.6303305244446,64.8466940879822,116.160165061951,101.273619636536,50.185702381134,39.3591238899231,0.676661155700684,0.338330577850342,0.990675387785278
"330020",1984,0.470857599055331,1.0048560803686,2.25553718566895,1.57887602996826,73.868842830658,45.6746280097961,277.318296977997,54.8095536117554,27.5175536651611,23.5703635902405,7.10494213485718,0.573239776348314
"330020",1985,0.225553718566895,0.824681526031351,30.6753057250977,0.225553718566895,42.1785453720093,22.2170412788391,76.2371568756103,8.68381816482544,7.33049585342407,22.2170412788391,0.927867791123612,0.125478909262831
"330020",1986,0.299138666641929,0.521107512875194,0.97415524209668,29.4347602729797,101.499173355103,122.137338603973,0.676661155700684,60.7867271537781,3.49608263778687,3.83441321563721,29.2092065544128,0.0441678364319444
"330020",1987,1.07687872887768,0.225553718566895,0.112776859283447,11.841570224762,52.3284627075195,41.3891073570251,400.245073596954,205.592214473724,18.2698512039185,73.0794048156738,0.88473723083848,1.11325983315166
"330020",1988,0.491412050016764,0.625429046529038,6.76661155700684,0.528397207765795,5.63884296417236,13.5332231140137,37.329140422821,59.4334048423767,11.5032396469116,0.463501406536014,18.7209586410522,4.51107437133789
"330020",1989,0.869438018038084,0.0403594799386271,0.0284686825965309,43.0807602462769,28.1942148208618,19.9615040931702,107.250793178558,122.588446041107,17.4804131889343,2.1427603263855,0.451107437133789,0.761357137752421
"330020",1990,0.639610807546665,1.06350669848392,13.4204462547302,1.24054545211792,7.21771899414063,1.80442974853516,84.6954213218689,79.2821320762634,26.3897850723267,17.7059669075012,0.146959050236952,0.338330577850342
"330020",1991,0.029308351962779,0.155440600007621,0.512486323020708,2.1427603263855,81.4248924026489,126.986743553162,106.799685741425,3.60885949707031,59.2078511238098,15.4504297218323,0.00210477961042486,32.4797354736328
"330020",1992,0.448824714397883,0.563884296417236,14.886545425415,46.2385123062134,146.046032772064,192.058991359711,26.2770082130432,65.0722478065491,23.3448098716736,0.267370944067886,8.79659502410889,0.856945669074482
"330020",1993,0.705611114359891,0.754127328749117,0.177981282686012,114.694065891266,90.4470411453247,39.1335701713562,58.8695205459595,34.6224958000183,8.00715700912476,8.57104130554199,2.59386776351929,0.225553718566895
"330020",1994,0.692026801640371,0.0604685836389389,0.852993533200614,21.7659338417053,50.185702381134,50.185702381134,93.2664626274109,18.6081817817688,19.8487272338867,3.94719007492065,0.769545897398831,8.3454875869751
"330020",1995,0.676661155700684,0.281316897249003,0.317085004604217,21.0892726860046,9.69880989837646,53.2306775817871,61.8017188873291,25.1492396202087,22.1042644195557,0.676661155700684,0.112776859283447,0.560878387391638
"330020",1996,2.02998346710205,0.366939601144211,1.02745591975216,60.8995040130615,16.5781983146667,35.7502643928528,28.4197685394287,33.6075040664673,2.48109090423584,4.17274379348755,0.0566261181221734,1.01499173355103
"330020",1997,0.0838510977597829,0.413552086690887,15.2248760032654,0.563884296417236,142.211619556427,292.092065544128,67.8916692886353,111.536313831329,96.4242146873474,67.7788924293518,4.0599669342041,2.1427603263855
"330020",1998,0.00403209120596963,4.84940494918823,0.682660895481472,36.8780329856873,15.5632065811157,25.4875701980591,0.225553718566895,0.676661155700684,17.0293057518005,0.479952519394808,0.93313543509621,0.354801712679642
"330020",1999,0.982045111644053,0.112776859283447,22.2170412788391,14.5482148475647,1.01499173355103,35.1863800964355,48.9451569290161,123.941768352509,112.889636142731,26.6153387908936,0.948882251237246,1.57887602996826
"330020",2000,0.06247309873775,16.5781983146667,1.0760653484045,19.8487272338867,22.5553718566895,294.911487026215,32.1414048957825,0.563884296417236,131.385041065216,15.3376528625488,1.12776859283447,0.775190811853203
"330020",2001,0.0924097838134717,0.819936121404343,11.1649090690613,18.157074344635,36.4269255485535,0.338330577850342,210.441619422913,56.6139833602905,17.8187437667847,0.789438014984131,0.94172638529268,0.589415602867391
"330020",2002,0.715702196212681,0.373755530364224,1.9172066078186,15.3376528625488,155.519288951874,279.122726726532,104.093041118622,83.6804295883179,31.9158511772156,4.51107437133789,1.01283119332831,1.46609917068481
"330020",2003,5.63884296417236,0.780364201486918,0.225553718566895,0.776000262567761,89.8831568489075,35.5247106742859,82.7782147140503,7.78160329055786,16.3526445960999,0.661039631902006,15.4504297218323,1.03382011027349
"330020",2004,0.695160550708181,0.549574123722726,21.0892726860046,44.2085288391113,18.4954049224853,49.7345949440002,107.363570037842,63.042264339447,26.728115650177,1.9172066078186,66.4255701179504,0.24399486943658
"330020",2005,0.657621386532992,1.06220489675097,25.1492396202087,6.42828097915649,61.3506114501953,164.654214553833,31.3519668807983,154.842627796173,18.7209586410522,17.3676363296509,10.601024772644,0.268893360811351
"330020",2006,0.930779272770708,0.555454133111385,0.0983065953753525,1.69165288925171,8.23271072769165,89.9959337081909,146.609917068481,56.726760219574,1.24054545211792,72.7410742378235,1.24054545211792,0.170028314333629
"330020",2007,0.524793768517413,15.7887602996826,1.80442974853516,0.0308878665287907,18.3826280632019,78.8310246391297,39.9230081863403,33.3819503479004,1.12776859283447,0.0123719596029959,0.676661155700684,0.139924492942377
"330020",2008,0.739770253915442,0.517701654674626,14.2098842697144,8.45826444625854,123.941768352509,57.5161982345581,39.1335701713562,147.512131942749,4.84940494918823,0.817154444941346,0.845859512523222,0.909223280575621
"330020",2009,0.971078505250635,1.12776859283447,0.69115830135291,0.102869353927879,7.89438014984131,116.272941921234,16.127090877533,109.957437801361,53.456231300354,7.33049585342407,0.989201539245286,0.952671366722779
"330020",2010,0.100163845881386,0.75378086194524,0.732821300554298,0.338330577850342,74.2071734085083,85.2593056182861,29.998644569397,7.78160329055786,42.2913222312927,15.3376528625488,41.5018842163086,0.985932041253156
"340031",1981,2.15879186630249,0.283650507403587,0.755577153205871,58.1794407968521,230.882790101051,73.72274223423,48.1410586185455,108.69517046833,36.5915221338272,27.2007775154114,3.45406698608398,0.539882441394589
"340031",1982,3.77788576602936,0.69714835749771,31.6263008413315,15.8671202173233,181.9861543293,441.257057472229,225.269931248665,124.238471905708,201.523220719337,47.3854814653397,2.15879186630249,0.928163836246974
"340031",1983,8.95898624515534,1.07939593315125,0.323818779945374,18.8894288301468,60.3382326631546,159.642658513069,152.734524540901,126.613142958641,26.876958735466,0.431758373260498,0.483317228837686,0.215879186630249
"340031",1984,0.975754449412889,1.61909389972687,3.23818779945374,24.1784689025879,219.872951582909,145.934330162048,421.288232708931,116.89857956028,70.3766148414612,51.163367231369,7.23195275211334,0.0529477829287976
"340031",1985,0.323818779945374,0.794350621210078,32.2739384012222,26.9848983287811,137.191223103523,28.1722338552475,136.543585543633,7.12401315879822,50.4077900781632,77.6085675935745,0.215879186630249,1.02838672288497
"340031",1986,0.365562483032802,2.26673145961761,20.2926435432434,93.583627404213,238.546501226425,233.365400747299,43.9314144792557,126.289324178696,14.1400867242813,11.8733552646637,101.571157309532,0.115267155770725
"340031",1987,0.273872351308941,0.116120403014171,12.4130532312393,15.4353618440628,84.1928827857971,43.2837769193649,429.05988342762,162.125269159317,94.2312649641037,31.4104216547012,0.579327401871474,0.902070935996886
"340031",1988,0.912822704332847,0.0934290782012906,45.3346291923523,26.5531399555206,28.0642942619324,117.11445874691,125.53374702549,100.923519749641,26.7690191421509,8.20340909194946,7.33989234542847,0.316606299212706
"340031",1989,0.539697966575623,0.866716367125146,2.15879186630249,2.37467105293274,31.0866028747559,69.0813397216797,131.794243437767,134.924491643906,32.4898175878525,22.4514354095459,8.63516746520996,19.3211872034073
"340031",1990,0.863516746520996,0.215879186630249,43.9314144792557,29.2516297883987,29.467508975029,35.1883074207306,93.2598086242676,43.3917165126801,92.6121710643768,34.8644886407852,16.4068181838989,0.107939593315125
"340031",1991,15.1115430641174,0.566202851138569,0.215879186630249,34.5406698608398,200.767643566132,166.766671671867,199.47236844635,15.1115430641174,91.1010167579651,58.1794407968521,9.28280502510071,50.6236692647934
"340031",1992,1.01698184693017,0.0272033512825599,30.4389653148651,49.6522129249573,429.815460580826,407.903723137855,51.163367231369,110.961901927948,33.785092707634,3.56200657939911,5.7207984457016,0.647637559890747
"340031",1993,4.31758373260498,0.140132559880774,0.312610965792876,47.4934210586548,226.673145961761,136.543585543633,106.428439008713,37.0232805070877,1.61909389972687,29.467508975029,10.1463217716217,5.7207984457016
"340031",1994,0.669029451843503,0.551572476826353,0.215879186630249,86.4596142454147,110.746022741318,149.388397148132,132.657760184288,25.3658044290543,27.740475481987,23.422891749382,0.665776954559879,8.09546949863434
"340031",1995,0.91001762647888,0.155733397439188,0.775319005745615,99.0885466632843,22.7752541894913,186.19579846859,188.030771554947,114.739787693977,17.0544557437897,25.7975628023148,0.0983843426975359,0.332785886889303
"340031",1996,0.262994636990708,0.930099572049412,10.7939593315125,38.2106160335541,32.4898175878525,78.1482655601502,58.6111991701126,149.928095114708,1.40321471309662,2.48261064624786,16.2988785905838,3.88582535934448
"340031",1997,1.18733552646637,6.1525568189621,0.226828108901124,50.4077900781632,114.092150134087,417.294467756271,93.3677482175827,141.832625616074,119.812948579788,148.416940808296,29.0357506017685,3.45406698608398
"340031",1998,0.257557010276931,0.863516746520996,0.562694668268591,31.3024820613861,34.7565490474701,52.02688397789,1.18733552646637,4.8572816991806,49.8680921115875,1.04166821370396,0.934353773978433,9.71456339836121
"340031",1999,0.720599926132011,3.23818779945374,15.1115430641174,17.378274523735,62.6049641227722,132.981578964233,67.8940041952133,185.008462942123,213.072757204056,24.3943480892181,0.107939593315125,0.215879186630249
"340031",2000,0.225080633246021,37.1312201004028,0.860633713621657,7.66371112537384,20.1847039499283,585.896112514496,44.0393540725708,17.378274523735,203.574072992325,4.31758373260498,7.12401315879822,0.510828890617254
"340031",2001,1.18733552646637,0.511667598450124,0.215879186630249,36.2677033538818,198.500912106514,20.9402811031342,334.612739276886,185.008462942123,10.5780801448822,5.2890400724411,6.04461722564697,0.313667150064327
"340031",2002,0.0331978904742433,9.93044258499145,110.314264368057,32.3818779945374,270.712500034332,148.093122028351,118.733552646637,350.048101120949,70.2686752481461,25.4737440223694,3.66994617271423,9.06692583847046
"340031",2003,34.9724282341003,0.715318375227048,0.00203422797572587,6.1525568189621,106.320499415398,213.396575984001,80.9546949863434,26.3372607688904,42.8520185461044,16.0829994039536,35.2962470140457,4.53346291923523
"340031",2004,0.357776026390286,0.699919080644294,32.5977571811676,82.5737888860702,25.7975628023148,123.914653125763,114.200089727402,59.1508971366882,70.4845544347763,52.02688397789,23.2070125627518,5.7207984457016
"340031",2005,0.674942095548932,0.0881218284301124,11.1177781114578,4.64140251255035,275.461842140198,305.792867861748,103.406130395889,237.682984479904,40.0455891199112,8.74310705852509,41.0170454597473,5.07316088581085
"340031",2006,0.05963806582636,0.647637559890747,0.824670564625715,24.0705293092728,30.5469049081802,267.258433048248,258.623265583038,117.546217120171,42.3123205795288,59.798534696579,0.106403262783806,13.3845095710754
"340031",2007,2.48261064624786,46.4140251255035,3.02230861282349,7.77165071868897,39.0741327800751,96.1741776437759,77.7165071868896,98.9806070699692,2.05085227298737,5.39697966575623,0.215879186630249,0.22130855076284
"340031",2008,0.864599856635834,0.447176160863689,8.85104665184021,46.3060855321884,223.758776942253,145.502571788788,156.2965311203,119.165311019897,27.0928379220963,0.323818779945374,0.553780422523041,0.107939593315125
"340031",2009,0.970173854551058,0.99819306849856,0.265419183790783,0.985945339246048,105.672861855507,173.674805644035,95.7424192705154,129.74339116478,67.7860646018982,22.1276166296005,12.6289324178696,0.843116082484265
"340031",2010,7.01607356548309,0.856120823126022,0.461366422772028,0.260320370354167,47.0616626853943,145.286692602158,111.717479081154,29.0357506017685,17.5941537103653,15.5433014373779,15.7591806240082,16.5147577772141
"360011",1981,72.5153308134079,13.0611186623573,34.4813532686234,99.6824576311111,506.353448302269,112.63908734417,150.777553838253,79.6205793657303,44.8257592492104,24.2414362373352,20.1663672146797,8.15013804531097
"360011",1982,74.0826650528908,35.4217538123131,13.3745855102539,44.6167813506126,333.21525931406,473.648407171726,318.377828513622,167.600274675369,207.410564358234,186.408285549164,40.5417123279571,0.740168228444291
"360011",1983,81.3968915038109,4.8064916677475,0.417955797195435,62.066435883522,126.431628651619,317.855383767128,201.768161096096,162.480316159725,78.9936456699371,30.0928173980713,23.4055246429443,15.8823202934265
"360011",1984,8.67258279180527,38.3474443926811,15.0464086990356,47.1245161337852,383.474443926811,204.902829575062,346.485355875015,82.6507588953972,111.385219952583,147.015951663494,23.5100135922432,0.641138240552357
"360011",1985,33.0185079784393,0.208977898597717,10.5533838791847,78.5756898727417,259.237083210468,127.058562347412,175.436945872784,39.0788670377731,91.4278306365013,95.7118775577545,34.0633974714279,0.910200723130405
"360011",1986,13.8970302567482,12.538673915863,60.603590593338,188.916020332336,397.789429980755,305.107731952667,80.8744467573166,154.957111810207,82.3372920475006,39.0788670377731,202.395094791889,1.7763121380806
"360011",1987,0.299850218786522,3.76160217475891,73.6647092556953,32.0781074347496,223.606351499557,104.488949298859,390.89315932703,173.9741005826,128.834874485493,85.2629826278687,9.19502753829956,0.208977898597717
"360011",1988,15.4643644962311,0.766894702983926,61.9619469342232,24.5549030852318,74.6051097993851,220.158216172695,204.902829575062,248.579210381985,97.0702338986397,34.2723753700256,34.2723753700256,12.0162291693687
"360011",1989,8.98604963970184,7.52320434951782,9.612983335495,1.14937844228745,63.9472369709015,269.477000241756,218.695370882511,137.193990429401,43.1539360604286,17.031698735714,0.73142264509201,52.6624304466248
"360011",1990,6.47831485652924,22.9875688457489,119.0129132514,54.5432315340042,73.9781761035919,85.2629826278687,111.385219952583,100.936325022697,171.988810545921,57.3644331650734,26.2267262740135,0.183392322841157
"360011",1991,21.1067677583694,2.08977898597717,7.10524855232239,110.444819408894,396.953518386364,167.286807827473,187.975619788647,58.0958558101654,106.16077248764,80.6654688587189,23.1965467443466,70.3210628781319
"360011",1992,0.81402769725028,28.838950006485,56.3195436720848,120.580247490883,634.979344889164,349.515535404682,87.248272664547,121.72962593317,99.6824576311111,69.1716844358444,24.9728588824272,29.3613947529793
"360011",1993,3.13466847896576,0.901359969399345,24.0324583387375,152.344888077736,310.33217941761,389.743780884743,188.60255348444,145.030661626816,47.2290050830841,72.8287976613045,19.7484114174843,5.11995851564407
"360011",1994,7.20973750162125,3.0301795296669,7.52320434951782,145.657595322609,63.1113253765106,305.421198800564,217.232525592327,18.9124998230934,131.760565065861,85.5764494757652,11.5982733721733,36.989088051796
"360011",1995,0.104488949298859,3.23915742826462,5.11995851564407,118.908424302101,48.4828724746704,220.053727223396,320.049651702404,134.790744595528,24.7638809838295,58.8272784552574,1.46284529018402,0.758914835517333
"360011",1996,0.626933695793152,18.0765882287025,80.8744467573166,69.5896402330398,66.0370159568787,160.599515072346,56.0060768241882,139.701725212574,17.3451655836105,38.6609112405777,54.2297646861076,21.1067677583694
"360011",1997,7.00075960302353,52.5579414973259,1.2538673915863,239.593160742283,162.584805109024,330.394057682991,131.760565065861,72.6198197627068,99.1600128846169,215.14274660635,63.7382590723038,27.6895715641975
"360011",1998,0.642551253305136,2.29875688457489,9.0905385890007,63.1113253765106,137.193990429401,91.4278306365013,42.840469212532,67.8133280949593,54.8566983819008,0.0309183208987365,19.8529003667831,5.85138116073608
"360011",1999,7.94116014671326,18.1810771780014,16.3002760906219,15.6733423948288,178.571614351749,308.764845178127,76.2769329881668,214.20234606266,229.457732660294,14.1060081553459,7.41871540021896,0.930913089084537
"360011",2000,0.848933963292847,129.775275029182,2.08977898597717,34.2723753700256,42.5270023646355,461.214222205162,74.6051097993851,117.654556910515,213.052967620373,40.0192675814629,17.3451655836105,11.807251270771
"360011",2001,53.184875193119,4.49302481985092,1.04488949298859,67.290883348465,400.506142662525,146.597995866299,385.459733963489,121.520648034573,22.2561462006569,24.2414362373352,47.6469608802795,0.997103576973897
"360011",2002,0.910646416534829,180.138948591232,52.6624304466248,43.5718918576241,243.250273967743,124.237360716343,92.8906759266853,205.529763270855,69.3806623344421,210.649721786499,50.3636735620499,10.2399170312881
"360011",2003,9.82196123409271,0.104488949298859,8.88156069040298,19.1214777216911,81.9193362503052,229.248754761696,87.7707174110413,59.9766568975449,89.6515184984207,49.7367398662567,59.3497232017517,22.5696130485535
"360011",2004,1.02389366034519,8.15013804531097,43.0494471111298,143.149860539436,21.8381904034615,256.206903680801,237.398892807007,75.5455103430748,60.3946126947403,68.6492396893501,39.7058007335663,46.8110492858887
"360011",2005,0.273488567454382,0.507101100613535,24.5549030852318,17.2406766343117,270.835356582642,395.281695197582,182.960150222301,260.595439551353,35.1082869644165,16.5092539892197,21.8381904034615,32.0781074347496
"360011",2006,27.376104716301,7.94116014671326,14.2104971046448,82.5462699460983,105.847305639744,375.3243058815,319.736184854507,165.197028841495,40.646201277256,87.1437837152481,2.71671268177032,64.5741706666946
"360011",2007,4.91098061704636,38.8698891391754,11.4937844228744,59.7676789989471,65.8280380582809,93.5176096224785,208.664431749821,84.7405378813744,47.2290050830841,41.6910907702446,0.306599784584586,18.9124998230934
"360011",2008,3.55262427616119,0.42144277777662,6.58280380582809,65.3055933117867,444.704968215942,79.6205793657303,176.063879568577,177.735702757359,38.45193334198,28.7344610571861,7.31422645092011,8.77707174110413
"360011",2009,4.8064916677475,10.0309391326904,2.61222373247147,4.91098061704636,187.035219244957,256.520370528698,92.0547643322945,184.631973411083,57.4689221143723,69.0671954865456,84.3225820841789,1.2538673915863
"360011",2010,10.9713396763802,69.5896402330398,1.04488949298859,11.5982733721733,56.3195436720848,173.660633734703,154.643644962311,96.2343223042488,27.376104716301,42.10904656744,29.1524168543816,16.1957871413231
"360019",1981,80.7735731151104,8.17043825364113,35.681027816534,102.078766535997,518.150577857494,97.1144496223927,202.19249096036,107.973892870903,40.7487679991722,28.0277059080601,3.51639114713669,2.68900499486923
"360019",1982,86.5652761809826,25.131854375124,4.55062383747101,25.5455474512577,218.947060543776,362.084864886045,233.116048401356,134.863942819595,178.40513908267,89.8748207900524,34.8536416642666,0.983725215197016
"360019",1983,25.131854375124,6.92935902523995,20.6846538066864,70.1209764046669,119.867568809748,233.322894939423,211.190315366268,130.416742251158,59.2615331561565,25.7523939893246,0.898303628884061,29.0619385983944
"360019",1984,8.17043825364113,34.1296787810326,15.4100670859814,24.9250078370571,403.247325961351,212.948510939836,239.011174736261,78.1879913892746,115.937484586477,169.303891407728,10.7560199794769,0.103423269033432
"360019",1985,46.6438943340778,1.24107922840118,19.7538443853855,83.0488850338459,191.436470980883,172.923705823898,218.636790736675,27.0968964867592,95.1494075107574,69.2935902523994,45.7130849127769,0.51711634516716
"360019",1986,6.30881941103935,10.3423269033432,48.8157829837799,146.861042027473,268.073113334656,231.564699365854,88.6337415616512,186.161884260178,71.3620556330681,28.4413989841938,214.603283244371,6.72251248717308
"360019",1987,0.86253694011364,4.13693076133728,60.7094589226246,56.986221237421,141.793301844835,117.178563814878,450.925452985764,214.189590168238,131.968091286659,38.5768793494701,20.9949236137867,1.44792576646805
"360019",1988,8.79097786784172,0.226895769130081,11.0662897865772,25.4421241822243,84.1865409932137,217.705981315374,296.928205394983,230.323620137453,93.3912119371891,27.0968964867592,19.2367280402184,15.5134903550148
"360019",1989,3.41296787810326,3.41296787810326,29.2687851364613,2.5855817258358,38.059763004303,268.693652948856,233.529741477489,182.02495349884,36.6118372378349,34.4399485881329,5.06774018263817,91.219323287487
"360019",1990,6.61908921813965,33.8194089739323,131.140705134392,52.1253275928497,100.630840769529,108.077316139936,101.458226921797,139.207720118999,118.72991285038,52.43559739995,28.1311291770935,4.65404710650444
"360019",1991,8.99782440590858,3.20612134003639,9.30809421300888,119.453875733614,276.450398126364,147.688428179741,242.217296076298,90.7022069423199,64.5361198768616,66.1908921813965,52.3321741309166,100.423994231462
"360019",1992,0.876144173055029,18.3059186189175,49.8500156741142,116.558024200678,465.094440843344,303.547294613123,103.940385378599,171.682626595497,127.107197642088,58.4341470038891,15.8237601621151,74.3613304350376
"360019",1993,2.79242826390266,0.506908069557133,17.9956488118172,100.010301155329,292.791274633646,319.577901313305,217.292288239241,102.906152688265,21.7188864970207,46.9541641411781,41.3693076133728,22.029156304121
"360019",1994,0.620539614200592,1.55134903550148,9.30809421300888,128.038007063389,74.3613304350376,209.535543061733,183.162609458208,22.6496959183216,143.75834395647,46.1267779889107,18.3059186189175,35.7844510855675
"360019",1995,4.24035403037071,0.103423269033432,14.8929507408142,143.965190494537,58.9512633490562,226.60038245225,261.55744738555,204.054109802961,10.2389036343098,57.5033375825882,3.41296787810326,0.708847038327344
"360019",1996,0.844651786228841,12.7210620911121,13.2381784362793,67.6388179478645,68.466204100132,156.686252585649,80.5667265770435,179.129101965904,6.92935902523995,25.9592405273914,19.7538443853855,21.305193420887
"360019",1997,23.9941984157562,26.7866266796589,0.310269807100296,247.491882797003,226.186689376116,372.737461596489,239.528291081429,131.864668017626,85.5310434906483,167.959388910294,92.4604025158882,3.72323768520355
"360019",1998,0.648157665169254,0.995563759514808,8.99782440590858,35.0604882023334,154.721210474014,146.75761875844,80.670149846077,97.9418357746601,59.5718029632568,0.103423269033432,30.8201341719627,4.44720056843758
"360019",1999,13.651871512413,17.3751091976166,21.5120399589539,21.8223097660542,205.605458838463,282.345524461269,153.68697778368,221.222372462511,161.133453154087,16.030606700182,1.86161884260178,12.3073690149784
"360019",2000,2.06846538066864,98.148682312727,6.30881941103935,47.7815502934456,60.812882191658,585.065432922125,83.8762711861134,225.979842838049,266.314917761087,34.1296787810326,28.3379757151604,15.7203368930817
"360019",2001,60.1923425774574,7.4464753704071,45.8165081818104,41.3693076133728,303.75414115119,243.872068380833,388.354375220537,202.089067691326,51.2979414405823,25.2352776441574,35.681027816534,0.86960935907852
"360019",2002,1.24107922840118,69.0867437143326,93.8049050133228,87.4960856022835,187.092693681478,118.316219774246,163.615611610889,310.99376998353,120.488108423948,188.540619447947,53.2629835522175,15.9271834311485
"360019",2003,9.30809421300888,0.844295016337137,9.51494075107574,19.2367280402184,75.6024096634388,320.095017658472,113.558749398708,66.6045852575302,134.036556667328,62.8813475723267,79.3256473486423,11.3765595936775
"360019",2004,0.103423269033432,14.2724111266136,50.8842483644486,131.347551672459,66.1908921813965,263.729336035252,212.948510939836,150.584279712677,76.1195260086059,130.727012058258,48.7123597147465,19.8572676544189
"360019",2005,1.03423269033432,0.413693076133728,23.5805053396225,9.72178728914261,369.738186794519,446.685098955393,171.47578005743,183.783149072409,76.9469121608734,29.5790549435616,50.263708750248,67.0182783336639
"360019",2006,30.406441095829,1.86161884260178,10.5491734414101,124.935308992386,111.076590941906,320.198440927506,322.990869191408,243.872068380833,42.7138101108074,93.0809421300888,3.10269807100296,55.7451420090199
"360019",2007,25.2352776441574,37.8529164662361,9.30809421300888,137.346101276398,75.4989863944054,92.2535559778213,181.921530229807,122.866843611717,60.3991891155243,32.7851762835979,4.13693076133728,26.4763568725586
"360019",2008,3.72323768520355,2.48215845680237,3.93008422327042,55.0211791257858,334.057158977985,98.872645195961,300.341173273086,245.940533761501,82.7386152267456,31.2338272480965,11.9970992078781,5.58485652780533
"360019",2009,8.68755459880829,11.2731363246441,7.03278229427338,14.6861042027473,137.759794352531,289.89542310071,122.246303997517,222.773721498013,53.159560283184,53.7800998973846,45.2993918366432,0.620539614200592
"360019",2010,19.4435745782852,28.3379757151604,5.99854960393906,7.4464753704071,38.4734560804367,192.367280402184,256.696553740978,137.759794352531,21.9257330350876,44.8856987605095,17.7888022737503,15.0997972788811
"380013",1981,153.18043466568,14.0989604225159,60.8481449813843,122.968376617432,301.696551597595,166.113315654755,134.205142066956,88.9400586051941,91.3782246932983,26.6078125267029,23.2155814476013,43.144939037323
"380013",1982,119.470138317108,79.1873942527771,56.6078561325073,38.6926357460022,163.67514956665,239.258298297882,236.184088882446,129.434817111969,127.314672687531,106.007221221924,52.3675672836304,1.69611553955078
"380013",1983,27.773891960144,3.49823830032349,32.014180809021,127.102658245087,143.109748649597,171.201662273407,116.81995778656,106.961286212921,139.293488685608,60.4241160964966,2.86219497299194,7.52651270675659
"380013",1984,39.010657409668,57.5619211235046,22.0495020141602,36.0424552154541,400.60128899765,193.675193172455,192.29709929657,80.3534736862183,89.3640874900818,191.025012641907,44.6290401344299,18.127234828949
"380013",1985,76.2191920585632,29.4700074996948,51.3074950714111,127.950716014862,315.795512020111,126.996651023865,124.240463272095,96.9966074180603,143.745791976929,73.2509898643494,78.0213148193359,2.2261516456604
"380013",1986,23.8516247749329,106.855278991699,90.2121452598572,133.251077075958,214.87663741684,159.328853496552,91.802253578186,210.848363010407,33.1802602424622,58.9400149993896,163.251120681763,3.18021663665771
"380013",1987,6.14841883087158,7.84453437042236,87.9859936141968,66.2545132637024,129.116795448303,145.865936401367,223.039193450928,117.668015556335,96.042542427063,105.053156230927,53.1096178321838,29.8940363845825
"380013",1988,43.7809823646545,0.139220423190234,101.660925151825,53.4276394958496,69.4347299003601,174.275871688843,91.4842319145203,179.258211086273,47.7032495498657,105.159163452148,21.0954370231628,38.4806213035583
"380013",1989,19.505328704834,18.127234828949,46.7491845588684,24.2756536598206,53.4276394958496,247.738875995636,167.597416751862,148.092088047028,43.4629607009888,52.2615600624084,22.5795381202698,120.848232192993
"380013",1990,11.8728087768555,53.4276394958496,93.0743402328491,75.2651270675659,214.770630195618,155.300579090118,106.855278991699,85.6538347473144,163.039106239319,94.8764629936218,47.279220664978,17.8092131652832
"380013",1991,40.388751285553,9.01061380386353,35.1943974456787,163.463135124207,254.417330932617,136.11327204895,204.699944179535,81.0955242347717,135.053199836731,53.0036106109619,57.3499066810608,137.597373146057
"380013",1992,1.27208665466309,54.275697265625,49.5053723106384,136.11327204895,303.498674358368,307.844970428467,119.152116653442,126.572622138977,168.657488964081,150.742268577576,47.5972423286438,93.0743402328491
"380013",1993,26.395798084259,4.02827440643311,64.7704121665955,124.134456050873,403.251469528198,196.961417030334,270.636435779572,108.975423416138,66.5725349273682,73.9930404129028,96.6785857543945,74.6290837402344
"380013",1994,29.257993057251,18.3392492713928,24.8056897659302,108.233372867584,90.1061380386353,263.95798084259,214.558615753174,54.0636828231812,122.120318847656,138.445430915833,107.067293434143,108.02135842514
"380013",1995,28.8339641723633,0.318021663665771,40.4947585067749,183.49849993515,83.4276831016541,321.307887523651,219.752969593048,224.417287326813,42.8269173736572,100.176824054718,22.8975597839355,1.06007221221924
"380013",1996,26.501805305481,67.5265999183655,73.781025970459,93.9223980026245,116.395928901672,107.491322319031,10.9187437858582,194.417243721008,28.3039280662537,42.1908740463257,53.6396539382935,23.9576319961548
"380013",1997,63.7103399543762,19.3993214836121,4.34629607009888,211.59041355896,173.957850025177,302.544609367371,284.205360095978,100.706860160828,103.887076797485,177.774109989166,97.2086218605042,45.5831051254272
"380013",1998,7.95054159164429,48.763321762085,16.5371265106201,26.9258341903687,78.9753798103333,83.1096614379883,73.8870331916809,161.873026805878,68.4806649093628,5.61838272476196,24.9116969871521,50.5654445228577
"380013",1999,30.4240724906921,37.1025274276733,58.40997889328,30.636086933136,150.212232471466,283.039280662537,97.3146290817261,163.251120681763,145.123885852814,27.773891960144,34.1343252334595,10.8127365646362
"380013",2000,5.30036106109619,136.961329818726,33.0742530212402,96.5725785331726,83.3216758804321,487.527210399628,168.763496185303,119.470138317108,153.392449108124,76.4312065010071,66.784549369812,51.2014878501892
"380013",2001,85.0177914199829,7.84453437042236,62.2262388572693,63.3923182907104,230.88372782135,234.699987785339,256.21945369339,95.7245207633972,38.0565924186707,37.3145418701172,102.720997364044,0.636043327331543
"380013",2002,29.4700074996948,31.8021663665771,142.897734207153,99.1167518424988,210.530341346741,152.438384117126,120.424203308105,136.855322597504,146.820001392365,287.809605617523,121.696289962769,84.911784198761
"380013",2003,20.5654009170532,6.57244771575928,23.4275958900452,28.8339641723633,42.9329245948792,314.417418144226,163.887164009094,82.0495892257691,121.378268299103,82.4736181106567,86.7139069595337,60.8481449813843
"380013",2004,8.79859936141968,36.4664841003418,51.8375311775208,181.060333847046,20.0353648109436,264.594024169922,196.961417030334,108.763408973694,97.3146290817261,207.986168037415,95.8305279846192,38.5866285247803
"380013",2005,34.9823830032349,2.12014442443848,64.2403760604858,48.1272784347534,365.194877109528,292.0498944664,132.721040969849,204.487929737091,96.7845929756164,65.8304843788147,171.731698379517,67.4205926971436
"380013",2006,90.9541958084106,46.8551917800903,62.7562749633789,162.827091796875,113.851755592346,329.788465221405,228.551568954468,135.689243164063,136.537300933838,91.5902391357422,20.883422580719,82.5796253318787
"380013",2007,13.5689243164063,59.3640438842773,18.2332420501709,122.650354953766,83.9577192077637,209.258254692078,190.812998199463,139.293488685608,67.4205926971436,67.7386143608093,25.017704208374,50.8834661865234
"380013",2008,11.2367654495239,15.5830615196228,34.6643613395691,64.5583977241516,221.131063468933,125.724564369202,177.562095546722,311.767237613678,43.6749751434326,37.7385707550049,57.031885017395,12.8268737678528
"380013",2009,13.3569098739624,52.3675672836304,14.8410109710693,62.7562749633789,238.092218864441,163.781156787872,85.0177914199829,263.851973621368,95.6185135421753,139.293488685608,98.2686940727234,65.5124627151489
"380013",2010,37.526556312561,74.2050548553467,53.0036106109619,15.4770542984009,44.7350473556519,180.848319404602,179.258211086273,133.35708429718,29.257993057251,53.3216322746277,49.1873506469727,62.1202316360474
"390006",1981,184.183884382248,15.5486678600311,93.8137745380402,201.089147424698,493.800646400452,171.348406887054,204.42845864296,188.462376880646,150.060297870636,42.3675110816956,18.9923325538635,33.9148795604706
"390006",1982,126.685119342804,66.264456987381,48.1069522380829,70.4385960102081,332.15711274147,369.098243093491,382.142427539825,284.989341783524,167.487328290939,129.293956232071,69.2907077789307,12.0006496906281
"390006",1983,55.202988576889,8.3482780456543,62.5077318668365,151.729953479767,183.557763528824,265.99700922966,243.143598079681,148.286288785934,258.900972890854,60.0032484531403,8.76569194793701,13.7746587753296
"390006",1984,38.8194929122925,79.2042879581451,18.7836256027222,106.12748465538,352.923454380035,414.074591064453,300.120595741272,82.7523061275482,182.9316426754,224.46432595253,56.9769976615906,15.2356074333191
"390006",1985,111.032098007202,36.7324234008789,82.2305387496948,192.532162427902,386.316566562653,321.721765184402,179.383624505997,134.511630010605,153.921376466751,83.2740735054016,84.5263152122498,38.0890185832977
"390006",1986,42.6805715084076,136.389992570877,83.0653665542603,273.823519897461,407.39596862793,276.223649835587,181.053280115128,310.55594329834,104.040415143967,63.968680524826,180.114098834991,13.2528913974762
"390006",1987,5.21767377853394,21.1837555408478,102.162052583694,107.066665935516,174.792071580887,189.192851209641,428.788431119919,226.238335037231,189.401558160782,168.217802619934,49.5679008960724,48.9417800426483
"390006",1988,52.4897982120514,0.208706951141357,82.3348922252655,72.5256655216217,119.276022577286,272.571278190613,135.659518241882,261.718516731262,70.0211821079254,85.5698499679565,21.2881090164185,53.9507468700409
"390006",1989,20.7663416385651,24.6274202346802,52.1767377853394,46.12423620224,90.9962306976318,338.31396780014,319.008574819565,193.78440413475,66.577517414093,69.6037682056427,37.671604681015,196.184534072876
"390006",1990,25.4622480392456,75.5519163131714,135.450811290741,161.226119756699,367.950354862213,177.609615421295,184.079530906677,250.239634418488,278.102012395859,88.1786868572235,65.3252757072449,31.827810049057
"390006",1991,17.9487977981567,33.9148795604706,73.0474328994751,111.136451482773,337.896553897858,234.690966558456,294.485508060455,211.315788030624,123.763222026825,92.4571793556213,75.030148935318,202.758803033829
"390006",1992,3.33931121826172,12.9398309707642,128.041714525223,159.556464147568,336.122544813156,408.439503383636,155.069264698029,151.938660430908,188.984144258499,171.452760362625,41.3239763259888,111.449511909485
"390006",1993,36.6280699253082,15.5486678600311,202.96750998497,248.674332284927,435.467053556442,504.862114810944,408.126442956924,143.277321958542,90.1614028930664,116.87589263916,187.210135173798,74.1953211307526
"390006",1994,19.0966860294342,11.1658218860626,25.1491876125336,148.912409639359,199.210784864426,342.90552072525,320.365170001984,167.59168176651,154.547497320175,128.041714525223,157.678101587296,85.0480825901031
"390006",1995,78.0563997268677,2.60883688926697,35.2714747428894,197.332422304153,96.3182579517364,487.852498292923,308.468873786926,361.897853279114,80.0391157627106,132.841974401474,41.0109158992767,0.626120853424072
"390006",1996,34.6453538894653,49.6722543716431,91.9354119777679,103.936061668396,267.249250936508,179.90539188385,120.006496906281,243.039244604111,39.1325533390045,66.7862243652344,85.4654964923859,30.7842752933502
"390006",1997,116.667185688019,33.3931121826172,6.26120853424072,313.790901041031,206.09811425209,499.018320178986,435.780113983154,232.18648314476,131.694086170197,183.140349626541,151.625600004196,44.4545805931091
"390006",1998,17.6357373714447,10.1222871303558,49.9853147983551,101.222871303558,139.93801074028,201.819621753693,150.164651346207,234.377906131744,75.4475628376007,12.3137101173401,44.7676410198212,40.280441570282
"390006",1999,20.0358673095703,43.8284597396851,69.18635430336,33.8105260848999,206.619881629944,380.785832357407,158.095515489578,354.697463464737,192.532162427902,29.0102662086487,60.9424297332764,30.0538009643555
"390006",2000,23.6882389545441,162.374007987976,47.3764779090881,130.65055141449,138.37270860672,818.339955425262,283.110979223251,164.56543097496,168.635216522217,69.499414730072,77.952046251297,68.5602334499359
"390006",2001,131.589732694626,30.1581544399261,58.5422997951508,68.1428195476532,381.30759973526,412.822349357605,494.218060302734,172.078881216049,68.9776473522186,44.4545805931091,91.5179980754852,2.71319036483765
"390006",2002,24.0012993812561,59.8988949775696,183.349056577682,108.214554166794,328.504741096497,212.985443639755,225.403507232666,275.597528982162,181.575047492981,415.639893198013,175.105132007599,125.537231111526
"390006",2003,31.514749622345,20.7663416385651,57.7074719905853,100.596750450134,122.302273368835,545.246909856796,233.960492229462,147.451460981369,275.075761604309,124.180635929108,126.476412391663,89.7439889907837
"390006",2004,10.9571149349213,22.9577646255493,62.4033783912659,307.112278604507,32.8713448047638,505.90564956665,303.355553483963,162.478361463547,146.720986652374,168.739569997787,125.224170684814,65.8470430850983
"390006",2005,43.8284597396851,1.9827160358429,95.483430147171,55.3073420524597,592.205973863602,395.18661198616,199.002077913284,261.927223682404,95.3790766716003,70.9603633880615,213.194150590897,74.9257954597473
"390006",2006,148.181935310364,22.749057674408,84.8393756389618,234.064845705032,175.626899385452,509.453667736053,351.879919624329,262.86640496254,85.4654964923859,107.797140264511,40.280441570282,145.260037994385
"390006",2007,22.1229368209839,47.0634174823761,45.6024688243866,161.226119756699,70.3342425346375,217.368289613724,277.893305444717,198.793370962143,116.249771785736,113.84964184761,34.2279399871826,32.3495774269104
"390006",2008,36.2106560230255,29.4276801109314,32.2452239513397,65.6383361339569,478.878099393845,151.312539577484,526.150223827362,554.430015707016,48.733073091507,40.1760880947113,99.5532156944275,19.2010395050049
"390006",2009,12.0006496906281,32.140870475769,22.6447041988373,84.6306686878204,456.859516048431,314.312668418884,142.442494153976,439.432485628128,101.53593173027,213.924624919891,130.233137512207,84.8393756389618
"390006",2010,32.9756982803345,102.683819961548,46.8547105312347,9.91358017921448,101.4315782547,399.569457960129,245.856788444519,270.066794776917,83.795840883255,98.5096809387207,78.5781671047211,86.5090312480927
"400009",1981,120.142965863228,26.5839495649338,88.5101266522408,109.942148006916,423.385460319042,170.425785195351,158.576350311756,126.016164022923,95.8258647108078,70.0662236595154,24.6262168450356,49.6645879468918
"400009",1982,56.465133184433,54.6104390287399,46.4703924565315,87.5827795743942,392.061736800671,178.565831767559,168.055898218632,232.248923718452,109.01480092907,69.241915145874,38.6394615769386,7.93396944379807
"400009",1983,60.9988300094605,10.2008178563118,46.0582381997108,137.144328957081,104.068949847221,194.639847783566,135.186596237183,125.913125458717,167.437666833401,39.0516158337593,5.25496677446365,15.2497075023651
"400009",1984,35.7543817791939,80.9883114652634,45.8521610713005,80.164002951622,238.225160442352,213.805020725727,175.062520584583,52.7557448730469,127.973896742821,160.740160160065,25.8626796154976,23.8019083313942
"400009",1985,85.9341625471115,68.623683760643,59.3502129821777,161.976622930527,247.601669785023,247.704708349228,137.453444649696,80.4731186442375,116.433577551842,55.1256318497658,42.5549270167351,39.46377009058
"400009",1986,45.2339296860695,135.495711929798,70.8905321731567,160.224967339039,211.332095184803,182.584335771561,86.4493553681374,196.082387682438,47.5007780985832,70.5814164805412,118.803464528561,14.9405918097496
"400009",1987,10.7160106773376,27.7173737711906,68.1084909396172,97.4744817380905,110.663417956352,101.699062870502,288.301902646065,110.972533648968,111.384687905788,124.882739816666,35.4452660865784,32.9723405456543
"400009",1988,59.8654058032036,4.12154256820679,40.3911171684265,68.4176066322327,53.9922076435089,144.563105579853,76.4546146402359,139.72029306221,69.0358380174637,56.0529789276123,11.1281649341583,66.9750667333603
"400009",1989,32.8693019814491,22.9775998177528,48.5311637406349,58.9380587253571,40.8032714252472,116.948770372868,188.972726752281,180.832680180073,76.6606917686462,73.466496278286,37.5060373706818,114.475844831944
"400009",1990,52.7557448730469,36.0634974718094,56.2590560560226,128.386050999641,205.355858460903,137.144328957081,152.08492076683,180.832680180073,204.531549947262,60.8957914452553,55.4347475423813,34.5179190087318
"400009",1991,36.4756517286301,20.2985971484184,47.9129323554039,70.3753393521309,221.945067297935,155.588231949806,156.721656156063,153.218344973087,99.1230987653732,48.4281251764297,61.1018685736656,230.085113870144
"400009",1992,1.13342420625687,98.401828815937,148.169455327034,136.835213264465,216.896177651882,229.157766792297,109.117839493275,103.553757026196,124.77970125246,111.384687905788,33.6936104950905,96.7532117886543
"400009",1993,33.0753791098595,28.3356051564217,275.525120684624,258.420719026566,237.091736236095,244.098358602047,203.2950871768,66.76898960495,62.7504856009483,98.6079059443474,89.849627986908,46.779508149147
"400009",1994,26.4809110007286,11.9524734477997,37.5060373706818,162.697892879963,195.670233425617,280.574010330677,207.725745437622,132.198477875233,99.8443687148094,143.841835630417,81.7095814146996,121.997660018921
"400009",1995,83.0490827493668,10.5099335489273,28.9538365416527,130.34378371954,89.0253194732666,348.373385577679,127.35566535759,212.25944226265,76.5576532044411,112.312034983635,49.9737036395073,3.50331118297577
"400009",1996,40.3911171684265,45.6460839428902,97.9896745591164,136.423059007645,178.771908895969,101.492985742092,92.2195149636269,217.411370472908,64.6051797566414,78.7214630527496,79.7518486948013,45.1308911218643
"400009",1997,139.5142159338,37.0938831138611,10.2008178563118,202.882932919979,135.495711929798,343.324495931625,257.493371948719,100.153484407425,100.46260010004,149.508956661701,81.2974271578789,39.8759243474007
"400009",1998,27.5112966427803,24.4201397166252,46.8825467133522,83.6673141345978,151.981882202625,128.592128128052,118.59738740015,138.689907420158,83.8733912630081,17.9287101716995,31.5298006467819,31.4267620825768
"400009",1999,36.2695746002197,34.002726187706,59.6593286747932,39.46377009058,119.318657349586,277.688930532932,83.7703526988029,226.890918379784,102.420332819939,30.1902993121147,57.9076730833054,42.6579655809402
"400009",2000,27.2021809501648,157.545964669704,48.1190094838142,97.0623274812698,82.3278127999306,434.616663817406,178.97798602438,100.359561535835,124.161469867229,84.0794683914184,62.544408472538,39.5668086547852
"400009",2001,127.149588229179,38.845538705349,82.7399670567513,40.3911171684265,233.691463617325,192.476037935257,284.283398642063,128.179973871231,49.5615493826866,56.7742488770485,90.0557051153183,11.0251263699532
"400009",2002,15.8679388875961,52.858783437252,97.3714431738853,130.446822283745,257.184256256103,141.678025782108,192.991230756283,246.056091321945,145.284375529289,218.750871807575,146.314761171341,49.6645879468918
"400009",2003,19.4742886347771,26.4809110007286,42.4518884525299,79.0305787453651,46.4703924565315,254.505253586769,151.054535124779,94.3833248119354,161.667507237911,98.8139830727577,130.34378371954,60.5866757526398
"400009",2004,13.7041290392876,22.8745612535477,82.9460441851616,263.057454415798,19.1651729421616,348.579462706089,167.437666833401,93.5590162982941,108.911762364864,126.119202587128,80.8852729010582,65.7386039628983
"400009",2005,36.5786902928352,7.00662236595154,109.22087805748,80.6791957726479,390.619196901798,247.498631220818,181.553950129509,204.119395690441,58.2167887759209,25.6566024870872,101.802101434708,22.9775998177528
"400009",2006,114.991037652969,15.1466689381599,67.2841824259758,117.360924629688,152.394036459446,281.501357408524,239.564661777019,163.110047136784,108.499608108044,166.304242627144,60.8957914452553,123.028045660973
"400009",2007,24.6262168450356,51.4162435383797,20.8137899694443,137.041290392876,71.1996478657722,113.239382061481,150.745419432163,136.73217470026,44.6156983008385,94.2802862477303,35.9604589076042,31.6328392109871
"400009",2008,34.7239961371422,38.5364230127335,34.4148804445267,39.6698472189903,91.8073607068062,135.495711929798,234.721849259377,273.876503657341,34.5179190087318,49.3554722542763,63.3687169861794,28.8507979774475
"400009",2009,16.2800931444168,56.3620946202278,26.4809110007286,90.5708979363442,259.038950411797,221.738990169525,75.2181518697739,288.61101833868,45.9551996355057,124.77970125246,79.545771566391,101.905139998913
"400009",2010,41.318464246273,104.790219796658,39.46377009058,42.8640427093506,74.084727663517,187.839302546024,120.761197248459,200.925200200081,67.387220990181,75.1151133055687,56.9803260054588,61.4109842662811
"410005",1981,122.496389503479,57.6330318450928,111.179357795715,123.020326156616,396.200897102356,338.463077926636,206.326254005432,175.623566131592,202.658697433472,88.6500817108154,80.476669921875,98.8144527816772
"410005",1982,92.9463622665405,96.9282808303833,73.0367694473267,69.3692128753662,404.688670883179,233.256597976685,209.784235916138,305.350281448364,126.478308067322,148.378860168457,110.026697158813,40.0287602996826
"410005",1983,77.0186880111694,63.6059096908569,70.7314481735229,152.77992805481,187.045385169983,183.377828598022,177.509738082886,156.552271957397,152.570353393555,115.89478767395,51.8697286605835,29.9691765594482
"410005",1984,130.355439300537,158.543231239319,53.7559006118774,127.107032051086,217.643285713196,195.952308273315,187.254959831238,76.7043260192871,159.067167892456,187.56932182312,64.4442083358765,83.3059278488159
"410005",1985,97.2426428222656,118.724045600891,79.3240092849731,186.416661186218,328.717856178284,248.031611595154,228.645955429077,136.328317146301,118.828832931519,99.9671134185791,113.065529747009,70.2075115203857
"410005",1986,110.445846481323,101.748498039246,145.444814910889,213.242217826843,211.251258544922,257.567258682251,111.703294448853,149.007584152222,114.951701698303,102.37722202301,153.513439369202,48.5165340805054
"410005",1987,46.0016381454468,72.0936834716797,90.7458283233643,161.582063827515,136.852253799438,152.465566062927,252.956616134644,141.462896347046,165.249620399475,132.136823921204,51.3457920074463,90.2218916702271
"410005",1988,87.9165703964233,20.643104133606,104.682543296814,105.520841941833,115.89478767395,204.020932731628,83.3059278488159,203.811358070374,103.739457321167,124.382561454773,53.3367512893677,128.574054679871
"410005",1989,85.6112491226196,72.9319821166992,127.316606712341,128.783629341126,51.7649413299561,154.246950683594,174.05175617218,292.251865119934,109.817122497559,81.3149685668945,108.978823852539,176.985801429749
"410005",1990,52.9176019668579,74.0846427536011,103.320307998657,220.472543640137,231.265638694763,254.3188514328,162.734724464417,162.839511795044,192.91347568512,145.549602241516,85.7160364532471,104.158606643677
"410005",1991,100.700624732971,50.1931313705444,88.4405070495606,129.726715316772,244.573629684448,139.471937065125,184.635276565552,145.654389572144,209.889023246765,112.6463804245,96.8234934997559,325.57423625946
"410005",1992,13.8319276428223,214.499665794373,136.013955154419,259.872579956055,257.776833343506,228.54116809845,114.008615722656,115.685213012695,212.508706512451,301.997086868286,104.787330627441,131.403312606812
"410005",1993,75.8660273742676,41.6005702590942,184.425701904297,236.819367218018,271.399186325073,276.009828872681,243.840118370056,101.538923377991,52.8128146362305,130.879375953674,189.141131782532,94.3085975646973
"410005",1994,84.039439163208,43.5915295410156,61.6149504089355,159.276742553711,259.6630052948,328.403494186401,225.083186187744,207.478914642334,204.125720062256,183.06346660614,165.773557052612,166.192706375122
"410005",1995,131.927249259949,28.2925792694092,63.7106970214844,143.139493637085,218.795946350098,277.581638832092,180.862932662964,171.222498245239,89.9075296783447,114.951701698303,51.9745159912109,9.32607242584229
"410005",1996,60.0431404495239,71.7793214797974,154.037376022339,123.020326156616,140.624597702026,71.8841088104248,85.7160364532471,158.857593231201,102.901158676147,120.924579544067,159.486317214966,99.3383894348144
"410005",1997,260.501303939819,60.1479277801514,42.7532308959961,289.94654384613,117.257022972107,373.566833686829,293.823675079346,135.175656509399,141.986833000183,185.683149871826,114.008615722656,105.835203933716
"410005",1998,41.076633605957,11.7361810302734,90.5362536621094,78.3809233093262,116.523511657715,104.787330627441,137.061828460693,218.900733680725,97.0330681610107,58.0521811676025,80.0575205993652,66.225592956543
"410005",1999,67.902190246582,47.3638734436035,122.391602172852,68.1117649078369,131.193737945557,259.24385597229,142.92991897583,217.748073043823,144.606516265869,52.8128146362305,70.6266608428955,83.4107151794434
"410005",2000,91.5841269683838,158.648018569946,92.2128509521484,112.332018432617,66.0160182952881,380.797159500122,226.131059494019,106.88307723999,92.4224256134033,163.468235778809,130.774588623047,71.2553848266602
"410005",2001,246.459801635742,55.5372852325439,155.923547973633,90.4314663314819,209.050724601746,184.216127243042,269.303439712524,185.368787879944,84.039439163208,115.89478767395,110.655421142578,24.9393846893311
"410005",2002,73.351131439209,119.247982254028,121.029366874695,158.857593231201,361.725865325928,219.843819656372,137.061828460693,206.221466674805,186.940597839355,271.818335647583,178.348036727905,97.2426428222656
"410005",2003,101.643710708618,59.100054473877,70.8362355041504,111.284145126343,73.351131439209,224.664036865234,133.91820854187,191.341665725708,149.007584152222,99.3383894348144,136.642679138184,127.840543365479
"410005",2004,71.0458101654053,28.2925792694092,121.972452850342,278.315150146484,51.9745159912109,341.606697845459,140.205448379517,137.795339775085,108.769249191284,178.767186050415,84.6681631469727,88.6500817108154
"410005",2005,71.464959487915,15.5085249328613,201.191674804687,132.451185913086,410.661548728943,239.753412475586,223.406588897705,211.041683883667,74.8181540679932,46.9447241210937,178.871973381042,54.4894119262695
"410005",2006,143.034706306458,65.4920816421509,156.342697296143,273.285358276367,162.629937133789,305.559856109619,295.29069770813,132.032036590576,145.444814910889,186.311873855591,66.4351676177978,183.587403259277
"410005",2007,22.6340634155273,47.1542987823486,81.1053939056397,138.528851089478,87.0782717514038,145.025665588379,186.835810508728,155.294823989868,169.755475616455,154.037376022339,53.65111328125,64.1298463439941
"410005",2008,39.5048236465454,45.8968508148193,67.2734662628174,168.288452987671,371.575874404907,177.509738082886,281.249195404053,244.364055023193,43.9058915328979,64.2346336746216,131.612887268066,31.2266245269775
"410005",2009,33.1127964782715,123.229900817871,69.788362197876,150.474606781006,225.083186187744,195.952308273315,86.7639097595215,276.219403533936,74.1894300842285,144.292154273987,170.38419960022,124.277774124146
"410005",2010,98.9192401123047,79.8479459381104,120.295855560303,71.0458101654053,116.942660980225,206.850190658569,128.888416671753,163.468235778809,89.2788056945801,98.5000907897949,99.1288147735596,82.3628418731689
"450001",1981,107.468768219471,114.798347628593,88.6212783102989,120.985654922009,459.383769200325,195.423721128941,267.006107046604,180.859751653671,257.011226034164,107.754336248398,170.864870641232,124.888417984009
"450001",1982,135.0736776824,98.9969166946411,196.851561273575,94.6182069177628,310.031690071583,199.707241562843,135.93038176918,226.360257596016,144.878180008888,176.195473847866,129.64788513279,111.752288653374
"450001",1983,191.711336752892,251.490244141579,146.496398839474,199.421673533916,186.09516551733,201.420649736404,309.65093269968,159.632528170109,210.273258633137,143.735907893181,177.528124649525,276.239473315239
"450001",1984,242.447256558895,227.883287083626,71.487196574688,223.599766649723,261.67550383997,144.307043951035,91.0962012276649,75.9610956945419,95.1893429756165,390.085927514076,137.167843227863,106.802442818642
"450001",1985,130.123831847668,174.386876331329,129.64788513279,253.869977715969,448.056237386227,193.900691641331,133.360269508839,242.542445901871,370.952869575977,73.8669301490784,152.017380732059,133.645837537766
"450001",1986,244.73180079031,120.224140178204,254.155545744896,284.806514183044,283.283484695435,332.68675369978,297.752264827728,122.03273769474,194.281449013233,72.724658033371,163.630480575085,117.178081202984
"450001",1987,148.590564384937,99.3776740665436,127.363340901375,208.559850459576,209.702122575283,273.288603682995,271.384816823483,119.272246748447,112.894560769081,130.409399876595,128.695991703033,161.34593634367
"450001",1988,179.527100852013,37.219033103466,221.695979790211,169.15146246767,96.1412364053726,388.086951311588,119.843382806301,231.405292773724,65.1095105953217,247.301913050652,131.170914620399,240.257901670456
"450001",1989,151.731812703133,58.827013958931,139.262008773327,354.770681270123,122.508684409618,293.754312422752,154.016356934547,348.107427261829,79.0071546697617,110.610016537666,120.50970820713,396.178045464516
"450001",1990,148.97132175684,50.0695944051743,154.206735620499,143.735907893181,480.706182026863,387.325436567783,306.795252410412,287.662194472313,233.88021569109,170.198545240402,176.671420562744,146.591588182449
"450001",1991,154.682682335377,212.272234835625,159.918096199036,233.309079633236,324.21490217495,141.451363661766,267.672432447433,245.112558162212,278.904774918556,111.561909967422,194.091070327282,239.3060082407
"450001",1992,56.9232270994186,128.695991703033,173.149414872646,247.1115343647,146.496398839474,220.744086360455,97.6642658929825,188.570088434696,227.407340368748,336.779895447731,126.792204843521,237.211842695236
"450001",1993,214.461589724064,88.7164676532745,293.183176364899,183.04910654211,247.873049108505,252.156569542408,231.214914087772,269.766597992897,60.6356114754677,101.757407640934,177.337745963573,228.073665769577
"450001",1994,197.708265360355,112.513803397179,85.4800299921036,223.504577306747,430.160640906811,344.966178943634,208.559850459576,258.724634207726,350.391971493244,126.411447471619,240.924227071285,209.226175860405
"450001",1995,165.153510062695,85.860787364006,207.893525058746,195.328531785965,320.216949769974,303.082868034363,364.38480491066,193.139176897526,130.790157248497,119.177057405472,87.7645742235184,66.9181081118584
"450001",1996,107.754336248398,236.164759922504,NA,204.847466083527,359.149391047001,138.214926000595,95.2845323185921,235.974381236553,189.99792857933,144.592611979961,297.752264827728,96.8075618062019
"450001",1997,NA,NA,NA,NA,NA,NA,NA,NA,NA,NA,NA,NA
"450001",1998,NA,NA,154.492303649426,39.4083879919052,27.1289627480507,17.2292710785866,84.5281365623474,80.6253735003471,18.0859751653671,232.547564889431,107.27838953352,92.7144200582504
"450001",1999,NA,NA,105.469792016983,21.3224128265381,14.3735907893181,321.264032542706,43.7870977687836,21.6079808554649,161.726693715572,86.2415447359085,97.3786978640556,118.796300033569
"450001",2000,NA,NA,144.592611979961,154.016356934547,163.916048604012,219.601814244747,202.277353823185,85.1944619631767,145.068558694839,111.752288653374,146.020452124596,255.773764575481
"450001",2001,NA,138.024547314644,235.308055835724,122.984631124496,279.761479005337,224.361281393528,136.787085855961,135.0736776824,94.1422602028847,82.6243497028351,196.280425215721,89.4779823970795
"450001",2002,NA,NA,157.823930653572,274.430875798702,167.914001008987,116.035809087276,225.693932195187,208.4646611166,184.381757343769,384.184188249588,256.916036691189,199.326484190941
"450001",2003,NA,NA,48.1658075456619,59.8740967316627,215.603861839771,361.433935278416,146.020452124596,258.439066178799,42.6448256530762,275.287579885483,191.996904781818,219.506624901772
"450001",2004,NA,NA,47.0235354299545,30.5557790951729,2.66530160331726,31.2221044960022,43.9774764547348,24.558850487709,24.2732824587822,153.730788905621,106.802442818642,315.267103935242
"450001",2005,NA,NA,NA,NA,NA,NA,NA,NA,NA,NA,NA,NA
"450001",2006,NA,NA,NA,NA,NA,NA,NA,NA,NA,NA,NA,NA
"450001",2007,NA,NA,23.4165783720016,65.2998892812729,96.2364257483482,143.355150521278,27.1289627480507,14.9447268471718,107.944714934349,105.089034645081,NA,53.4964107522964
"450001",2008,166.105403492451,NA,87.5741955375671,29.6990750083923,9.2333662686348,63.8720491366386,382.851537447929,16.0869989628792,8.75741955375671,13.5168867025375,NA,83.38586444664
"450001",2009,191.140200695038,244.922179476261,146.306020153522,290.99382147646,356.579278786659,165.724646120548,112.418614054203,402.746110129833,143.926286579132,168.009190351963,212.938560236454,NA
"450001",2010,NA,229.596695257187,122.984631124496,119.081868062496,233.118700947285,400.842323270321,299.751241030216,271.860763538361,124.888417984009,190.569064637184,178.384828736305,NA
"450004",1981,18.3976776101589,44.6800741961002,25.3089744901657,45.5561540822983,259.222304105043,103.474768780947,108.049852631092,90.0415438592434,106.395035068274,19.5657841250896,73.9800792789459,19.0790730772018
"450004",1982,35.8219331245422,18.3003354005814,105.226928553343,34.4591421904564,113.30633194828,78.3604787099361,52.1754243335724,122.164473019838,87.023935362339,80.1126384823322,28.8132940349579,11.4863807301521
"450004",1983,42.4412033758163,72.3252617161274,78.5551631290913,36.0166175436974,51.591371076107,70.4757597341538,139.880755162954,38.6448572022915,43.9986787290573,36.990039639473,43.9986787290573,55.7770860879421
"450004",1984,63.8564894828796,62.2990141296387,13.9199359695911,38.742199411869,92.8644679369927,77.0950299854279,54.2196107347012,29.2026628732681,46.4322339684963,143.579759126902,43.8039943099022,31.0521648552418
"450004",1985,30.8574804360867,47.7950249025822,33.2910356755257,88.1920418772697,151.367135893106,126.836899079561,49.5471846749783,76.9003455662727,143.579759126902,48.28173595047,59.1840634231567,33.1936934659481
"450004",1986,73.5907104406357,34.1671155617237,89.6521750209331,157.305010677338,125.960819193363,158.278432773113,164.995045233965,37.2820662682056,79.6259274344444,29.5920317115784,56.9451926028729,35.432564286232
"450004",1987,57.7239302794933,22.6807348315716,53.5382152676582,61.1309076147079,82.2541670930386,109.217959146023,147.084078671694,65.5113070456982,43.6093098907471,37.2820662682056,48.28173595047,47.2109716451168
"450004",1988,38.0608039448261,9.92890537691116,105.32427076292,61.2282498242855,36.4059863820076,255.620642350674,21.9993393645287,92.7671257274151,15.5747535324097,63.3697784349918,35.1405376574993,82.6435359313488
"450004",1989,50.8126333994865,23.9461835560799,33.6804045138359,160.225276964664,27.2558186817169,133.845538169146,70.2810753149986,153.898033342123,12.9465138738155,16.6455178377628,19.3710997059345,179.499034461021
"450004",1990,44.8747586152554,22.4860504124165,68.5289155426025,65.5113070456982,237.709675788403,177.649532479048,98.6076583020687,146.597367623806,95.1033387572765,62.2990141296387,50.1312379324436,37.2820662682056
"450004",1991,42.1491767470837,58.9893790040016,59.2814056327343,84.1036690750122,138.809990857601,57.139877022028,138.323279809713,103.961479828835,121.969788600683,50.9099756090641,57.3345614411831,80.9887183685303
"450004",1992,14.3093048079014,29.007978454113,55.582401668787,62.9804095966816,84.7850645420551,110.094039032221,32.3176135797501,58.5026679561138,74.856159165144,162.756174413681,41.2730968608856,79.723269644022
"450004",1993,42.3438611662388,26.6717654242516,123.235237325191,82.4488515121937,121.872446391106,147.473447510004,74.5641325364113,110.580750080109,27.0611342625618,23.9461835560799,44.1933631482124,57.5292458603382
"450004",1994,96.0767608530521,64.440542740345,16.4508334186077,102.890715523481,229.630272393465,159.738565916777,132.48274723506,115.545202768564,121.677761971951,23.7514991369247,60.0601433093548,36.990039639473
"450004",1995,29.007978454113,53.2461886389256,112.430252062082,89.7495172305107,152.632584617615,132.288062815905,203.931929064989,65.4139648361206,33.875088932991,51.2020022377968,22.8754192507267,16.3534912090302
"450004",1996,12.4598028259277,84.1036690750122,105.616297391653,173.074448628902,120.217628828287,75.0508435842991,82.156824883461,297.185765840292,39.3262526693344,53.8302418963909,101.33324017024,57.139877022028
"450004",1997,114.863807301521,31.1495070648193,40.1049903459549,175.410661658764,32.2202713701725,119.925602199554,195.852525670052,211.524621412039,35.2378798670769,107.563141583204,40.9810702321529,26.4770810050964
"450004",1998,89.457490601778,1.94684419155121,70.4757597341538,24.140867975235,95.2006809668541,54.9010062017441,292.902708618879,73.6880526502133,14.5039892270565,71.741208458662,46.6269183876514,97.3422095775604
"450004",1999,40.4943591842651,65.9006758840084,49.4498424654007,43.9013365194798,62.1043297104835,178.330927946091,123.332579534769,85.9531710569859,68.2368889138698,38.6448572022915,36.4059863820076,41.1757546513081
"450004",2000,31.3441914839745,42.6358877949715,58.015956908226,103.669453200102,43.5119676811695,138.517964228868,93.448521194458,40.3970169746876,103.864137619257,65.1219382073879,46.0428651301861,133.066800492525
"450004",2001,158.667801611423,90.8202815358639,158.862486030579,32.0255869510174,132.774773863792,124.987397097588,116.810651493073,127.615636756182,48.5737625792027,14.6986736462116,48.1843937408924,43.1225988428593
"450004",2002,52.5647931718826,73.3960260214806,123.332579534769,86.147855476141,119.536233361244,81.280744997263,95.7847342243195,140.562150629997,125.474108145475,131.314640720129,106.005666229963,78.7498475482464
"450004",2003,104.642875295877,21.5126283166409,30.9548226456642,19.1764152867794,102.988057733059,237.904360207558,38.9368838310242,155.650193114519,96.9528407392502,212.69272792697,89.3601483922005,62.1043297104835
"450004",2004,19.0790730772018,8.95548328113556,48.7684469983578,238.391071255445,25.3089744901657,244.134261620522,117.29736254096,35.7245909149647,93.448521194458,84.9797489612102,51.9807399144173,83.032904769659
"450004",2005,50.9099756090641,12.1677761971951,113.501016367435,124.89005488801,207.922959657669,234.886751710653,38.3528305735588,62.2016719200611,12.6544872450829,81.1834027876854,97.9262628350258,10.1235897960663
"450004",2006,87.9973574581146,34.556484400034,121.385735343218,134.916302474499,75.5375546321869,167.233916054249,202.666480340481,54.706321782589,40.29967476511,123.429921744347,60.2548277285099,121.872446391106
"450004",2007,6.32724362254143,26.574423214674,18.7870464484692,133.358827121258,42.0518345375061,109.217959146023,67.3608090276718,33.3883778851032,79.5285852248669,101.625266798973,18.592362029314,30.2734271786213
"450004",2008,42.6358877949715,25.7956855380535,29.6893739211559,137.933910971403,132.969458282948,154.482086599588,123.040552906036,84.4930379133224,12.6544872450829,31.7335603222847,105.518955182076,12.0704339876175
"450004",2009,53.5382152676582,121.580419762373,106.784403906584,116.51862486434,137.64188434267,96.7581563200951,48.6711047887802,177.746874688625,25.2116322805881,118.173442427158,76.9976877758503,114.863807301521
"450004",2010,108.341879259825,54.3169529442787,20.3445218017101,64.6352271595001,81.6701138355732,217.949207244158,120.12028661871,142.314310402393,36.5033285915852,65.5113070456982,45.0694430344105,34.2644577713013
"450005",1981,16.7908725368977,21.0379755903482,14.4203964140415,19.0625788213015,110.62221906662,44.6439669804573,58.8668237175942,30.7174197586775,60.1508316174746,12.3462298065424,44.841506657362,3.45694434583187
"450005",1982,22.124443813324,7.70404739928246,74.5712280315161,18.5687296290398,54.8172603410482,50.965236641407,19.6551978520155,79.1146406003237,73.089680454731,58.3729745253325,8.09912675309181,0.691388869166374
"450005",1983,30.9149594355822,26.6678563821316,47.7058319724798,14.9142456063032,26.9641658974886,44.1501177881956,117.536107758284,33.482975235343,25.7789278360605,26.5690865436792,18.0748804367781,67.854879016757
"450005",1984,20.0502772058249,26.7666262205839,8.29666642999649,37.6313084503412,48.1996811647415,31.6063483047485,14.9142456063032,6.8151188532114,17.6798010829687,58.4717443637848,30.6186499202251,43.2611892421246
"450005",1985,7.90158707618713,22.8158326824903,6.22249982249737,74.6699978699684,126.129083703637,95.806743298769,23.2109120362997,54.7184905025959,76.3490851236582,40.8907131192684,26.9641658974886,12.1486901296377
"450005",1986,32.3965070123672,7.70404739928246,80.5961881771088,90.7694815376997,74.8675375468731,119.412734688878,95.214124268055,31.8038879816532,39.903014734745,23.2109120362997,27.5567849282026,18.1736502752304
"450005",1987,25.7789278360605,8.59297594535351,42.0759511806965,34.4706736198664,38.717776673317,55.6074190486669,86.9174578380585,55.903728564024,37.0386894196272,21.4330549441576,40.0017845731974,19.8527375289202
"450005",1988,9.0868251376152,8.19789659154415,67.3610298244953,36.5448402273655,19.4576581751108,118.523806142807,6.91388869166374,63.8053156402111,16.88964237535,28.4457134742737,15.3093249601126,41.6808718268871
"450005",1989,15.1117852832079,16.0994836677313,20.2478168827295,78.4232517311573,21.828134297967,103.214481182694,50.4713874491453,79.6084897925854,8.00035691463947,6.61757917630672,9.0868251376152,101.3378542521
"450005",1990,19.3588883366585,19.8527375289202,56.2988079178333,33.8780545891523,138.969162702441,108.548052459121,98.0784495831728,88.5965450917482,74.5712280315161,53.4344826027155,37.1374592580795,22.124443813324
"450005",1991,42.4710305345058,18.0748804367781,44.7427368189096,51.5578556721211,73.2872201316357,56.9901967869997,130.968805787802,62.2249982249737,91.5596402453184,26.2727770283222,32.1989673354626,46.4218240725994
"450005",1992,1.97539676904678,22.9146025209427,28.840792828083,36.7423799042702,60.8422204866409,46.7181335879564,17.5810312445164,46.5205939110518,30.5198800817728,96.103052814126,35.5571418428421,35.0632926505804
"450005",1993,23.5072215516567,8.39543626844883,68.9413472397327,34.7669831352234,64.0028553171158,108.449282620668,38.2239274810553,39.2116258655787,21.4330549441576,18.6674994674921,22.2232136517763,42.1747210191488
"450005",1994,31.9026578201055,13.8277773833275,5.13603159952164,38.6190068348646,195.663049974084,98.3747590985298,67.5585695014,53.8295619565248,69.4351964319944,11.2597615835667,25.4826183207035,10.6671425528526
"450005",1995,11.1609917451143,27.8530944435596,77.6330930235386,59.6569824252129,86.2260689688921,92.4485687913895,100.942774898291,35.9522211966515,16.6921026984453,22.0256739748716,15.6056344754696,4.04956337654591
"450005",1996,0.592619030714035,44.1501177881956,64.0028553171158,133.83313110292,55.5086492102146,63.5090061248541,57.2865063023567,162.377614415646,16.1982535061836,25.8776976745129,41.8784115037918,38.4214671579599
"450005",1997,46.2242843956947,16.0994836677313,30.9149594355822,79.80602946949,21.6305946210623,79.9047993079424,107.362814397693,127.116782088161,21.9269041364193,55.903728564024,5.33357127642632,5.13603159952164
"450005",1998,44.545197142005,3.25940466892719,30.8161895971298,13.4326980295181,84.44821187675,34.2731339429617,220.553049264073,46.6193637495041,5.82742046868801,34.371903781414,16.88964237535,24.5936897746325
"450005",1999,9.97575368368626,23.8035310670137,51.9529350259304,23.6059913901091,16.0007138292789,120.795512427211,81.0900373693704,45.5328955265284,68.5462678859234,32.5940466892719,19.9515073673725,19.5564280135632
"450005",2000,14.0253170602322,23.6059913901091,24.5936897746325,80.5961881771088,24.0010707439184,69.1388869166374,77.0404739928246,7.3089680454731,53.5332524411678,28.544483312726,12.7413091603518,59.3606729098558
"450005",2001,73.089680454731,32.5940466892719,77.9294025388956,19.1613486597538,69.2376567550898,65.7807124092579,40.5944036039114,67.3610298244953,19.9515073673725,2.37047612285614,9.87698384523392,24.4949199361801
"450005",2002,32.5940466892719,24.6924596130848,57.6815856561661,22.0256739748716,61.731149032712,25.4826183207035,41.0882527961731,54.1258714718819,71.2130535241365,59.5582125867605,54.5209508256912,33.5817450737953
"450005",2003,45.6316653649807,5.33357127642632,20.1490470442772,11.8523806142807,62.027458548069,106.671425528526,17.0871820522547,95.9055131372213,43.9525781112909,144.994122848034,38.2239274810553,14.1240868986845
"450005",2004,13.6302377064228,0.197539676904678,12.1486901296377,119.412734688878,17.2847217291594,153.784638470292,62.1262283865213,11.062221906662,37.5325386118889,38.5202369964123,39.310395704031,46.4218240725994
"450005",2005,8.09912675309181,27.2604754128456,43.0636495652199,79.1146406003237,107.856663589954,165.241939730763,19.7539676904678,21.5318247826099,2.17293644595146,50.7676969645023,49.7799985799789,0.607853301365447
"450005",2006,40.1005544116497,10.8646822297573,61.731149032712,70.9167440087795,69.7315059473515,36.1497608735561,120.301663234949,18.5687296290398,26.0752373514175,66.7684107937813,28.6432531511784,77.2380136697292
"450005",2007,3.55571418428421,8.00035691463947,16.0007138292789,58.4717443637848,9.28436481451988,45.8292050418854,24.2973802592754,14.4203964140415,63.2126966094971,47.4095224571228,8.49420610690117,14.6179360909462
"450005",2008,8.69174578380585,9.67944416832924,16.0007138292789,62.1262283865213,64.8917838631868,82.1765055923462,70.5216646549702,46.6193637495041,4.14833321499825,13.0376186757088,55.7061888871193,3.16063483047485
"450005",2009,16.0007138292789,75.4601565775871,36.1497608735561,59.0643633944988,76.6453946390152,59.2619030714035,19.7539676904678,81.3863468847275,15.2105551216602,51.3603159952164,34.7669831352234,46.7181335879564
"450005",2010,47.2119827802181,37.5325386118889,6.32126966094971,21.1367454288006,41.4833321499825,166.328407953739,94.0288862066269,55.1135698564053,19.3588883366585,26.2727770283222,24.0998405823708,20.9392057518959
"460001",1981,16.527550983429,4.76382351875305,17.6942016410828,14.4859123325348,48.2215605163574,66.1102039337158,44.4299458789825,10.110972366333,16.9164345359802,10.3054141426086,18.8608522987366,1.06942976951599
"460001",1982,6.90268305778503,3.30551019668579,24.9857682514191,3.98605641365051,33.6384272956848,19.15251496315,27.4162904548645,68.15184258461,49.485432062149,30.0412544345856,4.95826529502869,0.343712531363779
"460001",1983,6.99990394592285,2.8194057559967,33.8328690719604,10.4998559188843,5.0554861831665,4.08327730178833,45.6938174247742,15.458121213913,7.19434572219849,20.9997118377686,3.40273108482361,14.4859123325348
"460001",1984,1.06942976951599,0.291662664413452,0.486104440689087,10.8887394714355,29.0690455532074,23.0413504886627,41.4160983467102,1.94441776275635,14.4859123325348,9.62486792564392,14.7775749969482,14.0970287799835
"460001",1985,0.885622949828801,4.37493996620178,2.04163865089417,13.8053661155701,63.6796817302704,56.8742195606232,6.22213684082031,14.7775749969482,28.6801620006561,40.0550059127808,0.38888355255127,0.0972208881378174
"460001",1986,5.34714884757996,0.873598416072266,22.6524669361115,48.8048858451843,50.1659782791138,34.7078570652008,20.5136073970795,9.62486792564392,24.3052220344543,14.9720167732239,4.18049818992615,5.93047417640686
"460001",1987,13.9025870037079,17.9858643054962,5.44436973571777,6.7082412815094,7.38878749847412,29.9440335464478,101.595828104019,57.3603240013123,7.68045016288757,11.7637274646759,2.72218486785889,4.86104440689087
"460001",1988,0.0972208881378174,0.38888355255127,6.90268305778503,23.430234041214,9.81930970191956,60.8602759742737,15.3609003257751,50.7493036079407,8.65265904426575,5.15270707130432,2.72218486785889,5.0554861831665
"460001",1989,0.38888355255127,18.9580731868744,12.249831905365,28.5829411125183,15.6525629901886,35.8745077228546,30.9162424278259,70.9712483406067,8.9443217086792,1.06942976951599,3.01384753227234,18.9580731868744
"460001",1990,4.86104440689087,10.8887394714355,11.4720648002625,4.56938174247742,43.8466205501556,41.6105401229858,38.2078090381622,64.7491114997864,30.6245797634125,10.8887394714355,13.4164825630188,0.583325328826904
"460001",1991,18.6664105224609,9.04154259681702,18.2775269699097,13.7081452274323,27.0274069023132,29.4579291057587,47.1521307468414,33.3467646312714,25.3746518039703,27.4162904548645,11.8609483528137,14.1942496681213
"460001",1992,0.690173463836746,30.2356962108612,26.2496397972107,16.9164345359802,57.2631031131744,35.2911823940277,16.0414465427399,9.23598437309265,9.91653059005737,57.3603240013123,31.8884513092041,1.16665065765381
"460001",1993,0.291662664413452,0.194441776275635,13.319261674881,12.5414945697784,28.8746037769318,40.3466685771942,18.5691896343231,4.08327730178833,5.63881151199341,13.4164825630188,0.777767105102539,1.45831332206726
"460001",1994,3.69439374923706,3.69439374923706,5.54159062385559,10.5970768070221,126.970479907989,70.7768065643311,23.6246758174896,9.33320526123047,21.9719207191467,11.180402135849,6.41657861709595,3.40273108482361
"460001",1995,1.74997598648071,37.2356001567841,34.7078570652008,30.9162424278259,29.8468126583099,39.7633432483673,59.7908462047577,18.5691896343231,5.0554861831665,12.7359363460541,6.99990394592285,5.12406649207265e-05
"460001",1996,0.883242564839507,17.8886434173584,16.4303300952911,27.124627790451,43.4577369976044,20.6108282852173,21.6802580547333,92.5542855072022,6.80546216964722,2.52774309158325,6.61102039337158,7.77767105102539
"460001",1997,13.4164825630188,10.8887394714355,9.04154259681702,24.3052220344543,17.2080972003937,125.512166585922,80.5961162662506,63.7769026184082,17.9858643054962,16.6247718715668,0.486104440689087,0.916531879240577
"460001",1998,9.91653059005737,0.683390088988671,17.9858643054962,29.1662664413452,79.6239073848724,12.7359363460541,93.8181570529938,9.33320526123047,3.30551019668579,15.6525629901886,12.249831905365,0.972208881378174
"460001",1999,4.08327730178833,6.41657861709595,8.45821726799011,4.18049818992615,3.79161463737488,58.2353119945526,32.6662184143066,17.1108763122559,74.4712003135681,13.0275990104675,11.2776230239868,4.56938174247742
"460001",2000,0.369040496091005,6.1249159526825,14.2914705562592,60.179729757309,27.9996157836914,39.0827970314026,36.749495716095,3.8888355255127,48.1243396282196,10.2081932544708,0.38888355255127,18.1803060817718
"460001",2001,3.69439374923706,10.6942976951599,24.0135593700409,14.2914705562592,45.4021547603607,45.5965965366364,58.2353119945526,47.3465725231171,20.9024909496307,4.37493996620178,1.26387154579163,4.66660263061523
"460001",2002,17.7914225292206,5.63881151199341,66.8879710388184,3.8888355255127,117.637274646759,6.02769506454468,30.2356962108612,53.2770466995239,53.3742675876617,29.7495917701721,25.2774309158325,14.1942496681213
"460001",2003,6.61102039337158,0.972208881378174,33.7356481838226,14.1942496681213,53.5687093639374,66.012983045578,0.0972208881378174,56.8742195606232,50.6520827198029,68.0546216964722,9.5276470375061,8.3609963798523
"460001",2004,4.18049818992615,0.481491557370316,0.38888355255127,27.5135113430023,7.97211282730103,62.1241475200653,39.0827970314026,8.9443217086792,8.9443217086792,3.8888355255127,22.6524669361115,8.06933371543884
"460001",2005,0.388115703735661,4.18049818992615,14.1942496681213,27.8051740074158,23.1385713768005,109.859603595734,6.41657861709595,19.4441776275635,1.26387154579163,22.4580251598358,7.97211282730103,0.972208881378174
"460001",2006,5.0554861831665,0.680546216964722,7.87489193916321,44.3327249908447,18.9580731868744,38.5966925907135,59.8880670928955,3.69439374923706,16.4303300952911,0.0944649975452046,18.083085193634,6.80546216964722
"460001",2007,2.91662664413452,0.39557253269066,4.86104440689087,26.638523349762,4.37493996620178,0.486104440689087,26.3468606853485,3.59717286109924,0.680546216964722,2.2360804271698,0.486104440689087,NA
"460001",2008,1.16665065765381,1.16665065765381,0.665914527310567,25.4718726921082,34.0273108482361,32.3745557498932,5.15270707130432,5.54159062385559,2.04163865089417,0.38888355255127,13.1248198986053,3.59717286109924
"460001",2009,0.583325328826904,75.4434091949463,9.04154259681702,15.1664585494995,12.7359363460541,27.9023948955536,0.777767105102539,50.2631991672516,1.55553421020508,7.38878749847412,11.0831812477112,12.8331572341919
"460001",2010,13.5137034511566,38.0133672618866,1.36109243392944,4.37493996620178,10.0137514781952,121.817772836685,44.9160503196716,27.0274069023132,0.0972208881378174,0.874987993240356,8.74987993240356,11.2776230239868
"470001",1981,25.5856961011887,49.5339076519012,25.0739821791649,45.4401962757111,143.893954873085,66.1134387254715,58.1307015419006,54.4463613033295,57.4143020510674,19.4451290369034,151.057949781418,10.438964009285
"470001",1982,31.8286059498787,21.3896419405937,90.3686786293983,17.3982733488083,99.1701580882072,50.6596782803535,22.8224409222603,105.003696799278,71.9469774365425,46.9753380417824,9.51787894964218,15.863131582737
"470001",1983,48.4081370234489,54.0369901657104,86.9913667440414,24.5622682571411,104.38964009285,43.393340587616,118.410601556301,75.5289748907089,68.3649799823761,56.1861886382103,28.0419229269028,50.2503071427345
"470001",1984,52.6041911840439,46.9753380417824,9.82490730285645,130.589392900467,133.147962510586,24.4599254727364,14.9420465230942,14.4303326010704,5.62885314226151,50.045621573925,35.5129461884499,50.1479643583298
"470001",1985,33.9778044223785,32.3403198719025,15.6584460139275,79.6226862668991,106.743524134159,53.5252762436867,73.1750908493996,78.3945728540421,87.196052312851,33.6707760691643,35.6152889728546,21.287299156189
"470001",1986,64.2712686061859,39.7090003490448,41.3464848995209,90.1639930605888,56.2885314226151,238.049316525459,143.075212597847,40.2207142710686,19.1381006836891,2.55856961011887,42.9839694499969,35.9223173260689
"470001",1987,73.8914903402328,27.0184950828552,20.8779280185699,43.2909978032112,81.1578280329704,99.7842147946358,98.5561013817787,48.2034514546394,38.8902580738068,45.6448818445206,45.030825138092,33.8754616379738
"470001",1988,40.9371137619019,7.77805161476135,84.2281115651131,70.3094928860664,29.4747219085693,118.308258771896,38.1738585829735,39.197286427021,14.3279898166656,46.9753380417824,46.9753380417824,69.3884078264236
"470001",1989,41.8581988215446,32.6473482251167,48.4081370234489,154.33291888237,45.1331679224968,74.1985186934471,81.771884739399,111.144263863564,27.4278662204742,19.3427862524986,52.2971628308296,182.988898515701
"470001",1990,50.045621573925,8.8014794588089,54.4463613033295,27.12083786726,145.94081056118,188.924780011177,164.976568460464,97.1233024001122,93.1319338083267,59.3588149547577,42.9839694499969,23.2318120598793
"470001",1991,24.4599254727364,91.4944492578506,77.166459441185,49.9432787895203,56.9025881290436,78.0875445008278,139.186186790466,102.752155542374,98.1467302441597,19.5474718213081,36.3316884636879,92.5178771018982
"470001",1992,10.6436495780945,63.4525263309479,37.3551163077354,69.9001217484474,65.8064103722572,58.2330443263054,11.8717629909515,158.63131582737,69.9001217484474,173.880390703678,34.7965466976166,44.5191112160683
"470001",1993,55.5721319317818,39.7090003490448,81.1578280329704,19.3427862524986,35.2059178352356,32.545005440712,50.5573354959488,131.612820744514,7.16399490833282,35.7176317572594,15.6584460139275,29.6794074773788
"470001",1994,65.1923536658287,34.5918611288071,39.9136859178543,65.908753156662,202.536370337009,150.03452193737,34.5918611288071,60.9962995052338,89.0382224321365,27.6325517892838,41.3464848995209,24.4599254727364
"470001",1995,14.0209614634514,33.5684332847595,61.712698996067,91.6991348266602,110.223178803921,98.3514158129692,130.282364547253,57.6189876198769,33.1590621471405,44.5191112160683,32.0332915186882,15.7607887983322
"470001",1996,11.5647346377373,103.673240602016,66.6251526474953,74.7102326154709,128.235508859158,65.499382019043,63.9642402529716,155.663375079632,55.9815030694008,76.1430315971375,89.242908000946,94.3600472211838
"470001",1997,117.898887634277,9.51787894964218,30.2934641838074,90.4710214138031,71.2305779457092,43.9050545096397,136.422931611538,108.48335146904,9.21085059642792,46.3612813353539,26.8138095140457,20.2638713121414
"470001",1998,44.621454000473,5.21948200464249,52.8088767528534,17.8076444864273,55.6744747161865,50.7620210647583,306.311953723431,92.5178771018982,53.6276190280914,167.842166423798,26.8138095140457,86.1726244688034
"470001",1999,31.4192348122597,48.5104798078537,4.81011086702347,29.5770646929741,52.7065339684486,96.3045601248741,148.908751308918,47.7940803170204,51.7854489088058,17.1935877799988,61.6103562116623,33.36374771595
"470001",2000,31.6239203810692,22.0036986470222,24.3575826883316,101.319356560707,21.5943275094032,59.7681860923767,86.8890239596367,21.3896419405937,68.4673227667809,108.790379822254,31.5215775966644,123.630083560944
"470001",2001,31.1122064590454,35.5129461884499,57.5166448354721,52.3995056152344,80.2367429733276,85.8655961155891,69.0813794732094,71.6399490833282,10.029592871666,6.34525263309479,47.6917375326157,13.6115903258324
"470001",2002,21.4919847249985,38.6855725049973,90.5733641982079,151.467320919037,136.627617180347,12.6905052661896,91.3921064734459,38.378544151783,85.2515394091606,108.48335146904,66.6251526474953,40.0160287022591
"470001",2003,35.4106034040451,33.5684332847595,24.8692966103554,20.8779280185699,79.1109723448753,122.401970148087,23.8458687663078,110.837235510349,97.4303307533264,255.447589874268,58.3353871107101,51.5807633399963
"470001",2004,7.98273718357086,5.21948200464249,50.1479643583298,89.8569647073746,24.7669538259506,120.252771675587,73.1750908493996,8.8014794588089,55.2651035785675,18.7287295460701,36.0246601104736,104.799011230469
"470001",2005,8.90382224321365,0.102342784404755,77.7805161476135,39.2996292114258,99.0678153038025,157.710230767727,12.1787913441658,31.3168920278549,19.9568429589272,67.6485804915428,76.1430315971375,1.84217011928558
"470001",2006,42.1652271747589,13.9186186790466,78.1898872852325,126.802709877491,75.5289748907089,42.5745983123779,77.6781733632088,25.9950672388077,20.1615285277367,60.3822427988052,37.969173014164,62.6337840557098
"470001",2007,49.4315648674965,16.1701599359512,17.7053017020226,89.0382224321365,17.3982733488083,12.6905052661896,4.19605416059494,20.9802708029747,1.53514176607132,86.7866811752319,15.5561032295227,7.06165212392807
"470001",2008,14.4303326010704,23.0271264910698,11.1553635001183,133.557333648205,56.1861886382103,67.9556088447571,14.1233042478561,58.8471010327339,0.271895424850521,15.9654743671417,64.7829825282097,9.00616502761841
"470001",2009,82.4882842302322,98.2490730285645,68.3649799823761,3.47965466976166,141.540070831776,70.8212068080902,34.2848327755928,142.051784753799,21.0826135873795,48.2034514546394,49.5339076519012,46.3612813353539
"470001",2010,45.030825138092,41.5511704683304,4.40073972940445,148.806408524513,70.0024645328522,150.443893074989,53.5252762436867,46.1565957665443,19.9568429589272,104.799011230469,52.1948200464249,35.7176317572594
"520006",1981,25.1351343283653,30.6526028394699,38.5201042349339,20.2307178740501,74.8945262711048,18.8002630748749,96.2491729159355,33.309161752224,10.9327616794109,5.72181919670105,12.6697425069809,23.9090302147865
"520006",1982,57.1160166242123,14.4067233345509,14.4067233345509,21.1502959592342,25.3394850139618,15.2241260769367,34.3309151802063,9.80883290863037,38.2135782065392,54.1529316830635,27.3829918699265,25.44166035676
"520006",1983,37.702701492548,35.0461425797939,22.4785754156113,70.9096879019737,71.8292659871578,21.9676987016201,3.47396165513992,49.963742628336,4.80224111151695,33.1048110666275,29.3243233830929,19.719841160059
"520006",1984,65.3922193908691,29.6308494114876,10.524060308218,30.243901468277,24.8286082999706,13.589320592165,19.1067891032696,29.9373754398823,34.7396165513992,48.226761800766,13.6914959349632,5.82399453949928
"520006",1985,27.0764658415318,21.6611726732254,58.2399453949928,39.3375069773197,64.0639399344921,48.226761800766,20.7415945880413,23.2959781579971,33.1048110666275,21.2524713020325,44.7528001456261,25.1351343283653
"520006",1986,12.6697425069809,14.7132493629456,54.35728236866,32.3895836670399,79.6967673826218,34.1265644946098,18.8002630748749,3.67831234073639,5.10876713991165,14.2023726489544,52.0072494843006,28.2003946123123
"520006",1987,34.4330905230045,32.0830576386452,13.6914959349632,31.4700055818558,24.2155562431812,27.9960439267158,75.8141043562889,46.898482344389,13.3849699065685,27.5873425555229,33.6156877806187,9.9110082514286
"520006",1988,15.4284767625332,9.60448222303391,34.637441208601,33.2069864094257,14.1001973061562,55.685561825037,11.3414630506039,16.3480548477173,12.7719178497791,55.4812111394405,19.8220165028572,27.9960439267158
"520006",1989,71.1140385875702,36.9874740929604,19.0046137604713,56.0942631962299,15.5306521053314,47.9202357723713,13.0784438781738,18.3915617036819,33.4113370950222,23.2959781579971,49.3506905715466,43.3223453464508
"520006",1990,40.359260405302,20.0263671884537,50.88332071352,49.4528659143448,99.3144331998825,29.2221480402946,41.6875398616791,92.6730359179974,41.8918905472755,24.4199069287777,70.2966358451843,53.6420549690723
"520006",1991,34.8417918941975,47.7158850867748,101.255764713049,49.1463398859501,26.0547124135494,30.1417261254787,4.08701371192932,20.8437699308395,63.553063220501,22.785101444006,44.6506248028278,125.47132095623
"520006",1992,44.4462741172314,15.5306521053314,48.7376385147572,25.6460110423565,23.5003288435936,22.4785754156113,6.64139728188515,11.2392877078056,44.3440987744331,25.5438356995583,13.8958466205597,26.4634137847424
"520006",1993,71.8292659871578,73.9749481859207,61.5095563645363,23.6025041863918,17.4719836184978,3.57613699793816,15.4284767625332,48.1245864579678,27.2808165271282,23.1938028151989,10.9327616794109,34.3309151802063
"520006",1994,34.3309151802063,55.0725097682476,68.5596550176144,96.6578742871284,42.8114686324596,32.1852329814434,33.2069864094257,11.7501644217968,35.7613699793816,19.9241918456554,45.6723782308102,57.7290686810017
"520006",1995,27.5873425555229,49.8615672855377,64.6769919912815,29.6308494114876,56.1964385390282,22.376400072813,48.0224111151695,18.1872110180855,30.243901468277,23.1938028151989,18.4937370464802,11.1371123650074
"520006",1996,35.1483179225922,32.3895836670399,90.1186523480415,87.3599180924892,63.3487125349045,19.1067891032696,14.6110740201473,37.3961754641533,17.7785096468925,24.3177315859795,24.7264329571724,27.9960439267158
"520006",1997,38.5201042349339,45.7745535736084,23.1938028151989,82.7620276665688,34.7396165513992,12.9762685353756,46.489780973196,25.1351343283653,41.8918905472755,17.3698082756996,20.5372439024448,46.6941316587925
"520006",1998,88.6881975488663,56.7073152530193,38.8266302633286,17.1654575901031,83.2729043805599,16.5524055333137,45.161501516819,40.4614357481003,22.376400072813,31.9808822958469,33.2069864094257,40.767961776495
"520006",1999,34.2287398374081,33.6156877806187,11.5458137362003,23.2959781579971,33.7178631234169,22.785101444006,28.6090959835052,64.472641305685,29.7330247542858,24.113380900383,10.7284109938145,20.6394192452431
"520006",2000,63.6552385632992,21.048120616436,52.2116001698971,30.0395507826805,35.6591946365833,24.5220822715759,43.833222060442,13.9980219633579,16.5524055333137,29.5286740686893,34.2287398374081,61.3052056789398
"520006",2001,86.4403400073051,48.3289371435642,30.4482521538734,26.2590630991459,47.5115344011784,48.3289371435642,21.5589973304272,28.9156220118999,30.4482521538734,15.0197753913403,12.261041135788,24.7264329571724
"520006",2002,10.8305863366127,22.4785754156113,22.376400072813,26.3612384419441,23.3981535007954,41.3810138332844,30.5504274966717,35.965720664978,44.0375727460384,53.0290029122829,48.8398138575554,27.3829918699265
"520006",2003,74.2814742143154,15.1219507341385,96.453523601532,9.09360550904274,62.6334851353168,44.5484494600296,35.7613699793816,9.19578085184097,42.3005919184685,53.1311782550812,24.9307836427689,57.9334193665981
"520006",2004,33.5135124378204,24.3177315859795,21.5589973304272,58.0355947093964,12.5675671641827,50.2702686567307,47.2050083727837,30.9591288678646,30.6526028394699,24.3177315859795,38.0092275209427,20.0263671884537
"520006",2005,33.5135124378204,3.26961096954346,66.4139728188515,81.127222181797,63.144361849308,13.3849699065685,15.7350027909279,44.9571508312225,10.2175342798233,33.9222138090134,34.5352658658028,13.4871452493668
"520006",2006,74.9967016139031,34.5352658658028,19.8220165028572,82.9663783521652,23.5003288435936,41.9940658900738,33.5135124378204,31.0613042106628,52.3137755126953,36.1700713505745,11.852339764595,35.7613699793816
"520006",2007,34.9439672369957,29.2221480402946,50.88332071352,84.3968331513405,33.7178631234169,48.8398138575554,22.785101444006,10.8305863366127,24.9307836427689,35.2504932653904,10.4218849654198,42.9136439752579
"520006",2008,9.40013153743744,45.9789042592049,50.88332071352,45.7745535736084,5.31311782550812,8.78707948064804,34.9439672369957,83.8859564373493,7.76532605266571,31.8787069530487,32.0830576386452,16.3480548477173
"520006",2009,11.0349370222092,24.113380900383,30.0395507826805,79.6967673826218,43.6288713748455,35.965720664978,29.835200097084,54.35728236866,14.5088986773491,15.326301419735,28.8134466691017,6.74357262468338
"520006",2010,64.9835180196762,13.4871452493668,14.5088986773491,25.5438356995583,21.4568219876289,38.8266302633286,40.4614357481003,31.4700055818558,13.0784438781738,30.4482521538734,6.74357262468338,12.261041135788
"550001",1981,60.4198557009697,40.9233527431488,161.859581486464,44.7840463981628,61.2885117733479,75.6695956382752,48.7412573945522,75.090491590023,77.9860118312836,53.2775724391937,28.3760983643532,51.6367776358128
"550001",1982,62.3502025284767,73.4496967866421,41.0198700845242,47.7760839807987,30.8855492401123,58.586026214838,76.2486996865272,44.8805637395382,28.1830636816025,103.370072613001,76.8278037347794,47.293497273922
"550001",1983,71.8089019832611,63.8944799904823,52.0228470013142,20.1721243474483,49.8029481496811,76.3452170279026,34.2636561882496,38.7034538915157,21.0407804198265,37.1591764295101,27.6039596333504,20.075607006073
"550001",1984,69.2029337661266,29.5343064608574,65.8248268179893,60.226821018219,106.362110195637,45.0735984222889,49.6099134669304,50.5750868806839,11.7751156477928,45.1701157636642,27.7969943161011,28.4726157057285
"550001",1985,41.3094221086502,50.4785695393085,NA,NA,0.676308505026203,0.772524636609291,0.786566637817947,0.666800481688499,10.9064595754147,14.3810838649273,50.5750868806839,46.6178758842945
"550001",1986,11.3890462822914,60.5163730423451,18.2417775199413,47.0039452497959,33.6845521399975,16.4079480338097,16.6975000579357,4.05372833776474,10.3273555271626,16.3114306924343,47.293497273922,45.3631504464149
"550001",1987,37.9313151605129,46.1352891774178,29.437789119482,30.2099278504848,20.075607006073,44.01190766716,43.5293209602833,4.15024567914009,29.148237095356,24.9014740748405,26.4457515368462,23.5502312955856
"550001",1988,98.2546535201073,63.4118932836056,52.5054337081909,52.6019510495663,26.6387862195969,54.8218499011993,27.0248555850983,40.8268354017735,33.6845521399975,38.220867184639,27.6039596333504,67.2725869386196
"550001",1989,73.160144762516,32.8158960676193,31.5611706297398,62.2536851871014,27.507442291975,15.3462572786808,9.26566477203369,16.6009827165604,22.8746099059582,13.0298410856724,40.6338007190228,83.4875002896786
"550001",1990,35.2288296020031,27.217890267849,48.2586706876755,81.7501881449223,23.8397833197117,49.7064308083057,14.9601879131794,75.9591476624012,39.7651446466446,31.9472399952412,37.9313151605129,46.7143932256699
"550001",1991,40.0546966707706,53.2775724391937,61.6745811388493,44.5910117154121,97.5790321304798,31.2716186056137,6.94924857902527,1.64079480338097,29.9203758263588,17.1800867648125,27.8935116574764,75.7661129796505
"550001",1992,38.8964885742664,57.5243354597092,68.7203470592499,45.4596677877903,98.5442055442333,18.0487428371906,9.36218211340904,20.4616763715744,38.6069365501404,40.440766036272,29.3412717781067,92.2705783548355
"550001",1993,73.4496967866421,37.3522111122608,59.7442343113422,38.9930059156418,52.1193643426895,30.1134105091095,22.9711272473335,36.0974856743813,38.510419208765,17.8557081544399,17.1800867648125,21.6198844680786
"550001",1994,50.3820521979332,81.0745667552948,37.2556937708855,94.0078904995918,15.9253613269329,30.8855492401123,32.5263440434933,17.7591908130646,20.1721243474483,33.5880347986221,31.6576879711151,23.646748636961
"550001",1995,5.79104048252106,58.0069221665859,32.0437573366165,17.2766041061878,34.649725553751,114.373049529791,32.1402746779919,87.2516766033173,29.2447544367313,46.2318065187931,14.0915318408012,29.148237095356
"550001",1996,45.652702470541,59.2616476044655,78.0825291726589,47.1969799325466,15.5392919614315,46.1352891774178,56.8487140700817,13.5124277925491,23.936300661087,42.2745955224037,20.5581937129498,26.0596821713448
"550001",1997,32.4298267021179,67.1760695972443,21.9094364922047,61.0954770905972,17.3731214475632,32.8158960676193,38.8964885742664,68.0447256696224,33.5880347986221,21.9094364922047,79.3372546105385,79.7233239760399
"550001",1998,116.013844333172,21.0407804198265,38.6069365501404,6.56317921352386,5.59800579977036,34.0706215054989,38.510419208765,39.4755926225185,31.7542053124905,36.4835550398827,42.9502169120312,8.30049135828018
"550001",1999,32.9124134089947,74.5113875417709,71.8089019832611,24.8049567334652,26.7353035609722,20.3651590301991,16.3114306924343,22.4885405404568,32.2367920193672,33.2984827744961,21.6198844680786,24.1293353438377
"550001",2000,44.3014596912861,43.9153903257847,110.319321192026,20.4616763715744,4.63283238601685,14.863670571804,3.18507226538658,13.7054624752998,33.2019654331207,21.2338151025772,72.0984540073872,93.7183384754658
"550001",2001,63.0258239181042,29.8238584849834,18.7243642268181,17.4696387889385,14.7671532304287,3.95721099638939,40.3442486948967,10.8099422340393,15.9253613269329,13.4159104511738,23.5502312955856,31.5611706297398
"550001",2002,43.1432515947819,29.0517197539806,14.1880491821766,60.8059250664711,74.6079048831463,60.5163730423451,11.5820809650421,6.75621389627457,15.3462572786808,35.3253469433784,54.2427458529472,55.8835406563282
"550001",2003,60.1303036768436,5.1154190928936,46.1352891774178,41.8885261569023,10.5203902099133,83.9700869965553,3.57114163088799,0.675621389627457,1.25472543787956,9.45869945478439,27.6039596333504,30.8855492401123
"550001",2004,25.3840607817173,48.7412573945522,24.0328180024624,1.54427746200562,9.16914743065834,0.96517341375351,14.863670571804,3.76417631363869,8.49352604103088,15.5392919614315,17.3731214475632,65.1492054283619
"550001",2005,49.1273267600536,25.7701301472187,35.9044509916306,25.7701301472187,6.94924857902527,3.95721099638939,18.0487428371906,4.43979770326614,5.69452314114571,37.8347978191376,104.43176336813,34.1671388468742
"550001",2006,70.7472112281322,7.23880060315132,1.06169075512886,5.3084537756443,7.04576592040062,4.9223844101429,17.2766041061878,3.08855492401123,0.096517341375351,0.868656072378159,28.2795810229778,49.7064308083057
"550001",2007,45.7492198119163,112.73225472641,39.3790752811432,11.5820809650421,17.0835694234371,21.8129191508293,10.9064595754147,12.4507370374203,26.4457515368462,8.49352604103088,56.1730926804543,57.0417487528324
"550001",2008,19.1104335923195,18.145260178566,26.3492341954708,42.8536995706558,6.75621389627457,14.863670571804,77.7929771485329,11.5820809650421,0.579104048252106,4.82586706876755,44.4944943740368,26.5422688782215
"550001",2009,30.3064451918602,32.0437573366165,44.7840463981628,77.2138731002808,60.226821018219,26.0596821713448,33.5880347986221,49.0308094186783,11.1960115995407,22.9711272473335,22.3920231990814,14.7671532304287
"550001",2010,37.6417631363869,70.7472112281322,53.2775724391937,25.1910260989666,9.94128616166115,17.5661561303139,18.6278468854427,11.0994942581654,8.68656072378159,7.23880060315132,14.3810838649273,49.8029481496811
"220002",1981,0.114277306326678,0.186552666243183,0.107953362683158,0.334523629734311,0.569679923859356,0.318681469868494,0.119085355970573,0.422909902184032,0.0983934963894476,0.465243851501633,0.0619252736450556,0.522116484043677
"220002",1982,0.351594499780451,0.171255624833368,0.132265470152544,0.237788054686223,0.202736244065504,0.708773986816406,0.0643150333536425,0.523568220444648,0.472515991210938,0.131387303085111,0.137373152636641,0.535749496700177
"220002",1983,0.168767170002196,0.212279578774565,0.159266116169949,0.223375790529841,0.118128997802734,15.2977052154541,0.236257995605469,0.243288049584683,1.06316098022461,0.3798118206182,0.533746470484331,0.222426357716918
"220002",1984,2.42164445495605,0.427402160908081,0.472515991210938,0.275684103735285,0.362813070180801,9.56844882202148,0.446640550507927,0.00324802044436325,0.352929855541745,1.65380596923828,0.449614081627538,0.427448847521239
"220002",1985,0.562585084721564,0.118128997802734,0.385967307727692,0.447088560550024,0.124021538184882,0.187058305935046,0.0202968345797726,0.237383755869092,0.357079669583081,0.587760017498963,0.153529567733638,0.583634460517526
"220002",1986,1.59474147033691,0.112494619598298,0.337939812556882,0.472645775014534,0.576853270284119,0.265457231897444,0.590360573477061,0.303314753684996,0.252618358545892,0.255514657603838,0.407037067050589,0.488301670711245
"220002",1987,0.521332088598734,0.12176141153019,0.0230793258644536,0.460432835408361,0.36272606592996,0.0527085207950485,0.290887994564071,0.103002117738022,0.306218978722721,0.442790292570492,0.561571913471716,0.500421055289327
"220002",1988,0.389538177318883,0.0152021839274072,1.00409648132324,0.239219360803373,0.257681041927855,0.561931545848205,0.374916498558972,0.253486248862341,0.315264259769633,0.564188506786675,0.443314748333447,0.153465458679632
"220002",1989,0.5367697111873,1.12222547912598,0.0448347251383174,0.553688265726543,0.417581675307292,0.13194945658741,0.479365227455656,0.48044964024743,0.507382600171529,0.327728702602835,0.251312171655373,0.120894837695122
"220002",1990,NA,NA,NA,NA,NA,NA,NA,NA,NA,NA,NA,NA
"220002",1991,0.353325119828337,0.220655019709893,0.0878705291448716,0.363121539934939,0.250132289416067,1.12222547912598,0.0141855748087556,0.507958393070038,0.217921904384437,0.287263556846263,0.430951380548328,0.387341382316207
"220002",1992,0.45082489987287,0.128984708473794,1.02004272432765e-05,1.77193496704102,15.770221206665,4.72515991210937,2.77603144836426,0.537970959673269,0.449924470751846,0.0918055236241762,0.205309819670133,0.0652161405870331
"220002",1993,0.379224385942678,0.316098355721599,0.0521631358247948,0.0274839433438507,0.501622084843053,0.390947705316213,0.469886159673852,0.295322494506836,0.131199727522873,0.578353946567592,0.500851988341451,0.169283179546255
"220002",1994,0.397975256481832,0.353417029701642,0.0590644989013672,0.360600723150238,0.209584162976216,0.552823534387824,0.233958883829337,0.148479959914847,0.0712291074822046,0.418416862069905,0.227120397845337,0.397305020311919
"220002",1995,0.247270919814773,0.0821671036991698,0.177193496704102,0.372155751426608,0.478663182438673,0.539517606501944,0.47839334597416,0.304734420500496,0.378970152663586,0.135046606587693,0.254406793208285,0.014403330290668
"220002",1996,0.58902764398559,0.125854252305926,1.89006396484375,0.100614826517975,0.307031557568308,0.177193496704102,0.400094103079845,5.67019189453125,0.101017521573916,0.573214068666994,0.53663862358169,0.126840936329931
"220002",1997,0.137555767568314,0.409460832492287,0.578814606822718,0.229991529871869,0.118128997802734,0.561861367750396,0.387882491094195,0.118128997802734,0.52978721564464,0.55992906366248,0.217542938585664,0.251296571357877
"220002",1998,0.0482957061459331,0.333538496113637,0.00975248004793564,0.0400441314902127,0.5375474825567,1.35848347473145,0.494384754645234,0.425058824461368,0.512747790979543,0.537338884273392,0.454029151471282,0.399505441036065
"220002",1999,0.107106199419235,0.518704218072951,0.271901214494412,0.163835740075268,0.34889932202966,0.574584110474091,0.193867852019493,0.0458519801895973,0.370587923316012,0.217889746510964,0.410878495775223,0.0328080198593558
"220002",2000,1.18128997802734,0.34108013552786,0.355142997989451,0.0860728511961953,0.240948140005153,1.94912846374512,0.275407493573191,0.211624795342917,0.258677286222326,0.261795718994478,0.24224390451074,0.461189544038297
"220002",2001,1.94912846374512,7.02867536926269,0.767838485717773,0.0625021294375987,0.0390578477876634,0.321888389634854,0.0446876450274495,0.216869321617853,0.0524595513786793,0.485738056248619,0.469923560644489,0.503429927051146
"220002",2002,0.102280644959861,0.232632782493467,0.018528217273432,0.313686410420682,0.18232646231421,0.53431638755499,6.31990138244629,0.384489738697283,0.249257015087155,0.456381859923235,0.170078049358786,0.51989824206995
"220002",2003,0.146421163873134,0.216297751141192,0.548207945438113,0.156823392873777,3.83919242858887,0.125913729952853,0.12595374545854,0.0882077813378734,0.191331380479275,0.496380629807926,0.390162218785583,0.109296916301771
"220002",2004,0.0281800324961988,0.59047067054134,0.561833488544553,0.0333984669160195,0.453242715500824,0.160114966394814,0.295322494506836,0.0974222530019246,0.0771347810760137,0.156759045634693,0.429828703021208,0.354412229254752
"220002",2005,0.500707855702164,0.545114539839278,0.528163295223184,0.590644989013672,0.250274062620374,0.330590154303721,0.422607622766561,0.255284326307352,1.18128997802734,0.062693003560624,0.236033113081438,0.499224564041469
"220002",2006,0.194663511198276,6.49709487915039,0.0713665080925476,0.0858421107769577,0.0590644989013672,0.298681114652003,0.122568823877392,0.246864336236159,0.474532502140213,0.0144637040195631,0.58934796055944,0.178945688206371
"220002",2007,0.330159544836752,0.246324158195243,0.556614623686341,0.182193877388085,0.192551604697349,0.52833742584285,0.436966274927365,0.498669970990117,0.384707211712596,0.339518847192893,0.332963188111541,0.292644686114075
"220002",2008,0.54844866102642,0.469934174595133,0.320919069055507,0.253344891931841,0.121929120229083,0.177387405514053,0.408482300668878,0.434187530794537,0.317039793519576,0.303636694648073,0.358220102625102,0.471615713114656
"220002",2009,0.321302190991365,0.217996401855872,0.423900294579179,0.19167028126507,0.177193496704102,0.407764121500776,0.354386993408203,0.153383925809575,0.00781686515992975,0.288977480835278,0.178319170825038,0.0791453013205253
"220002",2010,0.550405311837441,0.24275825088486,0.339789888747383,0.312369770615736,0.590644989013672,0.431725663578991,0.0457052550185022,0.300329804946382,0.476056642816848,0.415562465983118,0.294095328541433,0.279499225110567
"330021",1981,0.82916545332689,0.540632209777832,6.48758651733398,1.40564374542236,182.841813346863,15.8945869674683,20.2196446456909,11.5695292892456,12.218287940979,5.73070142364502,0.141517563468276,0.250584666913739
"330021",1982,0.126304478423111,0.519529719337616,46.2781171569824,0.108126441955566,109.532085700989,205.548366157532,103.15262562561,59.5776695175171,41.3043008270264,10.0557591018677,0.810164495966807,0.795755463895902
"330021",1983,8.00135670471191,0.307575505020975,0.186343518041998,31.681047492981,54.1713474197388,92.772487197876,89.0961881713867,48.873151763916,42.6018181304932,0.822099733049201,0.216252883911133,0.276183241857604
"330021",1984,1.04847650100932,0.861502195942566,1.6218966293335,0.216252883911133,82.7167280960083,33.5191970062256,266.747932304382,46.386243598938,27.0316104888916,17.6246100387573,3.78442546844482,0.38420748967597
"330021",1985,0.974821177644842,0.405602129161669,27.2478633728027,0.216252883911133,36.3304844970703,23.5715643463135,51.360059928894,7.46072449493408,5.19006921386719,16.1108398513794,0.108126441955566,0.682838877244938
"330021",1986,0.0143927314136293,1.04801312444615,0.222567386753081,26.8153576049805,92.5562343139648,84.0142453994751,1.18939086151123,52.116945022583,1.2975173034668,0.108126441955566,21.7334148330688,0.264791474564656
"330021",1987,0.855970211453758,0.0227735279676393,0.0907233330302128,11.3532764053345,59.0370373077393,50.9275541610718,356.384752685547,184.031204208374,25.193460975647,66.0652560348511,0.117213968989733,0.723075528521261
"330021",1988,1.07809131733215,0.144355672822351,7.67697737884521,0.190743323460773,2.05440239715576,12.218287940979,26.8153576049805,41.3043008270264,6.05508074951172,0.749148678689858,13.8401845703125,7.13634516906738
"330021",1989,0.198944712839411,0.166534972109721,0.320338006313325,17.7327364807129,21.8415412750244,10.5963913116455,76.9860266723633,81.5273372344971,12.975173034668,1.73002307128906,0.216252883911133,1.03851261001739
"330021",1990,0.945051606407862,0.419387354521405,6.48758651733398,0.732456481887273,2.81128749084473,1.51377018737793,47.143128692627,57.1988877944946,9.40700045013428,19.6790124359131,0.923352388905582,0.0362602344656748
"330021",1991,0.233093020412904,0.572638767474043,0.0194897265856153,0.973137977600098,41.8449330368042,108.018315513611,63.578347869873,5.62257498168945,30.7079095153809,8.65011535644531,0.0328050492282884,14.9214489898682
"330021",1992,0.069537680513046,0.648758651733398,13.8401845703125,28.7616335601807,97.5300506439209,169.97476675415,13.8401845703125,50.3869219512939,12.975173034668,0.687187404157814,7.56885093688965,0.983396741991434
"330021",1993,1.0551281326307,0.514542537158896,0.825285730739323,84.0142453994751,64.335232963562,25.7340931854248,40.5474157333374,30.924162399292,3.24379325866699,2.59503460693359,1.9462759552002,0.586273870902322
"330021",1994,0.748485095494901,0.807614894072901,0.915156680299334,14.2726903381348,55.4688647232056,29.8428979797363,57.847646446228,11.46140284729,7.78510382080078,5.29819565582275,0.220684447478366,7.13634516906738
"330021",1995,0.391430399556468,0.888219540413308,0.385855438822423,17.6246100387573,5.73070142364502,43.4668296661377,64.9839916152954,23.3553114624023,17.3002307128906,0.648758651733398,1.00489208836723,0.73304594793284
"330021",1996,1.08126441955566,0.00594925251469115,0.56949209009401,43.89933543396,12.1101614990234,33.9517027740479,24.2203229980469,19.2465066680908,1.08126441955566,4.97381632995605,0.565617247205589,5.19006921386719
"330021",1997,0.619306415113489,0.950849360413944,10.8126441955566,0.108126441955566,116.560304428101,245.987655448914,42.0611859207153,91.7993492202759,64.1189800796509,54.4957267456055,5.40632209777832,6.92009228515625
"330021",1998,0.425214418946551,7.56885093688965,0.67378420790904,22.0577941589355,18.0571158065796,18.2733686904907,0.540632209777832,0.432505767822266,10.4882648696899,0.534398633157495,0.39040555750379,1.03769853708205
"330021",1999,0.207126549686766,0.885621752528813,18.3814951324463,9.73137977600098,1.18939086151123,37.8442546844482,26.5991047210693,113.857143379211,97.0975448760986,17.6246100387573,0.459603246118048,0.216252883911133
"330021",2000,0.0161071031769092,6.05508074951172,0.422832022588514,18.5977480163574,20.9765297393799,218.199159866333,18.8140009002686,0.216252883911133,112.6677525177,8.65011535644531,3.02754037475586,0.388487588016141
"330021",2001,0.655526442096822,0.496662790308145,5.08194277191162,12.0020350570679,36.3304844970703,0.648758651733398,192.89757244873,44.6562205276489,15.2458283157349,1.2975173034668,0.877224835823346,0.236919882991705
"330021",2002,0.92027907241346,0.55863635056469,1.6218966293335,4.21693123626709,132.67114427948,237.553792976379,83.1492338638306,52.3331979064941,13.4076788024902,3.46004614257813,1.0519859794767,2.91941393280029
"330021",2003,3.35191970062256,0.815908358790018,0.216252883911133,0.65621420476371,57.3070142364502,28.9778864440918,53.6307152099609,4.10880479431152,7.24447161102295,0.216252883911133,11.0288970794678,0.848790107130986
"330021",2004,0.418011556792518,0.108126441955566,19.3546331100464,27.8966220245361,14.5970696640015,39.0336455459595,79.3648083953858,58.604531539917,12.6507937088013,0.108126441955566,49.4137839736939,0.000987671952072909
"330021",2005,0.832142681058265,0.108126441955566,20.8684032974243,5.94695430755615,36.8711167068481,141.21313319397,20.2196446456909,89.3124410552978,10.7045177536011,8.97449468231201,15.3539547576904,0.052073228208243
"330021",2006,0.0945730916518447,0.579133987656473,0.0895291171060744,0.648758651733398,14.4889432220459,70.2821872711182,117.100936637878,37.6280018005371,1.08126441955566,56.8745084686279,0.216252883911133,0.178322077356191
"330021",2007,0.9560994854442,10.3801384277344,1.73002307128906,0.613015228185508,15.6783340835571,58.2801522140503,24.7609552078247,33.6273234481812,0.648758651733398,0.216252883911133,0.836102872988836,0.934471473081816
"330021",2008,0.817183838836618,1.01417805614752,9.94763265991211,7.46072449493408,60.9833132629395,39.3580248718262,28.3291277923584,83.6898660736084,12.3264143829346,0.778233120832295,0.273005489280556,0.402531496843941
"330021",2009,0.974295085253797,0.547801126012603,0.858056506016156,0.136956399442004,3.24379325866699,98.9356943893433,9.29887400817871,87.7986708679199,22.0577941589355,3.02754037475586,0.701855861104922,0.103273866868132
"330021",2010,0.301080636031875,0.00433023238379306,0.183378498999168,1.08126441955566,46.0618642730713,53.6307152099609,25.5178403015137,6.05508074951172,15.3539547576904,10.3801384277344,16.0027134094238,0.904104229959428
"330019",1981,0.868594140404661,0.447588588850431,9.01384761810303,0.0167876469223857,187.748957624435,15.6556300735474,34.6321513748169,24.1950646591186,14.3509942340851,72.9410037517548,0.894152131779418,0.539010176902106
"330019",1982,0.903296134292485,0.515348047225185,24.9066842079163,0.232351996252159,92.8663511180878,308.012661371231,140.070447854996,108.877790966034,76.3804982376099,53.8458791923523,4.74413032531738,0.699793152158182
"330019",1983,22.5346190452576,1.18603258132935,0.135272173701821,35.9367872142792,17.7904887199402,145.051784696579,107.92896490097,68.908492975235,67.6038571357727,3.79530426025391,0.0657584490483406,0.497504206084323
"330019",1984,1.89765213012695,0.720432460794313,1.89765213012695,24.1950646591186,48.3901293182373,36.5298035049438,219.890440578461,14.588200750351,51.1180042552948,25.6183037567139,12.0975323295593,0.17034165961468
"330019",1985,5.93016290664673,0.183372069475914,32.7344992446899,1.89765213012695,70.9247483634949,17.5532822036743,58.3528030014038,27.8717656612396,23.7206516265869,27.160146112442,1.1765304723983,0.712223257067563
"330019",1986,0.484829868006701,0.848306778778319,0.181052631034665,25.2624939823151,140.544860887527,128.803138332367,0.593016290664673,61.555090970993,11.1487062644958,10.4370867156982,1.77904887199402,0.535779586776145
"330019",1987,0.556746563777466,0.809341336708698,1.89765213012695,8.77664110183716,36.7670100212097,1.30463583946228,301.133672399521,234.241434812546,23.2462385940552,57.4039769363403,0.206609813305364,1.08336437011902
"330019",1988,0.443591511807535,0.756989832734222,3.20228796958923,0.540597227053738,4.50692380905151,7.35340200424194,40.7995207977295,94.6453999900818,10.792896490097,0.235805967305563,18.9765213012695,0.238401773048769
"330019",1989,0.753133772311083,0.195108547150607,0.455835720227318,48.5087325763702,34.513548116684,27.160146112442,97.7290847015381,198.067441082001,24.0764614009857,1.1423776892315,1.42323909759521,0.722626788828358
"330019",1990,0.612115216227701,0.25666010521916,20.2811571407318,10.4370867156982,12.4533421039581,3.91390751838684,84.4455197906494,100.338356380463,25.8555102729797,18.2649017524719,0.0110951282271446,0.705920886821031
"330019",1991,0.14130473591215,0.167272528826642,1.08308824830972,4.98133684158325,86.936188211441,158.216746349335,168.416626548767,7.94641829490662,64.2829659080505,21.9416027545929,0.324821081620205,55.7435313224792
"330019",1992,0.192197309567457,0.404781384303321,11.8603258132935,59.4202323246002,167.230593967438,161.65624083519,18.6207115268707,65.5876017475128,25.8555102729797,1.00090920446548,1.89765213012695,1.01638309753266
"330019",1993,0.948826065063477,0.690854235708096,0.719737426878375,116.349796228409,136.868159885406,38.9018686676025,84.6827263069153,31.6670699214935,12.3347388458252,29.6508145332336,3.32089122772217,0.798864634602833
"330019",1994,0.733797109884569,0.701029307411444,0.401633198526033,18.3835050106049,42.1041566371918,40.2065045070648,133.191458883286,15.2998202991486,32.7344992446899,8.30222806930542,4.86273358345032,6.5231791973114
"330019",1995,0.217067918444435,1.54184235572815,0.344962091234477,24.7880809497833,10.792896490097,80.1758024978638,63.8085528755188,43.6459989929199,36.7670100212097,0.564140868826352,0.387793136460647,0.346571456089395
"330019",1996,0.474413032531738,1.12968089948281,1.12064054623702,56.4551508712769,8.06502155303955,53.8458791923523,7.35340200424194,45.8994608974457,0.631861876532854,0.553041065745086,0.330325625836761,1.06742932319641
"330019",1997,0.570910814508307,0.444462832652637,34.394944858551,1.18603258132935,134.140284948349,331.02169344902,87.1733947277069,128.210122041702,83.378090467453,50.1691781902313,9.72546716690063,40.5623142814636
"330019",1998,0.931794510050424,1.89765213012695,0.167087414378919,51.5924172878265,28.4647819519043,37.1228197956085,0.477172188541515,2.37206516265869,1.66044561386108,0.682756742189415,0.755905770265809,0.303511392164989
"330019",1999,0.593016290664673,1.18603258132935,13.8765812015533,17.3160756874084,3.32089122772217,44.3576185417175,48.5087325763702,160.707414770126,152.405186700821,25.4997004985809,0.447677003489136,1.77904887199402
"330019",2000,0.0128587433856819,25.7369070148468,0.379374027393099,24.4322711753845,27.9903689193726,416.178832788467,40.7995207977295,0.064464499740827,138.528605499268,16.4858528804779,0.748073466815021,0.778627268703587
"330019",2001,0.0158330908091223,0.140078752726136,11.9789290714264,34.7507546329498,60.7248681640625,5.69295639038086,235.664673910141,73.2968135261536,49.2203521251678,7.70921177864075,0.593016290664673,0.260305959579892
"330019",2002,0.874509284495365,0.39673950163866,8.06502155303955,23.483445110321,183.953653364182,260.096945085526,113.028905000687,135.682127304077,33.3275155353546,4.15111403465271,0.711619548797607,0.593016290664673
"330019",2003,0.591080481870296,0.595662589471632,0.498711445946834,0.110576762915339,0.612917900195754,21.704396238327,79.3455796909332,1.16638869795027,21.3485864639282,1.12872523851448,1.09016104633462,0.406699840439054
"330019",2004,1.0670170180181,0.323340941728958,0.805795280776993,0.29694293769393,0.0509308014747639,42.4599664115906,33.0903090190887,68.0782701683044,47.5599065113068,4.15111403465271,81.599041595459,0.240348492597545
"330019",2005,3.55809774398804,0.652670760952791,23.7206516265869,9.2510541343689,86.936188211441,199.846489953995,34.8693578910828,264.366662378311,39.0204719257355,70.4503353309631,14.469597492218,0.118603258132935
"330019",2006,0.764042378304674,0.100043215864656,0.52010609353718,1.77904887199402,5.57435313224792,78.1595471096039,196.051185693741,69.2643027496338,3.67670100212097,56.217944355011,1.66044561386108,0.5884333938417
"330019",2007,0.655149123171058,35.1065644073486,10.4370867156982,1.0431196845533,6.76038571357727,101.168579187393,64.1643626499176,50.2877814483643,1.30463583946228,0.377545719256537,3.0836847114563,0.140942890494539
"330019",2008,0.234233473018756,0.439557049738896,9.9626736831665,13.8765812015533,162.249257125855,77.8037373352051,49.8133684158325,174.465392713547,7.82781503677368,0.97301325417477,0.237206516265869,0.955229758389313
"330019",2009,0.41451690456681,0.355809774398804,0.852824226815143,0.749989117320304,1.18603258132935,120.02649723053,36.8856132793426,135.80073056221,77.4479275608063,44.8320315742493,0.6630450177824,0.820189333628667
"330019",2010,0.619281302017343,0.734663247493101,1.17382491265629,0.237206516265869,75.1944656562805,128.210122041702,18.3835050106049,3.55809774398804,63.6899496173859,18.5021082687378,62.6225202941894,0.36721609597567
"330031",1981,77.5281495237351,49.3111905097961,105.105889401436,105.197206420898,189.939400482178,44.6540225172043,164.461952052116,122.182172040939,31.504371714592,35.9789056682587,102.914280934334,12.8756997442245
"330031",1982,30.0432994031906,33.3307121038437,34.6091503763199,39.3576353883743,210.029144763947,160.900588293076,297.693483448029,69.9488369083405,161.448490409851,48.9459224319458,8.21853175163269,1.73502336978912
"330031",1983,32.600175948143,31.4130546951294,49.0372394514084,62.1868902540207,125.012999644279,140.171624875069,137.249480252266,186.469353742599,72.5970304727554,22.5553038072586,10.3188231992722,12.9670167636871
"330031",1984,29.4040802669525,54.1509925413132,74.240736823082,43.832169342041,164.918537149429,175.146043329239,225.005135955811,87.8469727230072,107.114863829613,83.0984877109528,38.992367310524,14.3367720556259
"330031",1985,58.5342094755173,52.9638712882996,52.5072861909866,89.5819960927963,248.29097591877,98.2571129417419,175.054726309776,50.9548968601227,74.9712729787827,99.352917175293,62.4608413124085,16.1631124448776
"330031",1986,26.2993016052246,25.5687654495239,94.9697002410889,169.758339180946,126.10880387783,306.094649238586,109.763057394028,162.179026565552,51.4114819574356,122.821391177177,38.992367310524,3.37872972011566
"330031",1987,4.20058289527893,36.8007588434219,58.808160533905,83.5550728082657,136.975529193878,146.746450276375,200.25822368145,125.74353579998,93.6912619686127,70.1314709472656,10.8667253160477,20.3636953401566
"330031",1988,2.46555952548981,25.4774484300613,28.7648611307144,70.6793730640411,57.3470882225037,129.578850617409,155.786835203171,151.494935288429,87.1164365673065,21.9160846710205,15.3412592697144,11.7798955106735
"330031",1989,5.6616552066803,20.3636953401566,56.616552066803,92.5954577350617,124.921682624817,93.2346768712997,191.857057890892,190.578619618416,39.4489524078369,10.9580423355103,0.456585097312927,43.832169342041
"330031",1990,12.4191146469116,39.5402694272995,29.1301292085648,85.016145119667,82.7332196331024,58.808160533905,126.382754936218,128.117778306007,138.253967466354,67.848545460701,54.4249435997009,8.30984877109528
"330031",1991,6.02692328453064,2.64819356441498,69.5835688304901,89.8559471511841,224.000648741722,60.0865988063812,162.087709546089,77.0715644264221,113.689689230919,17.3502336978912,31.6870057535172,83.0071706914902
"330031",1992,110.037008452415,23.1032059240341,86.4772174310684,86.2032663726807,162.270343585014,241.442199459076,65.4743029546738,96.4307725524902,70.040153927803,18.71998898983,70.2227879667282,21.8247676515579
"330031",1993,29.1301292085648,18.4460379314423,20.8202804374695,154.782347989082,144.920109887123,147.568303451538,93.5999449491501,99.7181852531433,42.0058289527893,37.43997797966,18.9939400482178,18.8113060092926
"330031",1994,9.04038492679596,23.559791021347,32.0522738313675,41.5492438554764,63.4653285264969,65.9308880519867,161.905075507164,62.0042562150955,47.3935331010819,62.0955732345581,7.12272751808166,26.2993016052246
"330031",1995,8.21853175163269,23.1032059240341,52.5072861909866,110.858861627579,85.9293153142929,79.2631728935242,166.653560519218,139.16713766098,41.3666098165512,31.0477866172791,37.2573439407349,22.0074016904831
"330031",1996,66.9353752660751,38.2618311548233,27.5777398777008,65.8395710325241,66.6614242076874,158.708979825974,138.345284485817,133.231531395912,28.4909100723267,32.0522738313675,16.2544294643402,13.6062358999252
"330031",1997,89.0340939760208,27.760373916626,24.6555952548981,52.872554268837,273.494473290443,336.411899700165,109.306472296715,79.3544899129868,82.3679515552521,169.575705142021,28.5822270917892,10.5927742576599
"330031",1998,6.75745944023132,14.4280890750885,14.8846741724014,197.42739607811,134.783920726776,97.8918448638916,175.328677368164,72.3230794143677,67.1180093050003,11.4146274328232,33.0567610454559,11.1406763744354
"330031",1999,44.7453395366669,26.2993016052246,58.6255264949799,66.2048391103745,186.469353742599,212.312070250511,63.7392795848846,127.295925130844,152.682056541443,6.11824030399323,39.3576353883743,15.2499422502518
"330031",2000,15.8891613864899,97.2526257276535,28.6735441112518,124.191146469116,85.5640472364426,280.617200808525,53.6944074440002,111.680714802742,166.01434138298,85.9293153142929,33.7872972011566,12.2364806079865
"330031",2001,14.6107231140137,10.5014572381973,64.3784987211227,18.2634038925171,146.289865179062,85.9293153142929,184.460379314423,146.56381623745,158.891613864899,37.43997797966,40.5447566413879,5.11375308990478
"330031",2002,16.3457464838028,30.2259334421158,237.241616563797,84.1942919445038,258.88375017643,138.619235544205,132.957580337524,176.789749679565,80.9981962633133,55.2467967748642,12.9670167636871,56.8905031251907
"330031",2003,32.600175948143,18.4460379314423,27.3951058387756,34.5178333568573,154.964982028008,229.023084812164,69.4922518110275,39.8142204856873,95.3349683189392,28.4909100723267,38.7184162521362,9.86223810195923
"330031",2004,27.760373916626,5.57033818721771,57.1644541835785,165.101171188354,112.959153075218,126.200120897293,102.183744778633,83.0071706914902,40.2708055830002,20.4550123596191,32.2349078702927,5.6616552066803
"330031",2005,21.2768655347824,21.7334506320953,54.7902116775513,33.1480780649185,222.082991333008,273.311839251518,153.503909716606,177.885553913116,52.2333351325989,91.6822875404358,35.4310035514832,35.7962716293335
"330031",2006,18.4460379314423,20.1810613012314,38.3531481742859,120.173197612762,160.535320215225,228.383865675926,162.179026565552,97.7092108249664,48.9459224319458,41.183975777626,11.6885784912109,41.640560874939
"330031",2007,34.3351993179321,71.8664943170548,54.0596755218506,102.366378817558,124.647731566429,143.002452478409,155.05629904747,80.9068792438507,58.808160533905,44.7453395366669,17.624184756279,38.992367310524
"330031",2008,16.8023315811157,20.5463293790817,42.5537310695648,66.6614242076874,197.975298194885,109.580423355103,239.524542050362,118.712125301361,48.5806543540955,26.1166675662994,36.7094418239594,20.6376463985443
"330031",2009,16.2544294643402,40.5447566413879,52.5986032104492,17.5328677368164,78.7152707767487,311.391036367416,83.0984877109528,207.654902257919,60.0865988063812,43.4669012641907,51.1375308990479,10.5927742576599
"330031",2010,21.9160846710205,41.4579268360138,23.559791021347,21.9160846710205,54.5162606191635,255.139752378464,133.87075053215,57.712356300354,90.2212152290344,38.3531481742859,25.2034973716736,54.4249435997009
"330030",1981,0.132456930633152,0.464037876424373,1.4966520318985,14.8596166024208,243.419762616634,55.0554140305519,48.7480947532654,17.4253057999611,17.1045946502686,1.60355574846268,0.39816930701456,0.914048779522554
"330030",1982,0.759619864512143,0.128432309584545,36.3472636318207,0.534518582820892,236.257213606834,306.386051672936,153.941351852417,103.589701350689,70.5564529323578,14.5389054527283,0.922235838111846,0.850495594234529
"330030",1983,1.17594088220596,0.505042610770551,0.560584518635018,10.797275372982,52.70353226614,109.25559832859,100.81020472002,97.3892857899666,16.4631723508835,0.748326015949249,0.106903716564178,0.855229732513428
"330030",1984,0.212400097035167,0.464572599943304,0.345464717076262,7.80397130918503,212.524588529587,39.8750862784386,352.568457228661,122.939274048805,77.3982907924652,29.2916183385849,1.06903716564178,0.380566810483332
"330030",1985,0.797067645430722,0.704954781384893,5.66589697790146,3.20711149692535,61.683444457531,36.4541673483849,124.970444663525,0.499713089624628,41.5855457434654,17.5322095165253,3.9554375128746,0.106903716564178
"330030",1986,1.00142473990947,0.717677917685367,1.17594088220596,103.589701350689,268.007617426395,191.143845216751,5.13137839508057,90.0129293470383,8.87300847482681,0.962133449077606,58.5832366771698,1.04514880367999
"330030",1987,0.323845540549148,0.0984794129017919,0.641422299385071,14.6458091692924,69.2736083335876,37.8439156637192,491.757096195221,162.279841744423,38.4853379631043,28.1156774563789,0.0269592061768244,0.403456921086686
"330030",1988,0.962133449077606,1.06903716564178,11.1179865226746,2.88640034723282,0.534518582820892,49.0688059029579,80.0708837065697,105.834679398537,15.1803277521133,0.161186958960262,15.3941351852417,0.320711149692535
"330030",1989,0.74577612032437,0.228183949870936,0.892163105806142,0.403501794107832,21.8083581790924,25.5499882588387,134.805586587429,81.1399208722115,9.72823820734024,7.91087502574921,0.213807433128357,2.77949663066864
"330030",1990,0.661423534558427,0.933351591741519,44.1512349410057,2.35188176441193,8.97991219139099,3.74163007974625,67.5631488685608,32.3918261189461,57.514199511528,34.743707883358,1.81736318159103,0.748326015949249
"330030",1991,0.53026436618505,0.0977794590346983,0.962133449077606,36.9886859312058,111.821287526131,203.437772621632,85.8436844010353,20.6324172968864,50.4585542182922,27.3673514404297,0.213807433128357,28.3294848895073
"330030",1992,0.962133449077606,0.641422299385071,19.1357652649879,38.2715305299759,272.069958655834,341.343566989422,12.5077348380089,152.123988670826,32.0711149692535,1.4966520318985,3.10020778036118,0.427614866256714
"330030",1993,1.38974831533432,0.213807433128357,2.56568919754028,102.306856751919,96.427152340889,82.7434766206741,90.7612553629875,30.574462937355,5.13137839508057,7.05564529323578,5.23828211164474,4.16924494600296
"330030",1994,0.320711149692535,0.172643094126262,0.641422299385071,65.1043633875847,59.9729849925041,71.1978752317429,93.2200408439636,5.34518582820892,28.8640034723282,27.6880625901222,0.748326015949249,7.16254900979996
"330030",1995,0.0907274886073764,0.144206742874201,0.375376013086795,76.7568684930801,0.534518582820892,123.473792631626,138.012698084354,57.1934883618355,10.155853073597,12.0801199717522,2.13807433128357,0.901720314836619
"330030",1996,0.612011064039043,0.320711149692535,0.320711149692535,19.8840912809372,15.8217500514984,66.0664968366623,85.8436844010353,105.620871965408,0.320711149692535,1.71045946502686,1.38974831533432,4.16924494600296
"330030",1997,0.165880544505135,0.944509712669615,0.320711149692535,7.48326015949249,167.731931289196,370.955896477699,62.1110593237877,158.431307948112,97.0685746402741,107.438235146999,20.8462247300148,0.098774416140611
"330030",1998,0.106903716564178,0.213807433128357,0.139989542585448,16.6769797840118,28.0087737398148,5.55899326133728,0.265875629929147,0.607820012424236,17.959824382782,0.449717284764618,0.891309191244974,0.962133449077606
"330030",1999,0.320711149692535,1.28284459877014,14.5389054527283,2.03117061471939,40.1957974281311,65.318170820713,40.5165085778236,67.1355340023041,141.540520730972,1.81736318159103,0.635832525917207,0.206092769057768
"330030",2000,0.714150217767838,25.0154696760178,0.191114316038652,3.74163007974625,16.0355574846268,389.770950592995,15.7148463349342,0.320711149692535,183.553681340694,0.320711149692535,1.01033689845203,0.106903716564178
"330030",2001,0.597706861254518,1.38974831533432,0.427614866256714,39.0198565459251,145.389054527283,7.16254900979996,337.601936909676,120.694296000957,12.7215422711372,0.427614866256714,0.106903716564178,0.181827504532732
"330030",2002,0.166314901222006,0.320711149692535,21.7014544625282,11.0110828061104,275.490877585888,155.224196451187,154.689677868366,202.689446605682,36.1334561986923,5.77280069446564,0.435896149827219,0.373045723063449
"330030",2003,1.06903716564178,0.384748587414511,0.962133449077606,0.106903716564178,116.525051054955,95.6788263249397,61.5765407409668,16.1424612011909,25.763795691967,6.9487415766716,30.574462937355,0.106903716564178
"330030",2004,1.06661095051917,0.862236188293296,9.62133449077606,58.0487180943489,22.5566841950417,94.0752705764771,162.814360327244,108.827983462334,21.8083581790924,14.5389054527283,42.4407754759789,0.822896410992479
"330030",2005,0.643756132914026,0.106903716564178,32.3918261189461,3.20711149692535,117.594088220596,364.220962334156,49.9240356354713,141.433617014408,28.4363886060715,5.55899326133728,8.12468245887756,0.534518582820892
"330030",2006,1.06903716564178,1.38974831533432,0.927388986196868,9.72823820734024,40.3027011446953,146.671899126053,198.947816525936,86.1643955507278,23.3050102109909,61.683444457531,0.607914838360742,0.106903716564178
"330030",2007,0.600179581465817,34.9575153164864,2.77949663066864,6.62803042697907,22.3428767619133,76.1154461936951,58.7970441102982,68.0976674513817,3.10020778036118,0.999351624353204,0.641422299385071,0.641422299385071
"330030",2008,0.786670753706946,0.106903716564178,10.3696605067253,12.5077348380089,204.613713503838,70.1288380661011,92.257907394886,163.028167760372,6.30731927728653,0.881322898790722,0.106903716564178,1.06037606896686
"330030",2009,0.0718861525072135,5.4520895447731,1.4966520318985,0.427614866256714,13.149157137394,131.919186240196,40.3027011446953,154.475870435238,45.54098325634,5.02447467851639,3.52782264661789,0.414414889851835
"330030",2010,0.788240968696654,0.652274867600862,0.106903716564178,0.319192516250839,31.1089815201759,161.531515728474,81.9951506047249,6.62803042697907,25.5499882588387,22.1290693287849,0.748326015949249,0.213818917039535
"420004",1981,222.466055652022,170.769759863853,213.765700587869,252.512630699158,683.079039455414,619.748547941923,460.714150722742,381.803953629255,370.877926339388,210.629526087999,257.267475908637,180.886451798916
"420004",1982,387.975135709643,165.40791313827,285.189545649409,157.921561106324,532.340329622984,428.441903449893,374.115267758608,501.889086898446,335.267170727968,357.726226823807,193.936984395146,238.551595828772
"420004",1983,152.762048219442,206.077014717221,211.337694523454,283.469708020449,375.126936952114,366.021914210558,355.702888436794,315.337287615895,368.652254113674,207.392184668779,184.83196165359,102.17858854413
"420004",1984,334.457835373163,364.605577339649,120.388634027243,319.788632067323,412.255196353793,337.998677550435,252.411463779807,183.010957105279,301.275085826159,436.939924675345,170.061591428399,186.652966201901
"420004",1985,226.816233184099,287.111717117071,329.702990163684,350.442208630562,618.433377990365,395.663821580291,278.917196649671,295.10390374577,427.632568095088,190.699642975926,272.139013053179,172.287263654113
"420004",1986,233.999084457994,142.443022445679,306.33343179369,480.745200754166,511.297610398054,544.885027622461,387.46930111289,345.485029582381,335.368337647319,220.44271726501,282.255704988241,133.843834300876
"420004",1987,103.392591576338,165.812580815673,262.022321118116,287.718718633175,323.228307325244,439.469097659111,587.880968346477,267.788835521102,381.298119032502,267.991169359803,167.532418444633,244.216943312407
"420004",1988,137.688177236199,60.3966508523226,234.606085974097,371.990762452245,231.672245312929,408.916688015223,235.0107536515,377.352609177828,177.851444218397,272.139013053179,202.940840217352,405.477012757301
"420004",1989,287.314050955772,212.450530636311,333.446166179657,335.773005324721,178.559612653852,454.745302481055,317.158292164207,659.203646488667,289.135055504084,202.030337943196,215.991372813582,470.932009577155
"420004",1990,210.933026846051,146.995533816457,236.022422845006,384.737794290423,495.313237140656,409.928357208729,408.916688015223,399.912832193017,357.827393743157,250.995126908898,270.216841585517,279.827698923826
"420004",1991,219.936882668257,161.664737122297,163.283407831907,270.520342343569,419.943882224441,343.057023517966,355.702888436794,295.10390374577,407.298017305613,241.58660340929,309.975440890312,491.367727285981
"420004",1992,86.7000498834848,326.060981067061,167.02658384788,383.726125096917,373.407099323154,420.247382982492,183.921459379435,208.505020781636,306.43459871304,546.099030654669,181.898120992422,456.465140110016
"420004",1993,158.427395703077,110.676609769583,339.819682098746,319.485131309271,363.18924046874,439.873765336514,345.080361904979,259.493148134351,193.431149798393,194.038151314497,251.602128425002,218.925213474751
"420004",1994,157.820394186974,167.633585363984,174.411768960476,359.243730614066,739.22667969501,714.339617534757,414.683202418208,485.196545205593,382.309788226008,269.609840069413,382.309788226008,422.776555966258
"420004",1995,208.403853862286,69.0970059164762,193.936984395146,342.753522759914,488.737387382865,558.137894057393,480.644033834815,435.624754723787,258.481478940845,246.543782457471,148.310703768015,70.7156766260862
"420004",1996,165.30674621892,290.450225455642,417.819376918077,338.605679066539,372.9012647264,301.780920422912,201.828004104495,483.679041415334,274.061184520841,219.329881152153,301.780920422912,175.726938912034
"420004",1997,417.920543837428,147.197867655158,81.3382031579018,438.052760788202,291.461894649148,530.519325074673,453.8348002069,347.913035646796,286.302381762266,400.621000628471,313.010448470831,283.368541101098
"420004",1998,206.481682394624,69.9063412712812,264.24799334383,162.575239396453,322.115471212387,285.695380246162,339.617348260045,383.827292016268,172.489597492814,215.991372813582,124.435310801268,219.026380394101
"420004",1999,129.493656768799,212.956365233064,263.033990311623,157.112225751519,369.56275638783,378.566612210035,325.75748030901,398.294161483407,394.854486225486,149.625873719573,130.201825204253,275.174020633698
"420004",2000,223.477724845529,239.360931183577,259.695481973052,343.66402503407,211.236527604103,537.904510187268,305.018261842132,329.804157083035,246.948450134873,247.454284731627,294.395735310316,268.901671633959
"420004",2001,456.465140110016,264.551494101882,380.286449838996,177.042108863592,467.795835077286,304.512427245378,431.17341027236,555.507554154277,121.096802462697,175.625771992683,266.574832488894,74.3576857227087
"420004",2002,126.863316865683,215.58670513618,415.796038531065,326.870316421866,603.258340087771,354.893553081989,275.072853714347,465.772496690273,364.099742742896,562.690405428171,425.710396627426,162.271738638401
"420004",2003,370.574425581336,147.096700735807,132.225163591266,135.867172687888,261.718820360065,462.535155271053,276.084522907853,423.687058240414,371.080260178089,258.886146618247,269.407506230712,399.002329918861
"420004",2004,178.559612653852,84.3732107384205,279.827698923826,477.406692415595,75.8751895129681,598.301161039591,247.353117812276,296.62140753603,376.947941500425,362.278738194585,166.520749251127,290.450225455642
"420004",2005,261.617653440714,59.486148578167,360.761234404326,247.150783973575,727.288983211636,465.064328254819,294.193401471615,365.516079613805,176.030439670086,140.824351736069,316.652457567453,124.232976962566
"420004",2006,321.913137373686,214.372702103972,305.119428761482,317.158292164207,350.948043227315,520.604966978312,524.044642236233,298.34124516499,300.971585068107,343.057023517966,187.158800798655,448.169452723265
"420004",2007,83.968543061018,143.151190881133,196.263823540211,300.566917390704,220.645051103711,262.831656472921,322.216638131738,295.10390374577,284.177876455903,398.192994564056,124.435310801268,220.645051103711
"420004",2008,NA,NA,NA,NA,NA,NA,NA,NA,NA,NA,NA,NA
"420004",2009,NA,NA,NA,NA,NA,NA,NA,NA,NA,NA,NA,NA
"420004",2010,NA,NA,NA,NA,NA,NA,NA,NA,NA,NA,NA,NA
"430002",1981,53.2447968572378,16.2748246997595,76.8533388599753,101.968809075654,683.24125174731,230.660478460789,240.807128427923,131.504602049291,299.376404970884,33.1524206846952,84.2875180438161,89.0092264443636
"430002",1982,120.453795154393,46.2124651968479,83.6847467586398,35.8648914679885,320.875247475505,271.749387733638,237.491886359453,321.478018760681,168.173188564181,130.499983240664,70.4237784847617,36.3672008723021
"430002",1983,69.9214690804481,98.9549526497722,49.326783503592,179.424919220805,174.301363296807,214.486115641892,324.692798948288,143.258642110229,118.042710013688,137.130467377603,62.6882136583328,49.1258597418666
"430002",1984,182.438775646687,249.346388301253,67.9122314631939,198.613138465583,305.805965346098,229.555397771299,109.001140736043,63.9942181095481,100.260957100987,330.519588038325,38.9792097747326,91.6212353467941
"430002",1985,131.404140168428,185.251708310843,127.084279291332,195.197434516251,509.743583497405,223.326761157811,174.40182517767,208.759788432717,225.235536894202,99.5577239349484,228.048469558358,82.1778185456991
"430002",1986,118.042710013688,51.9387924060226,171.187044990063,293.449153999984,230.158169056475,388.285169534385,359.553071607649,134.116610951722,179.726304863393,34.9607345402241,178.219376650453,44.6050751030445
"430002",1987,9.74480244368315,21.8002281472087,117.741324371099,144.765570323169,157.926076716185,280.288647606969,344.483789478242,181.333694957197,168.072726683319,48.1212409332395,56.5600389257073,95.4387868195772
"430002",1988,80.6708903327584,19.8914524108171,153.807139600813,136.527696092427,111.211302115023,346.493027095497,58.8706621855497,254.670867986977,64.1951418712735,199.115447869897,84.7898274481297,203.937618151307
"430002",1989,49.5277072653174,52.2401780486107,50.6327879548073,192.786349375546,65.9029938459396,330.720511800051,161.542704427242,379.745909661055,153.103906434774,56.3591151639819,29.5357929736376,234.076182410121
"430002",1990,29.9376404970884,45.8106176733971,162.145475712419,256.680105604231,256.881029365957,304.198575252295,168.87642173022,227.546160154045,197.608519656956,148.48265991509,67.1085364162922,137.331391139328
"430002",1991,72.8348636254668,68.8163883909583,69.2182359144092,137.632776781917,290.535759454966,149.386816842854,286.215898577869,192.886811256409,324.893722710013,127.586588695645,74.3417918384075,284.508046603203
"430002",1992,14.4665108442307,135.924924807251,119.549638226628,159.834852452576,230.660478460789,255.775948676467,114.727467945218,103.475737288594,244.222832377255,380.750528469682,53.8475681424141,128.49074562341
"430002",1993,87.5022982314229,14.4665108442307,208.458402790129,183.543856336176,274.260934755206,369.096950289607,340.666238005459,145.669727250934,44.1027656987309,82.7805898308754,113.32100161314,173.698592011631
"430002",1994,60.7794379219413,71.3279354125261,71.8302448168397,213.280573071539,533.25166361928,363.872932484746,293.248230238259,320.674323713779,324.994184590876,123.568113461137,211.773644858599,109.804835782945
"430002",1995,90.1143071338534,35.1616583019495,65.6016082033515,197.106210252643,302.591185158491,438.415648084879,381.252837873995,270.041535758972,121.558875843883,97.5484863176942,32.9514969229698,3.41570394933224
"430002",1996,50.4318641930819,68.213617105782,227.345236392319,223.829070562124,163.351018282771,230.258630937338,155.715915337205,449.265531218052,49.326783503592,108.599293212593,164.05425144881,82.4792041882873
"430002",1997,206.851012696326,92.023082870245,35.1616583019495,336.346377128363,68.6154646292329,220.71475225538,464.435275228322,260.69858083874,52.3406399294734,181.032309314609,167.670879159868,100.763266505301
"430002",1998,96.4434056282043,0.401847523450851,94.132782368362,105.484974905849,132.408758977056,91.6212353467941,230.760940341651,181.83600436151,90.1143071338534,68.6154646292329,45.7101557925344,27.1247078329325
"430002",1999,40.3856761068106,68.0126933440566,60.7794379219413,52.9434112146497,136.226310449839,308.417974248528,325.697417756915,313.441068291664,138.938781233132,41.0889092728496,38.8787478938699,152.300211387873
"430002",2000,56.7609626874328,119.650100107491,89.4110739678144,192.886811256409,82.6801279500127,405.665074923635,262.406432813406,199.316371631622,88.1050695165992,180.73092367202,70.6247022464871,128.390283742547
"430002",2001,299.075019328296,98.5531051263213,270.845230805874,92.6258541554213,363.973394365609,309.121207414567,359.352147845924,222.020756706595,48.9249359801412,16.8775959849358,95.6397105813027,38.7782860130072
"430002",2002,57.1628102108836,134.920305998623,246.533455637097,215.591196331382,327.204345969856,201.526533010602,124.371808508039,307.915664844215,227.244774511456,453.083082690835,353.023049351573,105.484974905849
"430002",2003,156.218224741518,27.3256315946579,19.9919142916799,42.5958374857902,115.53116299212,429.57500256896,151.596978221834,281.494190177321,174.502287058532,161.341780665517,140.948018850386,137.833700543642
"430002",2004,61.1812854453921,11.0508068948984,95.5392487004399,405.162765519321,37.77366720438,528.228569576144,150.592359413207,104.882203620672,166.666260351241,107.996521927416,125.476889197528,106.389131833613
"430002",2005,129.294440670311,4.92263216227293,188.366026617587,78.9630383580923,734.074963463843,441.128118868172,225.53692253679,213.782882475853,36.7690483957529,115.832548634708,312.737835125625,19.4896048873663
"430002",2006,312.938758887351,69.2182359144092,167.36949351728,160.437623737752,147.3775792256,345.086560763419,468.152364820242,197.00574837178,109.905297663808,165.360255900025,124.07042286545,240.606204666197
"430002",2007,43.1986087709665,57.363733972609,97.4480244368315,201.526533010602,71.8302448168397,196.804824610055,123.568113461137,123.769037222862,178.922609816492,260.999966481328,20.996533100307,55.6558819979429
"430002",2008,52.6420255720615,52.9434112146497,46.2124651968479,251.45608779937,349.808269163966,311.632754436135,373.316349285841,113.32100161314,41.993066200614,85.8949081376195,104.279432335496,36.0658152297139
"430002",2009,38.0750528469682,55.6558819979429,97.7494100794196,213.481496833265,333.131596940756,229.856783413887,104.480356097221,550.028797723353,84.4884418055415,332.52882565558,272.754006542265,156.318686622381
"430002",2010,87.2009125888348,113.220539732277,74.8441012427211,142.153561420739,127.887974338233,339.360233554244,171.287506870925,224.230918085575,58.9711240664125,59.0715859472752,116.535781800747,126.381046125293
"430004",1981,36.801138586998,31.0383229291439,58.4369728112221,76.7364400756359,610.959561761618,175.715326550007,204.933812955618,112.425456342697,277.525069838762,33.2625675690174,76.8375421047211,63.3909722363949
"430004",1982,114.851905040741,43.0694643902779,72.8945629703998,34.6779959762096,261.045439097881,288.949599125385,200.283119617701,251.541848363876,147.002350289822,96.2491316890717,55.5050139677525,46.2036272919178
"430004",1983,62.8854620909691,104.64060010314,67.9405635452271,108.381375179291,113.537578662634,140.026310282946,305.631433924437,114.144190837145,95.1370093691349,81.1849293553829,73.9055832612515,53.9884835314751
"430004",1984,151.248635511398,200.08091555953,74.0066852903366,138.206473759413,245.880134735107,175.816428579092,108.381375179291,48.0234638154507,67.2328493416309,254.473807207346,59.9535032474995,98.1700702416897
"430004",1985,93.7215809619427,117.884965913296,132.241454043388,152.562961889505,462.541783064604,186.93765177846,64.4019925272465,170.154714950323,198.261079035997,87.8576632750034,154.787206529379,57.3248504912853
"430004",1986,85.6334186351299,38.3176690232754,158.93238972187,170.255816979408,191.891651203632,310.78763740778,276.817355635166,114.750803011656,172.075653502941,29.5217924928665,138.711983904839,38.6209751105309
"430004",1987,17.5917530608177,34.6779959762096,112.223252284527,138.408677817583,155.697124791145,269.942417657375,286.320946369171,88.7675815367699,91.0929282057285,39.328689314127,63.7953803527355,91.1940302348137
"430004",1988,67.4350533998013,8.59367247223854,181.478142207861,92.9127647292614,95.7436215436459,266.403846639395,73.2989710867405,184.410101051331,35.8912203252316,146.597942173481,78.6573786282539,158.022471460104
"430004",1989,58.5380748403072,43.9793826520443,42.3617501866817,154.888308558464,31.3416290163994,261.348745185137,111.616640110016,298.756495946646,131.129331723452,35.6890162670612,27.8030579984188,230.108218197823
"430004",1990,50.75321860075,24.1633849513531,153.675084209442,247.2955631423,246.891155025959,170.053612921238,165.605123641491,242.745971833467,211.808750933409,69.8615020978451,78.2529705119133,123.951087658405
"430004",1991,52.7752591824532,53.3818713569641,85.026806460619,55.1006058514118,208.371281944513,102.820763579607,263.16858170867,148.721084784269,260.539928952456,75.3210116684437,57.122646433115,242.745971833467
"430004",1992,9.60469276309013,124.759903891087,116.469537506104,102.719661550522,206.652547450066,228.69278979063,94.7326012527943,64.3008904981613,188.757488301992,314.225106396675,64.4019925272465,121.019128814936
"430004",1993,78.5562765991688,9.60469276309013,222.22225992918,148.619982755184,197.856670919657,451.926070010662,226.165239063501,110.201211702824,44.5859948265553,50.5510145425797,81.9937455880642,163.481981030703
"430004",1994,53.5840754151344,65.0086047017574,52.067544978857,209.988914409876,415.63044156909,268.021479104757,222.828872103691,243.251481978893,302.901679139137,77.7474603664875,149.226594929695,87.554357187748
"430004",1995,106.258232568502,35.9923223543167,81.892643558979,114.346394895315,233.343483128548,385.704240959883,325.245227566957,197.250058745146,85.2290105187893,75.0177055811882,26.1854255330563,8.08816232681274
"430004",1996,40.2386075758934,109.594599528313,183.095774673224,209.584506293535,154.585002471209,159.336797838211,118.390476058722,340.410531929731,48.5289739608765,65.0086047017574,141.542840719223,85.8356226933003
"430004",1997,182.590264527798,63.9975844109058,16.7829368281364,315.438330745697,71.3780325341225,173.996592055559,354.362611943483,275.705233315229,47.0124435245991,111.717742139101,128.197372879982,63.3909722363949
"430004",1998,64.705298614502,2.52755072712898,81.5893374717236,58.2347687530518,106.561538655758,51.2587287461758,253.56388894558,113.133170546293,30.5328127837181,68.6482777488232,28.8140782892704,31.2405269873142
"430004",1999,59.043584985733,84.2179902279377,39.1264852559567,40.7441177213192,110.201211702824,255.687031556368,294.409108695984,244.16140024066,112.223252284527,38.2165669941902,42.4628522157669,104.135089957714
"430004",2000,52.5730551242828,122.940067367554,68.2438696324825,165.908429728746,66.9295432543755,253.462786916494,222.525566016436,170.458021037579,73.602277173996,163.279776972532,50.4499125134945,138.813085933924
"430004",2001,221.110137609243,125.467618094683,311.394249582291,65.3119107890129,318.471391618252,255.383725469112,385.704240959883,170.761327124834,60.5601154220104,10.817917112112,69.3559919524193,29.218486405611
"430004",2002,90.9918261766434,156.708145081997,227.681769499779,228.389483703375,197.856670919657,186.027733516693,120.412516640425,266.808254755735,196.036834396124,407.643381271362,268.122581133842,92.7105606710911
"430004",2003,185.522223371267,35.7901182961464,22.849058573246,31.5438330745697,123.951087658405,455.161334941387,145.586921882629,296.127843190432,128.803985054493,172.581163648367,105.752722423077,137.802065643072
"430004",2004,33.7680777144432,7.58265218138695,72.8945629703998,392.073668792248,33.7680777144432,419.775624761581,149.226594929695,88.2620713913441,160.145614070892,90.2841119730473,125.872026211023,87.6554592168331
"430004",2005,86.2400308096409,16.3785287117958,156.202634936571,68.3449716615677,497.523085128069,437.670683909655,154.686104500294,219.694709202051,41.9573420703411,96.451335747242,294.105802608728,7.58265218138695
"430004",2006,256.192541701794,49.1355861353874,158.123573489189,130.522719548941,102.820763579607,285.815436223745,379.334813127518,179.961611771584,55.201707880497,161.86434856534,140.531820428371,188.251978156567
"430004",2007,36.3967304706573,45.0915049719811,96.9568458926678,195.430222221613,75.2199096393585,123.445577512979,179.051693509817,105.752722423077,147.912268551588,182.084754382372,17.1873449444771,41.9573420703411
"430004",2008,48.225667873621,58.1336667239666,43.6760765647888,224.952014714479,180.062713800669,264.482908086777,311.899759727716,196.239038454294,30.1284046673775,57.2237484622002,162.875368856192,34.1724858307838
"430004",2009,10.3124069666862,74.7143994939327,99.3832945907116,228.69278979063,226.165239063501,154.787206529379,82.7014597916603,404.307014311552,43.777178593874,182.792468585968,170.255816979408,125.973128240108
"430004",2010,74.0066852903366,NA,90.3852140021324,132.848066217899,106.157130539417,302.092862906456,134.061290566921,188.454182214737,58.9424829566479,34.273587859869,83.8135821115971,92.9127647292614
"530005",1981,NA,NA,NA,NA,NA,NA,NA,NA,NA,NA,NA,NA
"530005",1982,NA,NA,NA,NA,NA,NA,NA,NA,NA,NA,NA,NA
"530005",1983,NA,NA,NA,NA,NA,NA,NA,NA,NA,NA,NA,NA
"530005",1984,NA,NA,NA,NA,NA,NA,NA,NA,NA,NA,NA,NA
"530005",1985,NA,NA,NA,22.5897691011429,33.5950412273407,27.4552578306198,17.2609004926682,17.9559703111649,37.4179252290726,19.9253347969055,30.8147619533539,33.2475063180923
"530005",1986,16.2182957649231,22.1263892221451,63.9464233016968,22.8214590406418,48.4231973552704,23.400683889389,15.2915360069275,1.27429466724396,4.28626388072968,21.1996294641495,71.3605013656616,30.1196921348572
"530005",1987,37.1862352895737,26.5284980726242,13.9013963699341,45.758763051033,34.8693358945847,32.2049015903473,38.3446849870682,8.6883727312088,9.61513248920441,27.3394128608704,27.3394128608704,25.949273223877
"530005",1988,11.5844969749451,17.724280371666,45.758763051033,32.2049015903473,44.9478482627869,23.8640637683868,12.1637218236923,22.2422341918945,8.4566827917099,55.3738955402374,12.0478768539429,23.1689939498901
"530005",1989,58.1541748142242,26.8760329818726,11.816186914444,29.4246223163605,2.43274436473846,19.5777998876572,7.87745794296265,16.3341407346725,4.51795382022858,4.63379878997803,28.1503276491165,37.6496151685715
"530005",1990,30.9306069231033,14.5964661884308,47.1489026880264,30.0038471651077,35.1010258340836,27.5711028003693,18.9985750389099,55.4897405099869,37.4179252290726,15.7549158859253,19.6936448574066,26.7601880121231
"530005",1991,37.8813051080704,36.9545453500748,80.5122539758682,26.0651181936264,21.7788543128967,8.10914788246155,10.8894271564484,1.03537614553698,29.0770874071121,18.3035052204132,30.0038471651077,55.8372754192352
"530005",1992,22.8214590406418,22.1263892221451,46.2221429300308,29.6563122558594,21.8946992826462,14.8281561279297,10.8894271564484,1.85351951599121,45.758763051033,23.400683889389,18.766885099411,24.0957537078857
"530005",1993,74.9516954278946,32.7841264390945,28.6137075281143,25.949273223877,10.8894271564484,5.67640351772308,30.6989169836044,37.4179252290726,12.7429466724396,11.7003419446945,8.34083782196045,13.7855514001846
"530005",1994,29.308777346611,20.9679395246506,65.2207179689407,45.4112281417847,22.7056140708923,27.8027927398682,3.12781418323517,17.1450555229187,10.7735821866989,4.40210885047913,33.5950412273407,45.8746080207825
"530005",1995,12.1637218236923,30.8147619533539,38.2288400173187,12.9746366119385,40.7774293518066,8.6883727312088,31.7415217113495,15.0598460674286,7.18238812446594,13.4380164909363,8.224992852211,14.3647762489319
"530005",1996,17.724280371666,27.6869477701187,98.3523793172836,60.8186091184616,41.4724991703033,17.0292105531692,16.7975206136704,30.3513820743561,14.0172413396835,12.858791642189,11.2369620656967,35.216870803833
"530005",1997,37.533770198822,31.6256767416,25.2542034053802,64.7573380899429,27.4552578306198,15.9866058254242,12.1637218236923,30.583072013855,29.6563122558594,15.6390709161758,23.5165288591385,22.2422341918945
"530005",1998,71.5921913051605,38.5763749265671,35.3327157735825,5.44471357822418,47.9598174762726,19.8094898271561,26.1809631633759,30.6989169836044,17.3767454624176,18.5351951599121,36.3753205013275,46.1062979602814
"530005",1999,13.2063265514374,26.5284980726242,16.7975206136704,14.133086309433,26.0651181936264,13.6697064304352,16.5658306741714,30.6989169836044,38.6922198963165,11.2369620656967,20.9679395246506,12.7429466724396
"530005",2000,50.8559417200089,38.1129950475693,53.6362209939957,25.6017383146286,36.1436305618286,12.858791642189,22.8214590406418,14.0172413396835,16.449985704422,19.2302649784088,39.0397548055649,41.5883441400528
"530005",2001,61.3978339672089,32.6682814693451,13.5538614606857,24.5591335868835,40.0823595333099,23.7482187986374,30.3513820743561,10.4260472774506,2.66443430423737,5.44471357822418,9.73097745895386,16.449985704422
"530005",2002,15.8707608556747,18.3035052204132,19.5777998876572,37.0703903198242,7.06654315471649,1.50598460674286,24.0957537078857,19.5777998876572,22.0105442523956,28.4978625583649,51.4351665687561,26.1809631633759
"530005",2003,54.4471357822418,15.9866058254242,76.2259900951385,19.6936448574066,36.0277855920792,25.8334282541275,43.9052435350418,13.4380164909363,20.7362495851517,37.9971500778198,16.9133655834198,10.4260472774506
"530005",2004,42.5151038980484,28.3820175886154,14.4806212186813,22.9373040103912,13.5538614606857,44.6003133535385,16.9133655834198,16.9133655834198,19.3461099481583,20.8520945549011,29.5404672861099,NA
"530005",2005,17.4925904321671,0.233926091019721,9.73097745895386,0.115844969749451,11.3528070354462,0.00472568891076057,4.05457394123077,30.8147619533539,4.98133369922638,14.9440010976791,24.9066684961319,NA
"530005",2006,109.936876292229,64.9890280294418,7.9933029127121,7.9933029127121,7.87745794296265,58.3858647537231,17.2609004926682,24.9066684961319,23.2848389196396,25.7175832843781,3.24365915298462,NA
"530005",2007,40.0823595333099,21.5471643733978,35.216870803833,73.4457108211517,17.9559703111649,18.4193501901627,4.40210885047913,9.03590764045715,NA,16.449985704422,20.3887146759033,59.6601594209671
"530005",2008,11.816186914444,47.4964375972748,50.8559417200089,26.6443430423737,16.1024507951736,18.5351951599121,37.0703903198242,24.674978556633,9.84682242870331,16.2182957649231,23.8640637683868,14.133086309433
"530005",2009,18.4193501901627,23.9799087381363,20.041179766655,59.0809345722198,30.8147619533539,12.0478768539429,12.3954117631912,38.5763749265671,12.2795667934418,7.64576800346374,26.1809631633759,6.02393842697144
"530005",2010,44.0210885047913,8.80421770095825,19.8094898271561,5.32886860847473,30.9306069231033,13.2063265514374,6.13978339672089,8.57252776145935,6.25562836647034,27.2235678911209,11.2369620656967,11.816186914444
"AR000087860",1981,27.6881327133179,12.1193846893311,4.28839765930176,28.2474889297485,12.2126107254028,89.0308644485474,1.86452072143555,2.79678108215332,41.4855860519409,16.7806864929199,3.72904144287109,12.1193846893311
"AR000087860",1982,NA,NA,NA,NA,NA,NA,NA,NA,NA,NA,NA,NA
"AR000087860",1983,19.2045634307861,12.0261586532593,14.9161657714844,38.9684830780029,7.64453495788574,9.50905567932129,0.63417895723744,8.20389117431641,12.9584190139771,0.932260360717773,NA,3.82226747894287
"AR000087860",1984,0.745808288574219,1.49161657714844,99.7518585968018,3.72904144287109,48.7572168655395,11.0938982925415,32.1629824447632,1.86452072143555,19.8571456832886,0.404893240919033,12.3058367614746,NA
"AR000087860",1985,0.714415908624656,7.36485684967041,0.124359757839521,0.0995140455958651,0.788954787252334,NA,0.288071883277444,0.30423182261294,0.142770760601324,0.145911981215517,0.180105427272328,0.885331744816116
"AR000087860",1986,0.448294473660109,0.850793158151717,0.565540825880859,NA,NA,0.47289858971416,0.46925574452329,0.0037301985432876,0.0941873180821684,NA,0.0137905460982985,0.932260360717773
"AR000087860",1987,0.451885793220762,0.714712929254282,3.72904144287109,0.932260360717773,11.6532545089722,2.8900071182251,166.035570243835,46.7062440719604,3.16968522644043,24.1455433425903,12.7719669418335,5.68678820037842
"AR000087860",1988,11.4668024368286,1.39839054107666,0.932260360717773,23.026830909729,1.77129468536377,24.0523173065186,1.21193846893311,155.78070627594,0.466130180358887,8.85647342681885,0.931413730761128,8.01743910217285
"AR000087860",1989,6.89872666931152,0.10209146232413,54.7236831741333,5.59356216430664,6.43259648895264,2.23742486572266,3.07645919036865,42.7907505569458,11.3735764007568,6.1529183807373,12.4922888336182,1.86452072143555
"AR000087860",1990,4.66130180358887,4.1019455871582,2.23742486572266,12.6787409057617,39.6210653305054,13.0516450500488,11.3735764007568,4.75452783966064,3.35613729858398,0.16741267635659,1.39839054107666,2.14419882965088
"AR000087860",1991,0.745808288574219,5.68678820037842,4.19517162322998,15.1026178436279,4.9409799118042,29.1797492904663,83.0643981399536,22.0013445129395,19.4842415390015,12.9584190139771,0.839034324645996,36.5446061401367
"AR000087860",1992,12.4922888336182,24.2387693786621,5.50033612823486,61.8088619155884,139.839054107666,45.4010795669556,1.86452072143555,2.79678108215332,14.2635835189819,8.57679531860352,26.0100640640259,7.08517874145508
"AR000087860",1993,0.839034324645996,4.28839765930176,9.13615153503418,29.8323315429687,22.5607007293701,20.8826320800781,2.14419882965088,1.67806864929199,3.82226747894287,8.39034324645996,11.5600284729004,6.52582252502441
"AR000087860",1994,6.1529183807373,0.745808288574219,22.7471528015137,26.8490983886719,73.9282466049194,101.523153282166,19.2045634307861,1.39839054107666,6.52582252502441,6.52582252502441,13.797453338623,8.76324739074707
"AR000087860",1995,17.0603646011353,7.55130892181396,57.2407861480713,4.1019455871582,13.4245491943359,24.4252214508057,10.3480900039673,7.55130892181396,0.466130180358887,25.1710297393799,1.86452072143555,2.79678108215332
"AR000087860",1996,9.41582964324951,56.12207371521,2.33065090179443,0.279678108215332,5.03420594787598,10.1616379318237,12.7719669418335,9.50905567932129,2.42387693786621,5.59356216430664,4.19517162322998,5.96646630859375
"AR000087860",1997,0.340851017529133,20.8826320800781,63.8598347091675,8.48356928253174,41.858490196228,160.628460151672,37.3836404647827,25.2642557754517,35.7987978515625,14.5432616271973,11.7464805450439,12.7719669418335
"AR000087860",1998,0.466130180358887,5.68678820037842,1.86452072143555,74.3943767852783,35.7055718154907,12.0261586532593,0.687016790260842,6.52582252502441,22.9336048736572,6.05969234466553,17.0603646011353,0.214135317585001
"AR000087860",1999,NA,NA,NA,NA,NA,NA,NA,NA,NA,NA,NA,NA
"AR000087860",2000,NA,NA,NA,NA,NA,NA,NA,NA,NA,NA,NA,NA
"AR000087860",2001,NA,NA,NA,NA,NA,NA,NA,NA,NA,NA,NA,NA
"AR000087860",2002,NA,NA,NA,NA,NA,NA,NA,NA,NA,NA,NA,NA
"AR000087860",2003,20.6029539718628,31.9765303726196,121.939655181885,6.61904856109619,81.8524596710205,25.1710297393799,5.12743198394775,19.9503717193604,5.22065802001953,41.1126819076538,4.66130180358887,8.67002135467529
"AR000087860",2004,0.82764879321443,13.0516450500488,2.61032901000977,9.69550775146484,17.2468166732788,3.82226747894287,40.0871955108643,5.50033612823486,19.4842415390015,2.70355504608154,15.1026178436279,8.57679531860352
"AR000087860",2005,10.7209941482544,1.86452072143555,2.79678108215332,20.4165018997192,20.2300498275757,112.337373466492,24.1455433425903,11.1871243286133,NA,3.26291126251221,NA,11.0938982925415
"AR000087860",2006,1.95774675750732,8.85647342681885,NA,19.670693611145,17.0603646011353,10.9074462203979,21.9081184768677,53.3252926330566,12.8651929779053,11.1871243286133,NA,NA
"AR000087860",2007,NA,NA,NA,NA,NA,NA,NA,NA,NA,NA,NA,NA
"AR000087860",2008,NA,NA,NA,NA,NA,NA,NA,NA,NA,NA,NA,NA
"AR000087860",2009,NA,NA,NA,NA,NA,NA,NA,NA,NA,NA,NA,NA
"AR000087860",2010,NA,NA,NA,NA,NA,NA,NA,NA,NA,NA,NA,NA
"AR000087925",1981,17.9651766633987,36.8814509148598,28.3215726222992,22.1922770547867,14.6891738600731,5.81226303815842,24.3058272504807,5.28387548923492,0.132969604586939,6.12929556751251,0.317032529354095,23.4604071722031
"AR000087925",1982,NA,NA,NA,NA,NA,NA,NA,NA,NA,NA,NA,NA
"AR000087925",1983,26.4193774461746,27.0534425048828,23.0376971330643,14.1607863111496,15.0062063894272,6.657683116436,7.50310319471359,9.08826584148407,13.6323987622261,5.81226303815842,4.22710039138794,16.0629814872742
"AR000087925",1984,45.1242966780663,9.61665339040756,3.69871284246445,0.528387548923492,5.17819797945023,7.82013572406769,27.3704750342369,5.70658552837372,6.8690381360054,9.93368591976166,14.6891738600731,NA
"AR000087925",1985,NA,NA,NA,NA,NA,NA,NA,NA,NA,NA,NA,NA
"AR000087925",1986,NA,NA,NA,NA,NA,NA,NA,NA,NA,NA,NA,NA
"AR000087925",1987,NA,NA,NA,NA,NA,NA,NA,NA,NA,NA,NA,NA
"AR000087925",1988,31.5975754256248,3.17032529354095,0.937948583739554,15.9573039774895,37.0928059344292,36.0360308365822,5.81226303815842,11.6245260763168,2.11355019569397,90.6713033952713,10.5677509784698,3.27600280332565
"AR000087925",1989,46.2867492856979,10.6734284882545,18.0708541731834,12.6813011741638,6.8690381360054,10.1450409393311,31.7032529354095,1.05677509784698,6.44632809686661,10.1450409393311,9.08826584148407,8.34852327299118
"AR000087925",1990,16.485691526413,9.61665339040756,46.7094593248367,28.4272501320839,37.8325485029221,11.5188485665321,12.5756236643791,12.5756236643791,3.27600280332565,16.9084015655518,7.71445821428299,21.029824447155
"AR000087925",1991,14.4778188405037,7.2917481751442,30.0124127788544,16.0629814872742,9.29962086105347,6.34065058708191,16.3800140166283,0.528387548923492,1.90219517612457,3.17032529354095,26.8420874853134,127.869786839485
"AR000087925",1992,5.38955299901962,17.7538216438293,29.9067352690697,16.3800140166283,7.1860706653595,19.5503393101692,8.34852327299118,6.7633606262207,0.74407422831661,19.3389842905998,10.3563959589005,27.1591200146675
"AR000087925",1993,30.3294453082085,17.3311116046906,16.3800140166283,17.9651766633987,0.528387548923492,2.95897027397156,1.69084015655518,18.7049192318916,10.9904610176086,1.05677509784698,2.11355019569397,39.5233886594772
"AR000087925",1994,10.1450409393311,33.7111256213188,23.3547296624184,52.0990123238563,154.817551834583,4.54413292074203,18.4935642123222,6.7633606262207,0.225154583631192,29.0613151907921,64.9916685175896,103.563959589005
"AR000087925",1995,16.2743365068436,8.34852327299118,12.8926561937332,1.05677509784698,25.7853123874664,6.34065058708191,11.201816037178,18.1765316829681,3.17032529354095,4.22710039138794,8.24284576320648,17.0140790753365
"AR000087925",1996,23.8831172113419,46.0753942661285,52.6273998727798,37.1984834442139,20.5014368982315,12.3642686448097,2.11355019569397,3.69871284246445,5.28387548923492,20.7127919178009,12.1529136252403,38.5722910714149
"AR000087925",1997,17.6481441340446,22.5093095841408,3.69871284246445,26.5250549559593,23.2490521526337,42.5880364432335,36.458740875721,10.9904610176086,13.8437537817955,16.2743365068436,13.315366232872,39.5233886594772
"AR000087925",1998,26.8420874853134,43.2221015019417,11.5188485665321,16.0629814872742,66.7881861839294,25.4682798581123,4.22710039138794,4.75548794031143,24.3058272504807,0.528387548923492,31.9146079549789,23.0376971330643
"AR000087925",1999,NA,NA,NA,NA,NA,NA,NA,NA,NA,NA,NA,NA
"AR000087925",2000,NA,NA,NA,NA,NA,NA,NA,NA,NA,NA,NA,NA
"AR000087925",2001,NA,NA,NA,NA,NA,NA,NA,NA,NA,NA,NA,NA
"AR000087925",2002,20.5014368982315,8.13716825342178,33.0770605626106,29.9067352690697,NA,11.3074935469627,NA,25.8909898972511,27.0534425048828,53.6841749706268,25.7853123874664,8.66555580234528
"AR000087925",2003,19.0219517612457,53.3671424412727,32.6543505234718,22.5093095841408,32.3373179941177,28.9556376810074,36.5644183855057,18.4935642123222,12.0472361154556,13.6323987622261,29.2726702103615,81.2660050244331
"AR000087925",2004,9.40529837083817,33.4997706017494,18.916274251461,19.3389842905998,8.03149074363708,34.6622232093811,13.6323987622261,44.9129416584969,4.54413292074203,3.27600280332565,32.7600280332565,34.5565456995964
"AR000087925",2005,29.1669927005768,0.991171880292061,43.7504890508652,20.7127919178009,18.7049192318916,21.1355019569397,9.51097588062286,28.4272501320839,2.95897027397156,28.9556376810074,48.9286870303154,17.7538216438293
"AR000087925",2006,48.2946219716072,17.7538216438293,13.315366232872,17.4367891144752,NA,29.4840252299309,42.05964889431,24.9398923091888,36.2473858561516,10.7791059980392,8.55987829256058,10.3563959589005
"AR000087925",2007,18.8105967416763,14.6891738600731,31.0691878767014,15.3232389187813,19.7616943297386,9.93368591976166,5.07252046966553,NA,32.6543505234718,18.3878867025375,24.200149740696,22.5093095841408
"AR000087925",2008,23.0376971330643,32.7600280332565,33.0770605626106,33.6054481115341,21.4525344862938,15.428916428566,27.3704750342369,18.4935642123222,NA,6.9747156457901,32.0202854647636,7.2917481751442
"AR000087925",2009,25.4682798581123,48.717332010746,13.9494312915802,62.3497307729721,25.0455698189735,16.0629814872742,17.7538216438293,53.5784974608421,12.8926561937332,NA,17.54246662426,3.80439035224915
"AR000087925",2010,19.3389842905998,43.9618440704346,17.859499153614,1.90219517612457,16.2743365068436,11.6245260763168,5.38955299901962,NA,16.0629814872742,10.4620734686852,28.4272501320839,2.21922770547867
